#npart f_downsample c_low c_med c_up c_vel
285 1000.0 5.69648123854 5.76860291084 5.81736254275 6.28247122321
285 1000.0 5.6096444681 5.67649457472 5.74901337311 6.35662379678
285 1000.0 6.19436166862 6.28286773743 6.35668050374 7.35168848737
285 1000.0 7.66830549724 7.74781061715 7.84162812505 9.46649418737
285 1000.0 9.43299041165 9.58577943019 9.64076150211 12.1708810114
285 1000.0 6.67009007509 6.73489942385 6.80767397111 7.84213377347
285 1000.0 10.7223613887 10.8309014136 10.935661697 13.7284910816
285 1000.0 7.28309159113 7.36576274664 7.449545627 10.6370032432
285 1000.0 7.79809687752 7.87128368765 7.93756031518 8.38091001889
285 1000.0 8.27805827101 8.39087197255 8.47901129922 9.3426164122
285 1000.0 5.81321374418 5.88271033154 5.95024787053 6.36671767164
285 1000.0 7.24600869717 7.33089942791 7.38855308327 9.56381542675
285 1000.0 6.26944081487 6.35033332326 6.42365700205 7.18093707314
285 1000.0 7.84096516696 7.92474614722 8.00076321102 8.3898225939
285 1000.0 5.05201871088 5.11202997675 5.18167525525 6.16697212115
285 1000.0 4.58020833819 4.62249730275 4.6786956848 6.91219235062
285 1000.0 7.49244653361 7.59333357196 7.67796155255 9.8737860103
285 1000.0 6.94728522765 7.02297428434 7.09177540897 7.86936448261
285 1000.0 7.05163209673 7.13429987169 7.21851796491 7.5483118251
285 1000.0 4.95426453072 5.00357004234 5.05753493783 5.64830779775
285 1000.0 5.68740926277 5.75572244726 5.79959082505 6.48504969469
285 1000.0 5.63023758017 5.71194341529 5.78466110796 6.35149953181
285 1000.0 5.32827607607 5.37408951294 5.43301628962 7.12433297181
285 1000.0 5.77751771325 5.85656585691 5.91474393168 5.9441713608
285 1000.0 7.43114326732 7.50550370712 7.60062835795 8.64017082206
285 1000.0 5.03246465298 5.07339413529 5.13785907695 6.14299023131
285 1000.0 5.76502824147 5.82638103697 5.8817096321 7.13672623707
285 1000.0 3.91215472882 3.94910272077 3.9917973875 4.40535673636
285 1000.0 7.93132337868 8.01921306733 8.10756812875 9.38886889263
285 1000.0 5.60176099262 5.67200695582 5.72991297783 5.5882493127
285 1000.0 6.50663211111 6.5814830554 6.66073262341 7.68800618863
285 1000.0 7.32616680762 7.40313605756 7.4781820881 8.35421530878
285 1000.0 6.91225252646 7.00916649153 7.06103690553 9.37779965644
285 1000.0 7.0279526505 7.09996484592 7.19784595865 7.4594329252
285 1000.0 6.65413333865 6.72265272202 6.78641298944 8.01903525847
285 1000.0 6.14571077035 6.21594159193 6.27639908799 7.14611329754
285 1000.0 8.6193591587 8.72304610935 8.81102423126 10.4416769359
285 1000.0 5.31077007983 5.35099464984 5.40874773482 6.7181819375
285 1000.0 7.01115343904 7.08965901331 7.16181252989 8.58391506084
285 1000.0 5.12617424803 5.20443664799 5.26696352187 6.27241624771
285 1000.0 6.12623524928 6.2034030274 6.26160330447 6.7490575704
285 1000.0 6.98469635487 7.05749559489 7.16324279537 7.73330557053
285 1000.0 8.34269051836 8.42846917209 8.56853209997 9.43878363234
285 1000.0 5.65029603544 5.72342064551 5.79242530183 6.36947759114
285 1000.0 7.02657325493 7.10171344181 7.17800691688 7.54289376355
285 1000.0 4.75943170431 4.81479663978 4.86911907044 5.86898329486
285 1000.0 5.88779882028 5.93675233112 5.99859845904 8.27618229353
285 1000.0 6.98801600565 7.06954524983 7.1335267971 7.5606004668
285 1000.0 7.1700641434 7.2571831432 7.3554374808 7.29503429549
285 1000.0 8.21263409651 8.28647640616 8.37667792205 9.27856348344
285 1000.0 4.87779193564 4.91718080151 4.97597775843 5.49547124528
285 1000.0 6.44092037107 6.49555954723 6.57589814761 6.90027818532
285 1000.0 8.73170012667 8.8145253546 8.90281256993 9.33623493559
285 1000.0 5.88180174271 5.96025532297 6.03954969467 7.94886800684
285 1000.0 5.66043694175 5.72124581053 5.77731395715 6.85079918238
285 1000.0 6.49694591521 6.57591668305 6.63344928035 7.08893036263
285 1000.0 6.36526398646 6.42906565452 6.50525935736 8.86898287028
285 1000.0 6.36134584048 6.41155420826 6.46351842257 8.51417327459
285 1000.0 5.69290399218 5.75446782131 5.81166935299 7.67588716025
285 1000.0 6.44957648096 6.51148147576 6.59578386346 8.30297336478
285 1000.0 5.975488821 6.03366204202 6.09860237195 5.60591450584
285 1000.0 6.08696496228 6.14700340327 6.18993484679 6.7964357901
285 1000.0 6.89013393944 6.97174826121 7.05271147145 7.88086408635
285 1000.0 6.58381844635 6.67036794751 6.73355413068 7.86527449778
285 1000.0 4.36544353815 4.40937370842 4.44361234198 4.81347498892
285 1000.0 8.49650064455 8.57416784101 8.69101703006 10.0505566543
285 1000.0 7.0679682568 7.16037641117 7.24279309254 9.27255955575
285 1000.0 4.50059791123 4.55261156468 4.59555648715 4.1704829027
285 1000.0 5.70903663815 5.76114531389 5.8318460145 8.6084826365
285 1000.0 3.96682969055 4.01680962308 4.0542977738 4.60939833864
285 1000.0 7.69965729136 7.8260544916 7.90022680071 8.33301110616
285 1000.0 6.17231449698 6.23688560976 6.31127975286 7.7373443047
285 1000.0 5.85652963752 5.90582720868 5.96190447141 6.15326477303
285 1000.0 5.44005992284 5.49274983987 5.54066742106 9.02952990142
285 1000.0 7.49949163454 7.56401279769 7.64418206524 9.02174677553
285 1000.0 5.90720344638 5.98793294428 6.03359759292 6.59015203533
285 1000.0 6.88061359539 6.9603233027 7.01193978612 6.87714359679
285 1000.0 7.30100269051 7.37512085862 7.46190352194 7.47178726252
285 1000.0 8.30900401411 8.4045747673 8.50302291215 8.94909785881
285 1000.0 5.04536488002 5.12224097949 5.16949764921 6.54928884526
285 1000.0 8.43637768915 8.52733245536 8.60732653589 10.7285983228
285 1000.0 6.35356501287 6.4121432346 6.49276473527 7.84842624741
285 1000.0 6.03824438654 6.11571432403 6.18180293758 7.86676765275
285 1000.0 4.78498705901 4.84537182177 4.90370403695 4.91527825969
285 1000.0 6.2696647047 6.3509153012 6.41342198327 6.97695993909
285 1000.0 6.0166167856 6.09104225137 6.16314364339 8.13964059456
285 1000.0 8.20948042913 8.28352384362 8.38654385348 9.34405721929
285 1000.0 7.20051537911 7.29269055048 7.37578379642 9.8639521597
285 1000.0 4.79864243623 4.86347349962 4.9086749303 5.50045078223
285 1000.0 8.00561542973 8.09925268453 8.20971094159 9.0051438322
285 1000.0 5.70788186448 5.79203599104 5.86374708465 8.53950470182
285 1000.0 7.86092662783 7.97063023049 8.10109810188 8.75896737232
285 1000.0 7.21032304669 7.28938564984 7.35076679148 10.0442796022
285 1000.0 5.68604265313 5.73170436126 5.80140032055 6.2645654754
285 1000.0 6.56813286208 6.64242679777 6.71079363372 8.9892808063
285 1000.0 5.54620188883 5.61601835861 5.68381636551 6.47889517454
285 1000.0 8.27432633001 8.39016812929 8.47444557771 9.68540193702
285 1000.0 5.76242208548 5.82412536837 5.8728636758 6.78502805306
285 1000.0 7.03634324449 7.10669573512 7.17685310487 8.25843848733
285 1000.0 5.34148805466 5.39650749307 5.45665431017 6.75925433034
615 464.158883361 6.05849866307 6.08710433444 6.11815980016 6.27390315153
615 464.158883361 6.37094829221 6.39563982398 6.43242887221 6.62492841089
615 464.158883361 6.27389802951 6.29523317782 6.32269665454 7.14176013251
615 464.158883361 6.63510528681 6.6732623895 6.71064705103 6.5388655862
615 464.158883361 5.29860316098 5.32465946546 5.35414808528 5.59402984314
615 464.158883361 6.96457792798 6.99854672335 7.03974856743 8.16632976213
615 464.158883361 7.40856210221 7.4541348461 7.49109800616 7.96969710004
615 464.158883361 6.04768124773 6.08035184475 6.11077972138 6.70252249288
615 464.158883361 7.22577072646 7.26997497552 7.31118651436 7.93471680974
615 464.158883361 5.34042599817 5.37574579203 5.40821403516 6.04167591629
615 464.158883361 7.7961658611 7.82999203526 7.86443273919 9.34449002088
615 464.158883361 5.20605304059 5.23786328648 5.2603746573 6.54715838309
615 464.158883361 5.7375242731 5.7725201172 5.79664453882 6.30918751028
615 464.158883361 7.43422389756 7.46688310415 7.50194692334 7.97951758523
615 464.158883361 6.95552078206 6.99850987857 7.04028670072 7.36743601519
615 464.158883361 6.90582906521 6.94575720306 6.97043012759 7.98187523722
615 464.158883361 7.04734237677 7.0982871341 7.13127287061 7.32532060992
615 464.158883361 6.82834375268 6.87746780949 6.91282372729 8.12183627235
615 464.158883361 6.27800540657 6.31080158129 6.34162018097 7.29698314496
615 464.158883361 7.92889663959 7.97809132755 8.01645909708 8.69073546232
615 464.158883361 5.41759698915 5.44693633127 5.47352280921 6.65396573802
615 464.158883361 8.13438968623 8.18459380428 8.21873881198 10.0903093524
615 464.158883361 6.67591910764 6.71745884331 6.7474142398 8.0229287147
615 464.158883361 6.54047082342 6.57704122847 6.60495373181 6.78973513239
615 464.158883361 7.54179076068 7.58425809981 7.62067706647 8.1390053975
615 464.158883361 6.80246812841 6.83819119281 6.87237563002 7.67849476874
615 464.158883361 6.13672498319 6.17084177999 6.19700803237 6.24502765527
615 464.158883361 6.0813696583 6.11337317464 6.14642051816 6.93485400156
615 464.158883361 6.93833947022 6.97080453294 7.00354403979 7.58170180037
615 464.158883361 8.24250017764 8.29603423477 8.32954974765 7.94720382988
615 464.158883361 6.48254930436 6.50741323808 6.54110382963 7.45058343212
615 464.158883361 5.78350756926 5.81194421988 5.84400672664 6.97432337488
615 464.158883361 6.24756296849 6.28505669615 6.3177178724 7.13612232099
615 464.158883361 6.10424872038 6.14247099659 6.1739700673 7.31485647141
615 464.158883361 7.44286130078 7.4726965134 7.50312482566 8.22058261199
615 464.158883361 5.49302768223 5.52258879765 5.55198117746 5.90126239289
615 464.158883361 5.54928074624 5.57684864118 5.60553058435 6.72425732763
615 464.158883361 6.34649355955 6.38433928603 6.42185760753 7.35213152093
615 464.158883361 6.19806221441 6.23175055156 6.25447635914 6.67184841068
615 464.158883361 6.85878660503 6.89341490281 6.93423582089 7.32266357874
615 464.158883361 7.85228559847 7.89661115016 7.94964119678 8.93277114164
615 464.158883361 7.40653965961 7.45179314973 7.48604712385 8.55190229712
615 464.158883361 6.86824388441 6.89375633676 6.92536442682 7.64823646644
615 464.158883361 6.0583560216 6.0867184358 6.12835902424 7.36865126417
615 464.158883361 6.91985556089 6.95314140756 6.98817370156 7.40715580483
615 464.158883361 6.34205946137 6.38026687323 6.4085750088 7.09420511934
615 464.158883361 7.48655418603 7.53070475424 7.56974797772 8.19835791741
615 464.158883361 5.88519840816 5.91393272315 5.93637801661 6.67076474852
615 464.158883361 8.09668980534 8.14822865469 8.1874520115 8.37477525848
615 464.158883361 6.72814181586 6.75286050965 6.7855763421 6.7579168846
615 464.158883361 5.76820385197 5.7988671103 5.83199645104 6.91604892004
615 464.158883361 5.4111631606 5.44107150808 5.46654150398 6.98017202911
615 464.158883361 5.235252055 5.26257086212 5.29304619876 6.21930776652
615 464.158883361 6.97061537611 7.00607276861 7.04727519045 7.65338413834
615 464.158883361 6.45907491841 6.49127260776 6.51577959725 7.64707241432
615 464.158883361 6.31187135147 6.33862886399 6.3685790581 6.79619665529
615 464.158883361 5.19146347789 5.22709127457 5.25450327621 6.26954331522
615 464.158883361 6.49155077002 6.52067655581 6.54600033248 6.6675318823
615 464.158883361 6.25771668307 6.28510016659 6.32341590309 6.74798601387
615 464.158883361 5.32060039798 5.35337110845 5.38123811641 5.97338955368
615 464.158883361 5.82998435553 5.85466270449 5.89158058036 6.8548285036
615 464.158883361 5.24233169973 5.27445481816 5.30057022337 5.63580031741
615 464.158883361 6.38707237514 6.43151301774 6.46571033293 7.86230127719
615 464.158883361 6.66249153213 6.70112090508 6.73534064051 7.25024526501
615 464.158883361 6.14701747951 6.17527259832 6.20408468864 7.78744327838
615 464.158883361 5.63042372667 5.65842126833 5.68898143984 5.49515073285
615 464.158883361 7.64916123028 7.68541332769 7.71679191665 8.96843763577
615 464.158883361 6.47198072215 6.50654877474 6.54311009065 6.19698353379
615 464.158883361 6.55024873752 6.58899166709 6.61345348705 6.99367438831
615 464.158883361 5.6587027626 5.6883111934 5.71611358858 6.91784348503
615 464.158883361 4.63796546632 4.66168398565 4.68539807989 4.95867366477
615 464.158883361 6.66573726252 6.69749992793 6.73575946483 7.0895192397
615 464.158883361 6.18689332716 6.22121558392 6.24816719862 7.84456947745
615 464.158883361 5.87095835622 5.91005188451 5.94090024575 6.52736420807
615 464.158883361 6.01298265397 6.0511512182 6.07974551541 7.1302862307
615 464.158883361 6.72052382356 6.749685343 6.79137040171 6.63081234672
615 464.158883361 5.78922350413 5.80801304361 5.83167761044 6.33473402462
615 464.158883361 6.86960787895 6.90715425986 6.94138925375 7.38138758646
615 464.158883361 6.04752278805 6.08858748116 6.12271316093 6.31324371615
615 464.158883361 7.62343060584 7.67040870634 7.71347472875 8.37727635565
615 464.158883361 7.00199387122 7.04245944471 7.07396468197 7.46768078954
615 464.158883361 6.42640928695 6.46213552521 6.49026810971 7.05161863576
615 464.158883361 6.93612972069 6.9634481317 6.99908917883 8.25979814968
615 464.158883361 6.36601974853 6.39805886284 6.41459445214 6.44560326172
615 464.158883361 6.88925169231 6.92348701881 6.96554692752 7.56444555824
615 464.158883361 5.82669664082 5.85794013225 5.88412963279 5.27903235089
615 464.158883361 6.05093872583 6.07842440064 6.11078083145 6.9689475071
615 464.158883361 5.83888076016 5.86641622989 5.89606796358 7.329688628
615 464.158883361 6.16738683577 6.19867678519 6.22937796757 6.39291747625
615 464.158883361 5.45626293502 5.48253496768 5.51769298401 5.72271707312
615 464.158883361 7.22477691577 7.25027502448 7.28918991984 7.72728675207
615 464.158883361 7.23129253422 7.26672697333 7.30717315902 8.33791493353
615 464.158883361 6.79099527457 6.83222309643 6.85880951461 8.1729487963
615 464.158883361 6.84513822449 6.88359250009 6.91967371423 7.59519498877
615 464.158883361 5.66018197207 5.69398898961 5.71782931339 7.06944447231
615 464.158883361 6.34544754576 6.37907696634 6.41108825109 6.58245510447
615 464.158883361 7.19906128866 7.23414812359 7.2731929658 7.69220564196
615 464.158883361 7.38841873463 7.42793445319 7.47071821591 8.25521537073
615 464.158883361 5.19143157213 5.22335199092 5.24675656595 6.07167940055
615 464.158883361 5.30248211745 5.33473035993 5.36505153033 5.86998230638
1326 215.443469003 6.16142338932 6.18011426109 6.18983957157 6.85266304658
1326 215.443469003 6.47022990221 6.49208115742 6.50754980588 7.00161635493
1326 215.443469003 6.65523888888 6.67100335518 6.67929107105 6.87480093594
1326 215.443469003 5.55484911986 5.56683555488 5.5792744776 6.08315140598
1326 215.443469003 6.79508375908 6.81035332963 6.82829555043 7.08786485419
1326 215.443469003 7.57624005425 7.59929520883 7.616010292 8.84141591252
1326 215.443469003 5.64282497497 5.65760654897 5.67251709619 6.09650074273
1326 215.443469003 6.57663705319 6.59436811516 6.60765352263 7.35866501652
1326 215.443469003 6.81594744287 6.82985036036 6.842386269 6.26581107408
1326 215.443469003 7.11837836421 7.13419513571 7.15244091132 7.54033880774
1326 215.443469003 5.97466519983 5.99010567745 6.00508399156 6.46281725324
1326 215.443469003 5.96787991963 5.97903696969 5.98944991545 7.09518917752
1326 215.443469003 6.32204301428 6.33696254272 6.34932829098 6.95044909732
1326 215.443469003 6.99033795581 7.01080423427 7.02459219709 8.34569780857
1326 215.443469003 5.5768504579 5.58961648461 5.60345321661 6.26849626265
1326 215.443469003 5.9860329067 6.00324958493 6.02109457822 6.89004406032
1326 215.443469003 6.42756254422 6.4445669531 6.45978211043 6.25934825158
1326 215.443469003 7.49728862692 7.51085750551 7.53513178313 8.49316971227
1326 215.443469003 6.47409073085 6.49570388732 6.51132825854 6.95098992401
1326 215.443469003 7.11795135861 7.13296773512 7.14981680233 7.17948233188
1326 215.443469003 6.74766699959 6.76389762457 6.77809487232 7.13276982377
1326 215.443469003 6.82947015288 6.84743797888 6.86385838815 7.09925712232
1326 215.443469003 6.1583205596 6.18789650401 6.19718685132 7.16681983092
1326 215.443469003 7.01299376085 7.03006829858 7.04321058286 7.36956787101
1326 215.443469003 7.77463176876 7.79803538017 7.81098751613 7.64341615624
1326 215.443469003 7.35797144033 7.37198539613 7.39170442009 7.71620135558
1326 215.443469003 6.8073982182 6.82455052571 6.83761672347 7.42895598801
1326 215.443469003 7.12743469686 7.14623793171 7.16193222209 7.49909320471
1326 215.443469003 6.8207759813 6.84425478332 6.86676727233 6.94737486498
1326 215.443469003 6.19962711969 6.21551634659 6.22588897575 6.5125732008
1326 215.443469003 6.57338105398 6.59135887349 6.60754057355 6.82401775036
1326 215.443469003 6.31558428244 6.33283376198 6.34644403795 7.19008804575
1326 215.443469003 6.58066090892 6.6005405676 6.61437647831 7.68447808093
1326 215.443469003 7.56372415424 7.58638707102 7.60259412103 7.80140600767
1326 215.443469003 5.74939575728 5.76119675635 5.77617101422 6.24915053561
1326 215.443469003 6.90702371078 6.92787064038 6.94871406783 7.43027380781
1326 215.443469003 6.25002801868 6.26752045562 6.28385747041 6.86787813925
1326 215.443469003 7.4555154938 7.47099955606 7.49074133159 7.25682858291
1326 215.443469003 6.39833418414 6.41448109738 6.43098247723 6.74455433554
1326 215.443469003 6.06930111363 6.08730268785 6.10185557107 6.53754343587
1326 215.443469003 6.70054041931 6.71187214362 6.7247345296 7.54340005112
1326 215.443469003 6.80693048031 6.82563496222 6.84870251432 7.64914453633
1326 215.443469003 6.099424569 6.11178600404 6.12683607612 7.23777517975
1326 215.443469003 5.7899167696 5.80479248407 5.81957887052 5.95424967768
1326 215.443469003 6.63152451503 6.65735434655 6.67423684267 7.84890319934
1326 215.443469003 6.80038592074 6.82096448782 6.83715746843 7.89353482862
1326 215.443469003 5.25322396249 5.26974269195 5.28277715078 5.76271828978
1326 215.443469003 7.8606726158 7.87534656089 7.89399417608 8.1353945707
1326 215.443469003 6.90125136916 6.91717512683 6.92919303562 7.58609798021
1326 215.443469003 6.30232123026 6.31367677094 6.3302946431 6.46044947047
1326 215.443469003 6.75596886588 6.76962748681 6.7797355188 7.41829454104
1326 215.443469003 5.73765843414 5.75236893034 5.76361087108 6.46584191248
1326 215.443469003 6.70581454664 6.7181565069 6.73556266538 7.29273435807
1326 215.443469003 6.44147011198 6.4578495173 6.4744417565 6.98919277531
1326 215.443469003 7.51419616342 7.5356549619 7.55089907034 7.92540275082
1326 215.443469003 6.2752910251 6.29136940036 6.303902041 6.83155486013
1326 215.443469003 6.54209582724 6.55934183467 6.57154172626 6.98313560225
1326 215.443469003 6.21941408338 6.22533714364 6.24105443908 6.91469187666
1326 215.443469003 6.64342416427 6.65241835517 6.67096996783 7.1397901533
1326 215.443469003 6.29885576655 6.31459577531 6.32990460326 6.46046395189
1326 215.443469003 6.86054389948 6.87563762984 6.89440631797 8.12881837473
1326 215.443469003 7.14889798547 7.16660883132 7.17992318695 7.43903044582
1326 215.443469003 6.7697229706 6.78787240603 6.79968068226 7.32687345049
1326 215.443469003 5.67594865567 5.69350589182 5.70475521182 5.61810647838
1326 215.443469003 6.49910507839 6.5122935972 6.52468040491 7.04408432403
1326 215.443469003 6.71523241687 6.74268362654 6.75287575673 7.32160574795
1326 215.443469003 6.11500171665 6.12699111995 6.1425838735 6.52389278305
1326 215.443469003 6.91795992282 6.92901463501 6.94505846148 7.09382241566
1326 215.443469003 5.88146965303 5.89578840291 5.90925810473 6.28665368803
1326 215.443469003 7.14791125057 7.16655360656 7.18899924291 8.18667518554
1326 215.443469003 6.87529787328 6.88972977406 6.90661578562 7.99473599585
1326 215.443469003 6.31893329966 6.3446925354 6.35189340305 6.36651958601
1326 215.443469003 7.05894417252 7.0752735561 7.09074129425 7.2531417127
1326 215.443469003 6.56429817928 6.58615092624 6.60085003866 6.88714164658
1326 215.443469003 6.35531753339 6.37631428592 6.3942575591 6.41157777868
1326 215.443469003 6.63120716215 6.64752371709 6.67042083055 6.81473044876
1326 215.443469003 6.17191526769 6.18635033268 6.20245430565 6.64786877371
1326 215.443469003 5.71111344721 5.72488137612 5.73779032194 6.46391220635
1326 215.443469003 7.3466551135 7.36318117171 7.3796807686 7.88676778329
1326 215.443469003 6.13805777077 6.15823816958 6.17486183682 7.4616854509
1326 215.443469003 7.06549480865 7.08603683773 7.10294729045 7.81285644303
1326 215.443469003 6.52267516356 6.5389767538 6.55466070917 7.08751590043
1326 215.443469003 6.6907454572 6.71245836993 6.72701891493 6.71780154312
1326 215.443469003 7.32220789222 7.33347431973 7.35639540082 7.49591435773
1326 215.443469003 7.42213139345 7.4381020634 7.45369204731 8.15202710194
1326 215.443469003 6.32030026852 6.33950150319 6.35133611333 7.05068757128
1326 215.443469003 5.81550417626 5.82965624777 5.84378534546 6.5954964086
1326 215.443469003 7.39493258028 7.41421889511 7.43464977458 7.5910312144
1326 215.443469003 6.34125092354 6.35475062068 6.37060357207 6.50790057873
1326 215.443469003 6.55708297386 6.57361418273 6.59028242118 7.04268452908
1326 215.443469003 6.55532677455 6.57476576743 6.58294069435 6.9774365134
1326 215.443469003 5.75745676804 5.77110307675 5.78613191371 6.63763983786
1326 215.443469003 6.14119823167 6.15533806888 6.16896991971 6.82492266556
1326 215.443469003 7.01897769661 7.03807589029 7.0526121112 7.86880788225
1326 215.443469003 6.2813086496 6.29446107135 6.30643277565 6.66765224842
1326 215.443469003 7.28820361266 7.31968486821 7.32658912411 7.79011914695
1326 215.443469003 6.53756744537 6.55647496358 6.57150246327 7.0427141511
1326 215.443469003 6.1446271056 6.15387343115 6.16719992093 6.4917048968
1326 215.443469003 6.49364258294 6.51404524612 6.53108628854 6.89404073644
1326 215.443469003 6.16242693666 6.17800348796 6.19271454864 6.7439413543
2858 100.0 6.93926521108 6.94765121773 6.9550770691 7.23777816487
2858 100.0 5.96373802152 5.97026604801 5.97520650218 6.00200553201
2858 100.0 6.17315196517 6.17848233536 6.18398288526 6.75943906061
2858 100.0 6.68681979564 6.69457664795 6.70251417911 7.16859326367
2858 100.0 6.54883587338 6.55514067258 6.56581784772 7.22365540282
2858 100.0 7.19695720211 7.20528734135 7.21176519514 8.01007726111
2858 100.0 6.26160244505 6.26753968975 6.27613700146 6.5857347314
2858 100.0 6.42807480851 6.43367496911 6.44030160806 6.45428367083
2858 100.0 6.3494066308 6.35494168038 6.36484303408 6.6131741995
2858 100.0 7.11984488382 7.12726080411 7.13306352023 6.81769283016
2858 100.0 7.03123649812 7.03852537653 7.04575302941 7.12212230188
2858 100.0 6.45444260734 6.46401325259 6.47063452246 6.56686239627
2858 100.0 6.58480019031 6.59549904914 6.600169817 6.71332340995
2858 100.0 6.04794416953 6.05542302101 6.06134729697 6.53579964228
2858 100.0 7.1390818735 7.14759902581 7.15602342769 7.13465330668
2858 100.0 6.19600818974 6.20390139554 6.20909771488 6.75281288523
2858 100.0 6.39360171441 6.40380759781 6.41185178095 7.04348578795
2858 100.0 6.61088398124 6.6201512828 6.62665666212 6.4257570486
2858 100.0 6.40772016558 6.41595167791 6.42456405577 6.86629733147
2858 100.0 6.30218507303 6.31166176313 6.31578478315 7.00248109807
2858 100.0 6.96953667043 6.97880006026 6.98482971017 7.07061812627
2858 100.0 7.21593227451 7.22507062157 7.22996282646 7.30533709075
2858 100.0 6.0910715097 6.10120805237 6.10872529018 6.10550104269
2858 100.0 6.59305993091 6.60179067023 6.60729712649 6.93806840663
2858 100.0 6.58351342262 6.59436334007 6.60066499951 6.27357702211
2858 100.0 6.76510867898 6.77235276854 6.77929630168 7.28014566542
2858 100.0 6.22415631662 6.23249371576 6.24054309903 6.41348875177
2858 100.0 6.94217547781 6.95302415754 6.96030038429 7.25253752753
2858 100.0 6.17134244729 6.1765957946 6.1811201575 6.34873337067
2858 100.0 5.93135958192 5.93845707848 5.94494836611 6.83312445288
2858 100.0 6.94986372292 6.95821949958 6.96616877975 7.6293828977
2858 100.0 7.25301569165 7.26242131162 7.26994355465 7.55505316624
2858 100.0 7.07035759742 7.07837069351 7.08546524496 6.92123079266
2858 100.0 6.38092964759 6.38903078784 6.39535494581 6.58784657615
2858 100.0 6.22301255388 6.22766666973 6.23392983062 6.78440149301
2858 100.0 7.07341135902 7.07961993077 7.08611699409 7.44406577523
2858 100.0 6.50662267932 6.5123308757 6.52003661307 6.64863480137
2858 100.0 6.69009002373 6.69850302331 6.70550809392 7.26173879671
2858 100.0 6.55987249915 6.56774567396 6.5755427811 6.95975204315
2858 100.0 6.26318169731 6.2721586255 6.27745728554 6.63688052612
2858 100.0 6.68473701753 6.69346173826 6.7020357784 6.8936599736
2858 100.0 5.7331869657 5.73939575519 5.74581676984 6.38883862783
2858 100.0 6.14702965068 6.15537300575 6.16161921304 6.58014123315
2858 100.0 6.11293717009 6.12005014823 6.12483504152 6.39727655007
2858 100.0 5.74626326379 5.75250807021 5.75784575019 6.4373902668
2858 100.0 6.79902500715 6.80912166546 6.81589771032 6.98506134772
2858 100.0 6.22057112292 6.23032181584 6.23648675555 6.84291263802
2858 100.0 6.77430693265 6.78139428395 6.78895806495 7.14177844898
2858 100.0 7.13935526978 7.1463850816 7.1564976817 7.88823129668
2858 100.0 6.40863633807 6.41422098047 6.42330206073 7.29096333588
2858 100.0 7.07493050674 7.08037003536 7.0879310971 7.23326255988
2858 100.0 6.15120319823 6.1581924094 6.16650253531 6.4760096374
2858 100.0 6.64168399717 6.65076039868 6.65842563522 6.72170996388
2858 100.0 6.65879894113 6.66785272545 6.67519740951 6.9521085308
2858 100.0 6.39995633454 6.40845877265 6.41341437436 6.72051041
2858 100.0 6.94207722777 6.94952862346 6.95678779033 6.59949960178
2858 100.0 6.38436745699 6.39336231664 6.39987743911 6.54588433673
2858 100.0 6.5706478955 6.57823842387 6.58410512116 7.08275095002
2858 100.0 6.57065448514 6.58057136383 6.58743594957 6.980943078
2858 100.0 6.83366214816 6.84207974793 6.85290396981 7.3576832691
2858 100.0 6.88766359811 6.89733629992 6.90349105693 6.88634039187
2858 100.0 6.4672080594 6.47359450502 6.48037556815 6.76704326939
2858 100.0 6.53588367617 6.54555863815 6.55163752735 6.47226238172
2858 100.0 6.29343352831 6.30174493709 6.30815856353 6.66287531439
2858 100.0 6.73405378328 6.7408379121 6.74516561722 6.76736552591
2858 100.0 7.31368256105 7.32485096806 7.33394875759 7.50828252507
2858 100.0 6.87234737636 6.88132240506 6.88864024665 7.20534747526
2858 100.0 6.27028615455 6.27741722036 6.2835245262 6.98904199068
2858 100.0 5.78082008795 5.78876071706 5.79591901672 6.22067602175
2858 100.0 7.09419473859 7.10258087344 7.11139124972 8.07423614325
2858 100.0 6.82055846187 6.82803343955 6.8340308684 7.18933427655
2858 100.0 6.57812527585 6.58451316367 6.59090368185 6.96640053647
2858 100.0 6.31995039821 6.32610677466 6.33217462418 6.93485076092
2858 100.0 6.69241685587 6.70068557568 6.70624165704 7.13003365004
2858 100.0 6.57442341893 6.58211413796 6.58878389143 6.92261029054
2858 100.0 6.54563991756 6.55208403576 6.55720805466 6.71526528594
2858 100.0 5.91220790507 5.9196880449 5.9261420329 6.43588244696
2858 100.0 6.48096896211 6.48915032896 6.49749685467 6.72292188797
2858 100.0 6.2539337469 6.2636778707 6.26850274835 7.06980633594
2858 100.0 6.55928250274 6.56762572415 6.57472353982 6.99892437015
2858 100.0 6.10955028066 6.11677449138 6.12128433067 6.60032519094
2858 100.0 6.54291619445 6.55400168395 6.56242253007 6.476792623
2858 100.0 6.93860805982 6.94697348574 6.95645343469 7.73707782809
2858 100.0 6.15596764907 6.16192477852 6.16945910458 6.79480956083
2858 100.0 7.11066683436 7.12028317786 7.1275927144 7.53042368215
2858 100.0 6.10116084276 6.11158062603 6.11740764478 6.20704551863
2858 100.0 6.51742336771 6.52385282608 6.53042403811 6.475307426
2858 100.0 6.49292583391 6.5003106067 6.50882260342 7.2199708269
2858 100.0 6.68642731733 6.69384738824 6.7001405519 7.47591647524
2858 100.0 6.89609484645 6.9035211804 6.91315480486 7.19558847159
2858 100.0 6.36611358167 6.37425524593 6.38086174922 6.16597818435
2858 100.0 6.71991289615 6.72753388824 6.73512432543 7.09058367477
2858 100.0 6.26529707975 6.27093925893 6.27744728505 6.26481260017
2858 100.0 6.74916992119 6.75636954378 6.76135204241 7.15952904231
2858 100.0 6.6957532554 6.70498312158 6.71143556016 7.75684131938
2858 100.0 6.70928343593 6.71537414922 6.72360359403 6.39699572524
2858 100.0 7.99899934779 8.01022308336 8.01998738674 8.0342350532
2858 100.0 6.13615883022 6.1457479997 6.15166834408 6.49095878712
2858 100.0 7.16907941854 7.17794494651 7.18733537846 7.24130856958
2858 100.0 6.86164332244 6.8710877834 6.87733117265 7.58439320775
6157 46.4158883361 6.92224119549 6.92604361343 6.92953194838 7.12559526105
6157 46.4158883361 6.42933884164 6.4328030031 6.43533600572 6.89176395759
6157 46.4158883361 6.7407645388 6.74510234913 6.74844074801 6.78082995779
6157 46.4158883361 6.56239779998 6.56697499822 6.57163412234 7.01925059765
6157 46.4158883361 6.76387158589 6.77007108827 6.77423223306 7.00844311799
6157 46.4158883361 6.98639915 6.99042309382 6.99378633639 7.15399637843
6157 46.4158883361 6.55520637501 6.55871378573 6.5614389965 6.67223041472
6157 46.4158883361 6.6344048881 6.63703334032 6.63985273434 7.22050038441
6157 46.4158883361 6.28666188465 6.2907193832 6.2937848909 6.80576270438
6157 46.4158883361 6.48787347905 6.49065809081 6.49462601618 6.96940586915
6157 46.4158883361 6.34075355248 6.34462930138 6.34849782778 6.69104520784
6157 46.4158883361 6.69752190282 6.70142395565 6.70483451473 6.92872210515
6157 46.4158883361 6.51854182886 6.52222736128 6.52598248793 6.57683202292
6157 46.4158883361 6.4291977729 6.43310283141 6.43651781268 6.7787597878
6157 46.4158883361 6.81811124877 6.82173524943 6.82493854828 7.11529552551
6157 46.4158883361 6.69937366911 6.70374252781 6.70762585093 6.92077872787
6157 46.4158883361 6.89547580554 6.8995467877 6.90211675162 6.77031050155
6157 46.4158883361 6.65743405642 6.66172644177 6.66518084487 6.77923820122
6157 46.4158883361 6.47440916675 6.47898717896 6.48156059107 6.95335686865
6157 46.4158883361 6.86119187968 6.86495801928 6.86805793116 7.13636031525
6157 46.4158883361 6.588242583 6.59276083303 6.59589229175 6.97278699762
6157 46.4158883361 6.2727625128 6.27559965767 6.27820492702 6.46681106076
6157 46.4158883361 6.55418886432 6.55689756304 6.55981772303 7.19033281897
6157 46.4158883361 6.68116246425 6.68456982343 6.68790941541 6.93030083211
6157 46.4158883361 6.68231102558 6.68577100174 6.68826430459 6.77231598445
6157 46.4158883361 6.54059964953 6.54302649687 6.54622481472 6.67995421112
6157 46.4158883361 6.65093953233 6.65400527357 6.65725898313 7.00647625319
6157 46.4158883361 6.42805426839 6.43189679537 6.43616556805 6.59252158245
6157 46.4158883361 6.04559809254 6.04876020051 6.05229418163 6.66009846335
6157 46.4158883361 6.6336917616 6.6366848476 6.63942197789 7.03337600517
6157 46.4158883361 6.66304391299 6.67141587442 6.67520276862 7.08662195103
6157 46.4158883361 6.49306435952 6.49737698293 6.49933659383 6.71110511768
6157 46.4158883361 6.41624468088 6.42015797618 6.42369120771 6.81711582071
6157 46.4158883361 6.61932789836 6.62231996362 6.62554249212 7.02058172573
6157 46.4158883361 6.38701398668 6.3903324884 6.39291966193 6.54777820607
6157 46.4158883361 6.81105938297 6.81501805313 6.81947896597 7.17943060182
6157 46.4158883361 6.11816534496 6.12161171151 6.12442390391 6.49729108304
6157 46.4158883361 5.95938239888 5.96258906779 5.96572955582 6.40113953262
6157 46.4158883361 6.69492273718 6.69987553238 6.70342452192 6.91180686189
6157 46.4158883361 6.55702411946 6.55968428318 6.56314498462 7.00820861632
6157 46.4158883361 6.85747304767 6.86187733492 6.86471048194 7.60519087591
6157 46.4158883361 6.52021684199 6.52403466106 6.52715755789 6.79975823494
6157 46.4158883361 6.32514022566 6.32837912138 6.33173114928 6.71766500912
6157 46.4158883361 6.83184885079 6.83594325856 6.83967324153 7.22306051793
6157 46.4158883361 6.74787685514 6.75164671691 6.75504819008 6.94391478188
6157 46.4158883361 6.59775228208 6.60060408154 6.60412574954 7.07175726217
6157 46.4158883361 7.06450274905 7.06892896994 7.07176130902 7.20809489485
6157 46.4158883361 6.53683202803 6.5408256247 6.5439158479 6.92678306977
6157 46.4158883361 6.95675741797 6.9602560029 6.96419411575 7.10455513753
6157 46.4158883361 6.60537000915 6.60951824287 6.61266026415 6.728940929
6157 46.4158883361 6.960961009 6.96455207214 6.9689768412 7.32338999599
6157 46.4158883361 6.63155837037 6.63577577207 6.63968158705 6.87342659406
6157 46.4158883361 6.81906021975 6.82351716615 6.82674551121 7.31867030222
6157 46.4158883361 6.78450165257 6.78829443629 6.79069469003 7.20557290163
6157 46.4158883361 6.74451470925 6.74891599001 6.75246590346 7.15514954885
6157 46.4158883361 6.34856169894 6.35093412667 6.35376817171 6.7313567055
6157 46.4158883361 6.29433152884 6.29809579669 6.30117472043 6.69999384999
6157 46.4158883361 6.54975545225 6.55404926964 6.55732743721 6.85744628339
6157 46.4158883361 6.54972337908 6.55410448595 6.55789797827 7.04018681927
6157 46.4158883361 6.72988683654 6.73448539641 6.73700608224 6.87008019747
6157 46.4158883361 6.43547031458 6.43925267413 6.44228367072 6.74743152942
6157 46.4158883361 6.82801751678 6.83253760652 6.83661785481 7.50717024081
6157 46.4158883361 7.0731156068 7.07688578866 7.08063476502 7.41959875555
6157 46.4158883361 6.535338489 6.53938080595 6.54352482289 6.95681058022
6157 46.4158883361 6.75003083759 6.75396617166 6.75726409383 6.70888284116
6157 46.4158883361 6.65135879684 6.65553816587 6.6584615666 6.93128497122
6157 46.4158883361 6.52241084637 6.52625391507 6.52933643161 6.67569636936
6157 46.4158883361 6.79510284752 6.79894773429 6.80229260198 7.19704074654
6157 46.4158883361 6.65128431946 6.65610600932 6.65960618536 7.04687668853
6157 46.4158883361 6.01299679095 6.01625283803 6.01933857717 6.46160093405
6157 46.4158883361 6.61375974518 6.61740982788 6.62043291044 6.80603877953
6157 46.4158883361 6.38254463635 6.38698246411 6.39033075084 6.77159833242
6157 46.4158883361 6.80257954731 6.8059095597 6.80851301038 6.67853120345
6157 46.4158883361 6.71594910707 6.71815267498 6.72240577164 7.00286303303
6157 46.4158883361 6.68116127656 6.68498945623 6.68802299025 6.66562769787
6157 46.4158883361 6.30024909529 6.30390721787 6.30554413781 6.39966638791
6157 46.4158883361 6.95536572779 6.95852057713 6.96278708347 7.21465046777
6157 46.4158883361 6.48696110268 6.49029455576 6.493555939 6.66549913866
6157 46.4158883361 6.36443609293 6.36815743623 6.37091061169 6.64711259151
6157 46.4158883361 6.98011869803 6.9851520018 6.9880568924 7.3805518853
6157 46.4158883361 6.60281000738 6.60682914522 6.61059717556 6.5751507011
6157 46.4158883361 6.37024514869 6.37521535253 6.37739004478 6.50660348327
6157 46.4158883361 7.1377957186 7.14145456388 7.14546103355 7.21763378181
6157 46.4158883361 6.27641649448 6.28017167631 6.28420375241 6.37853493673
6157 46.4158883361 6.85540027569 6.86151555599 6.86674461442 7.08216205273
6157 46.4158883361 6.42980440424 6.43371659568 6.43690802184 6.74927414614
6157 46.4158883361 7.03783498741 7.04157907352 7.04495103203 7.0003344941
6157 46.4158883361 6.71926454724 6.7228100509 6.72615202936 6.89600427332
6157 46.4158883361 6.36713489817 6.37076077378 6.37452358052 6.56264181874
6157 46.4158883361 6.57504719967 6.57896975498 6.58275770527 6.61020787706
6157 46.4158883361 6.25392336203 6.25779328514 6.26042960908 6.49515876204
6157 46.4158883361 6.67174978669 6.67550963772 6.67898183928 6.91978156285
6157 46.4158883361 6.59175205924 6.59596638854 6.60067396223 6.90462166273
6157 46.4158883361 6.7924298889 6.79639477213 6.79954585928 7.00465944627
6157 46.4158883361 6.70424729043 6.70912694758 6.71204703387 7.09779127057
6157 46.4158883361 6.48268026639 6.48535188475 6.48877065493 6.83547496575
6157 46.4158883361 6.57825066622 6.5819674491 6.58646015117 7.06129705418
6157 46.4158883361 6.40327039994 6.40609209917 6.40968465438 6.86854243979
6157 46.4158883361 6.62229182428 6.62697577168 6.63042723795 7.08779661235
6157 46.4158883361 6.27947575022 6.28258779561 6.28641671751 6.62731629392
13265 21.5443469003 6.42313917718 6.42525221951 6.42647483072 6.40940127437
13265 21.5443469003 6.98824683719 6.99001646122 6.9916968332 7.25792805965
13265 21.5443469003 6.59578280392 6.5975713352 6.59895666394 6.63838506549
13265 21.5443469003 6.67277000439 6.67463907171 6.67581195479 6.96098617014
13265 21.5443469003 6.65671682035 6.65841148757 6.66030892411 6.89622093601
13265 21.5443469003 6.61932170276 6.62125615124 6.62243829368 6.7856724484
13265 21.5443469003 6.40992334857 6.41204123965 6.41390427236 6.48868432427
13265 21.5443469003 6.49860199834 6.50001624839 6.5015618453 6.93543628931
13265 21.5443469003 6.51933646079 6.52085237838 6.52235408822 6.59772943807
13265 21.5443469003 6.76484801518 6.7674526601 6.76898620492 7.01808304975
13265 21.5443469003 6.63058083655 6.63222694656 6.63344042747 6.98381964939
13265 21.5443469003 6.62874588488 6.63057060993 6.63287089734 6.67770241288
13265 21.5443469003 6.63881874888 6.64085555197 6.64163522322 6.72534347859
13265 21.5443469003 6.5229694702 6.52468188485 6.52591458764 7.01503136424
13265 21.5443469003 6.59800841611 6.59978989001 6.600904938 6.83353578134
13265 21.5443469003 6.5704279838 6.57191335631 6.57359163856 6.85801298104
13265 21.5443469003 6.55617777975 6.55760703326 6.55902100644 6.92105411145
13265 21.5443469003 6.38834383232 6.38983058656 6.39134769915 6.69345760476
13265 21.5443469003 6.76817090084 6.77064855721 6.77248366128 6.84027749579
13265 21.5443469003 6.75509134146 6.7571449604 6.75872659275 7.0393189261
13265 21.5443469003 6.93085336698 6.93248584255 6.93438286409 6.97305544219
13265 21.5443469003 6.47524190179 6.47732347361 6.47883579922 6.71425172329
13265 21.5443469003 6.93974479124 6.94252711156 6.94478669566 7.15770850098
13265 21.5443469003 6.3406486387 6.34560952163 6.34721086674 6.57671859999
13265 21.5443469003 6.52305827196 6.5248018807 6.52604480217 6.84718665723
13265 21.5443469003 6.67589007418 6.67841770341 6.68006991185 7.02382371086
13265 21.5443469003 6.78090079459 6.78268098554 6.78455371576 6.84736978916
13265 21.5443469003 6.43559302174 6.43838629279 6.43953126416 6.82468706076
13265 21.5443469003 6.72011674693 6.72188003657 6.72355128473 6.86327794171
13265 21.5443469003 6.73526428811 6.73646003838 6.73782215077 6.90527728035
13265 21.5443469003 6.43611400324 6.43822540181 6.43948252739 6.66973577636
13265 21.5443469003 6.77153088309 6.77302155352 6.77441244148 7.01659491134
13265 21.5443469003 6.47806847254 6.47953537308 6.48128958579 6.46718851981
13265 21.5443469003 6.7306896528 6.73328359401 6.73512069916 7.03354369898
13265 21.5443469003 6.66446305645 6.66614321606 6.66795290067 6.82852174387
13265 21.5443469003 6.59342120113 6.59506769129 6.59633997785 6.8096113331
13265 21.5443469003 6.63016985414 6.63201311041 6.63407065643 6.88511337495
13265 21.5443469003 6.61061864612 6.61309826525 6.61432876428 6.99774019766
13265 21.5443469003 6.31656385148 6.31839551772 6.32032533788 6.6994960344
13265 21.5443469003 6.48912304003 6.49157161599 6.49340698987 6.64857469532
13265 21.5443469003 6.81213825818 6.81372975854 6.81544455423 6.59031747098
13265 21.5443469003 6.61128091873 6.61365404132 6.61551584941 6.71972879289
13265 21.5443469003 6.79758111704 6.79897737213 6.80057575765 7.18706961871
13265 21.5443469003 6.58190027173 6.5835104105 6.58507952851 6.79369021412
13265 21.5443469003 6.79295779172 6.7948989441 6.79634206557 7.08541006372
13265 21.5443469003 6.74049858927 6.74252300307 6.74433348947 6.93329218152
13265 21.5443469003 6.66809986847 6.66965811539 6.67099095812 6.74407144517
13265 21.5443469003 6.42340814739 6.42522260325 6.42586179099 6.70874415944
13265 21.5443469003 6.40575907712 6.40788213193 6.4094447887 6.85575004968
13265 21.5443469003 6.66818221221 6.66996293973 6.67177472292 6.9066037049
13265 21.5443469003 6.59532820085 6.59750472695 6.59954847808 6.61977989238
13265 21.5443469003 6.73342742435 6.73495428013 6.73667474056 7.02554809062
13265 21.5443469003 6.50856962605 6.51087355528 6.51258721529 6.99136933776
13265 21.5443469003 6.46483114619 6.46615304022 6.46801993051 6.4946870294
13265 21.5443469003 6.5484164771 6.55036197893 6.55169638043 6.80622779295
13265 21.5443469003 6.79770029984 6.79991532536 6.80160928878 6.88154903174
13265 21.5443469003 6.72987563041 6.73161135748 6.73372279236 6.83629920158
13265 21.5443469003 6.93011595916 6.93189862399 6.93385629495 6.95970175663
13265 21.5443469003 6.75701952982 6.75931851136 6.76097995101 7.1422571821
13265 21.5443469003 6.85437394708 6.85635910463 6.8581951718 7.03219009157
13265 21.5443469003 6.42994740389 6.43145259385 6.43342816378 6.68019883359
13265 21.5443469003 6.68322823484 6.68517959626 6.6867541765 7.0625922575
13265 21.5443469003 6.77682086402 6.77858379506 6.78012932044 6.94945534885
13265 21.5443469003 6.64919019752 6.65053935257 6.6522851517 6.88713616223
13265 21.5443469003 6.88391691264 6.88574697924 6.8880473902 6.94730306377
13265 21.5443469003 6.21813809624 6.22025403838 6.2215985727 6.57455066207
13265 21.5443469003 6.37203151003 6.37417653071 6.37591112018 6.58985626924
13265 21.5443469003 6.65132415753 6.6543945226 6.65617915904 7.00848552019
13265 21.5443469003 6.77431762498 6.77645017569 6.77803336735 6.97988682867
13265 21.5443469003 6.57177096723 6.57390878709 6.57546605708 6.66553885333
13265 21.5443469003 6.86506953831 6.8662800726 6.86799344099 7.05856119791
13265 21.5443469003 6.8291723789 6.83069299946 6.83242642257 7.02629350877
13265 21.5443469003 6.71763567431 6.71992210013 6.72174343594 7.02769069022
13265 21.5443469003 6.58499558695 6.58666367337 6.58783387006 6.85512569491
13265 21.5443469003 6.34518383757 6.34736081704 6.34909039182 6.52499238974
13265 21.5443469003 6.58336770162 6.58470852119 6.58627321045 6.6945599857
13265 21.5443469003 6.90403075122 6.90629255657 6.9076763114 7.05067001674
13265 21.5443469003 6.65557920941 6.6569972414 6.65822271128 7.13274330047
13265 21.5443469003 6.78240434561 6.78378411326 6.78590488542 7.02836405157
13265 21.5443469003 6.8271759635 6.8286637791 6.82981860956 7.01233372934
13265 21.5443469003 6.56455705833 6.56622211236 6.56817664317 6.57367489305
13265 21.5443469003 6.9877099489 6.99012608654 6.99190712731 7.46056146484
13265 21.5443469003 6.53171371662 6.53327269635 6.53481270575 6.77340669929
13265 21.5443469003 6.61013748124 6.61175190525 6.61359836389 6.71922105553
13265 21.5443469003 6.6784062715 6.6802335101 6.68154853953 6.92107579126
13265 21.5443469003 6.43807692777 6.43954790709 6.44130303556 6.70445341585
13265 21.5443469003 6.6052621067 6.60696585112 6.60806255261 6.57517846176
13265 21.5443469003 6.53367510158 6.53619977168 6.53754146717 6.62641391659
13265 21.5443469003 6.70803394246 6.7095935975 6.7115839956 6.98293211591
13265 21.5443469003 6.95118413372 6.95293072986 6.95441188464 7.26103177275
13265 21.5443469003 6.60843352299 6.61051327666 6.61208287041 6.97649341971
13265 21.5443469003 6.65728141508 6.65885849463 6.66025469235 7.07957913458
13265 21.5443469003 6.43079608157 6.43340425998 6.4347147725 6.45730205085
13265 21.5443469003 6.7894750977 6.79073211526 6.79327628101 6.8493317033
13265 21.5443469003 6.5888182227 6.59114301753 6.59216964014 6.83089000136
13265 21.5443469003 6.57368338699 6.57524399759 6.57585829967 6.84195975973
13265 21.5443469003 6.47158763407 6.47341401589 6.47490088552 6.63129080352
13265 21.5443469003 6.67134270405 6.67290242157 6.67464815326 7.02874876808
13265 21.5443469003 6.65752812563 6.6593327446 6.66089013952 6.76885153594
13265 21.5443469003 6.49517040877 6.4970745561 6.49844907669 6.74368200434
28580 10.0 6.76782363846 6.76872466589 6.7694623778 7.05516968334
28580 10.0 6.77057456826 6.77140566865 6.77211919092 6.99504240433
28580 10.0 6.71446421903 6.71542940989 6.71629343194 6.91308660439
28580 10.0 6.66313908238 6.66391462702 6.66504400864 6.76120471239
28580 10.0 6.72563553712 6.72642821077 6.72715213247 6.80230728991
28580 10.0 6.6168626175 6.61789390888 6.61862114659 6.89286454994
28580 10.0 6.6739854833 6.67496986825 6.6756516681 6.78882398148
28580 10.0 6.73159269495 6.73274979985 6.73313726066 7.10336535854
28580 10.0 6.54720827713 6.54825719641 6.549153348 6.85034771586
28580 10.0 6.5753116365 6.57648785736 6.57723844902 6.84176692962
28580 10.0 6.71487388269 6.71569249307 6.71669436216 6.91171333811
28580 10.0 6.7413308002 6.74203172988 6.74263226341 7.03831418275
28580 10.0 6.54971592175 6.55056830815 6.55131901008 6.68167284092
28580 10.0 6.41841852678 6.4192273914 6.42007116367 6.53659144193
28580 10.0 6.55273060907 6.55352849767 6.55409170496 6.72094640223
28580 10.0 6.61297502035 6.61400077743 6.61485022241 6.8879956192
28580 10.0 6.50333972942 6.50400894394 6.50457536109 6.50957077899
28580 10.0 6.61231053098 6.61319542837 6.61399673991 6.77818760796
28580 10.0 6.69677150752 6.69771694103 6.69838029686 6.90051847964
28580 10.0 6.71776180477 6.71881896158 6.71966629627 6.8864487519
28580 10.0 6.56259609375 6.56331827724 6.5639649403 6.6892838908
28580 10.0 6.73639337299 6.7370889523 6.73784075021 6.93641462988
28580 10.0 6.66777955644 6.66857337115 6.66941498243 6.85993748156
28580 10.0 6.59281269483 6.59371964646 6.59471414544 6.74582929942
28580 10.0 6.78708487638 6.78819664176 6.78910484332 6.92055272091
28580 10.0 6.63955764601 6.64035794783 6.64117274017 6.85221067907
28580 10.0 6.50642077136 6.50708897179 6.50795685275 6.67480300092
28580 10.0 6.56250044424 6.56313314897 6.56399457862 6.80095419153
28580 10.0 6.57642356482 6.57735515706 6.57799145913 6.83945643233
28580 10.0 6.68976250237 6.69085928826 6.69148614358 6.79846991488
28580 10.0 6.64405398377 6.64482322292 6.6455493547 6.80604830334
28580 10.0 6.51799239682 6.51879726863 6.51967399957 6.69234925828
28580 10.0 6.59251597746 6.59333993194 6.59398508441 6.76160527057
28580 10.0 6.40124053374 6.40216721931 6.40271471532 6.64200780204
28580 10.0 6.56459503468 6.56559922496 6.56642046097 6.71349768217
28580 10.0 6.54510420449 6.54594572139 6.54682374003 6.9209254275
28580 10.0 6.67741298799 6.67864420414 6.67929030483 6.99333679494
28580 10.0 6.40692530318 6.40775515881 6.40861133841 6.6582848977
28580 10.0 6.53442800188 6.53559119937 6.53601808732 6.81684006895
28580 10.0 6.74119692761 6.74197480476 6.74283358026 6.97662429933
28580 10.0 6.66619619729 6.66723042634 6.66796353235 6.98247668719
28580 10.0 6.65457093985 6.65531134812 6.65599316881 6.82428976823
28580 10.0 6.74163857082 6.74249461406 6.7431074942 6.9420253694
28580 10.0 6.52110774806 6.52193552128 6.52256130401 6.78677156969
28580 10.0 6.78070205238 6.78160771168 6.78223701858 6.91275306425
28580 10.0 6.55546929352 6.55649820295 6.55718186849 6.57183510099
28580 10.0 6.54317306675 6.54450989605 6.54529314954 6.96401404041
28580 10.0 6.69203992375 6.69295448814 6.69359044994 6.99958842632
28580 10.0 6.64358058326 6.64507954614 6.6456673081 6.85211618482
28580 10.0 6.50634965497 6.50717649596 6.50787884934 6.76521016824
28580 10.0 6.52031282488 6.52130707944 6.52195104759 6.8748995203
28580 10.0 6.72665779892 6.72747645807 6.7283205789 6.81227902848
28580 10.0 6.72983910627 6.73064797013 6.73124365436 7.06479317517
28580 10.0 6.50154970735 6.50250115549 6.50321738718 6.74155267688
28580 10.0 6.5265833909 6.52737884062 6.52817993997 6.8234633541
28580 10.0 6.59033930899 6.59115938213 6.59193575468 6.83644408049
28580 10.0 6.78552257283 6.78656751505 6.78730107494 6.93749711777
28580 10.0 6.56645676688 6.56723005859 6.56787474026 6.77584762418
28580 10.0 6.67667297611 6.67763982 6.67851676315 6.98764473678
28580 10.0 6.52106858955 6.5219394756 6.52261464236 6.67277401235
28580 10.0 6.46251021535 6.46309635681 6.4637832553 6.76513936616
28580 10.0 6.51415979481 6.51517957166 6.51589973301 6.569996612
28580 10.0 6.81811620441 6.81910128541 6.81996348172 7.02076491669
28580 10.0 6.50453181557 6.5055473915 6.50616378261 6.75032099387
28580 10.0 6.47674681722 6.47774535444 6.47835367224 6.92895512427
28580 10.0 6.88863472625 6.88978453497 6.89045621468 7.06809141449
28580 10.0 6.68584540772 6.68644275542 6.68733118191 6.94061960544
28580 10.0 6.5822985931 6.58344128311 6.58390986017 6.91798714741
28580 10.0 6.89639822913 6.89711801291 6.89799574866 7.03637239025
28580 10.0 6.43415849676 6.43489048793 6.43559218961 6.62639690374
28580 10.0 6.60475621653 6.60603265251 6.60646042788 6.75237274672
28580 10.0 6.60580562492 6.60654834438 6.60718089241 6.75016733985
28580 10.0 6.55274249772 6.55359750761 6.55434570681 6.90619190748
28580 10.0 6.59255679721 6.59328707516 6.59385263872 6.68700560589
28580 10.0 6.65756449121 6.65825533938 6.65900056629 6.8905488306
28580 10.0 6.73244111359 6.73304507946 6.73383443465 6.90880425253
28580 10.0 6.79030321153 6.7913004238 6.79187638165 6.8843331673
28580 10.0 6.52969211987 6.53061432048 6.53123393044 6.90436032876
28580 10.0 6.65166893395 6.6524152634 6.65331265419 6.87982036192
28580 10.0 6.7016410511 6.70283264766 6.70366028965 6.94836021501
28580 10.0 6.69186894216 6.69262325431 6.69330013629 7.02571624721
28580 10.0 6.66593992062 6.66695343405 6.66773613145 6.80639263868
28580 10.0 6.76137570637 6.76238248609 6.76307404024 6.88011298587
28580 10.0 6.63519928685 6.63601540008 6.63668732449 6.79743273754
28580 10.0 6.72165713882 6.72275983891 6.72371049098 6.81564027691
28580 10.0 6.65536418127 6.65636146908 6.6571430201 6.87171391304
28580 10.0 6.63574497003 6.63650239618 6.63713004818 6.87729414885
28580 10.0 6.79572955758 6.79627621542 6.79709814808 6.98704775913
28580 10.0 6.71665335914 6.71761452283 6.7184171121 7.05505639716
28580 10.0 6.53056670859 6.53163712683 6.53232510562 6.82449036484
28580 10.0 6.75550600406 6.75640762474 6.75704306831 6.9387908078
28580 10.0 6.52926729865 6.53021397548 6.53090689205 6.75638496745
28580 10.0 6.68796923895 6.68879642113 6.68954617823 6.99916632518
28580 10.0 6.67882458879 6.67956613723 6.68032802207 6.87721123901
28580 10.0 6.59759465347 6.59891676824 6.59959831969 6.73536666076
28580 10.0 6.61658421843 6.61718304883 6.61807260703 6.89214383684
28580 10.0 6.56072053927 6.56160116992 6.56249843448 6.67288566974
28580 10.0 6.68323770135 6.6840630351 6.68481286668 6.78769634245
28580 10.0 6.64516614054 6.64598342861 6.64680303747 6.8068423926
28580 10.0 6.55376045957 6.55477314759 6.55538626181 6.88913176396
