#npart f_downsample c_low c_med c_up c_vel
309 1000.0 5.10011843825 5.1489382242 5.19149516347 6.35714075794
309 1000.0 5.05162801014 5.0927378009 5.13099373208 4.95915377687
309 1000.0 5.10878236974 5.13034126933 5.17891843216 5.57344232848
309 1000.0 5.66445738377 5.72097374431 5.78372745489 6.46623395919
309 1000.0 6.89467131057 6.94960896517 7.01353885482 6.77155197838
309 1000.0 7.13232431783 7.25711699112 7.32435382183 7.0529087646
309 1000.0 6.01110108132 6.07147777658 6.12185871747 7.41943045103
309 1000.0 5.56365255235 5.62563288828 5.67189519048 6.02221980245
309 1000.0 7.708329108 7.79690522085 7.86633466778 8.08505303341
309 1000.0 6.58318127836 6.63672056866 6.70846638295 7.95136545385
309 1000.0 5.1255179158 5.18731365998 5.23649721442 6.19279117395
309 1000.0 4.79038508036 4.84142177401 4.8629752112 6.312661611
309 1000.0 6.17887468785 6.26282849585 6.31838454927 7.18373094764
309 1000.0 6.58246339825 6.63973284362 6.69773078907 6.3182397941
309 1000.0 4.87804562785 4.92001765708 4.98548302959 6.18154270023
309 1000.0 6.78928618375 6.87600831617 6.96277008301 6.75665760139
309 1000.0 6.03004542802 6.09294026609 6.14589249115 7.02302022088
309 1000.0 6.14301612442 6.20442786179 6.27922070722 5.7570600748
309 1000.0 4.55846711957 4.60526963524 4.64468355489 5.85519227256
309 1000.0 4.85546881584 4.91854720487 4.96782382951 5.29882421135
309 1000.0 5.66571630077 5.72182594739 5.77230470873 6.82196345052
309 1000.0 6.56457608068 6.62719164894 6.68568332296 7.09781537818
309 1000.0 6.19967820953 6.26639434656 6.31480779254 7.22226030831
309 1000.0 5.81844355408 5.89307175037 5.95117019953 6.27329016989
309 1000.0 6.39987162724 6.45321494053 6.51725183249 6.6459456703
309 1000.0 6.48447485213 6.54613844477 6.6177508982 6.67608516939
309 1000.0 4.70197097469 4.73526286933 4.77107428241 5.87831125657
309 1000.0 5.6316337808 5.69087313315 5.74744525126 5.83527979305
309 1000.0 5.38207304782 5.44297855496 5.50413008092 5.65418198659
309 1000.0 5.40010939973 5.44311698785 5.49134445093 6.92677368971
309 1000.0 5.81699756632 5.86574541159 5.92316738814 7.02534661803
309 1000.0 7.44331858053 7.52449799324 7.60452033319 7.43515125415
309 1000.0 6.30235149604 6.37276834742 6.4556018634 7.46195181167
309 1000.0 5.70331421265 5.77442906554 5.83614466739 5.55947761974
309 1000.0 5.81096937114 5.86916962521 5.924451019 6.47622981941
309 1000.0 5.92675832061 5.98975845407 6.05725960906 5.86152052222
309 1000.0 7.37539823709 7.45973027122 7.54833883263 7.75006559033
309 1000.0 4.69197116545 4.73545006326 4.77783310407 5.68968236793
309 1000.0 7.00298252901 7.07180618392 7.12388882051 6.4208837136
309 1000.0 4.60285025084 4.64350079333 4.68475977864 5.07942521362
309 1000.0 7.0045389465 7.0758141371 7.14645628746 8.70966106632
309 1000.0 7.5786038879 7.66124357682 7.73021759586 8.76689314564
309 1000.0 5.7410412114 5.78684636503 5.84858032507 6.36966388254
309 1000.0 8.92596555569 9.02697443786 9.11713532353 9.74446823452
309 1000.0 6.11832421451 6.16843965411 6.23910515073 7.07467245578
309 1000.0 7.13733936916 7.20996737895 7.28575720843 7.87676051336
309 1000.0 5.22711368045 5.27448267174 5.33175102926 7.22055563236
309 1000.0 4.91935176317 4.96283069215 5.01493626381 5.59075181803
309 1000.0 5.31275003293 5.35680465327 5.40664352604 7.87932437255
309 1000.0 5.19706261255 5.24610699598 5.30705657472 6.19467995891
309 1000.0 4.11866569639 4.17146506299 4.20834348438 3.88856853196
309 1000.0 4.27317457165 4.32165082229 4.37262380324 4.96718443615
309 1000.0 4.12392409574 4.1579426191 4.20110182193 4.46895156598
309 1000.0 5.5235617015 5.56887049825 5.62589013589 6.29292986801
309 1000.0 5.53367140391 5.56908461098 5.64781326699 6.16719369829
309 1000.0 5.14286743115 5.19962861609 5.2510232011 5.75987741436
309 1000.0 5.1421501155 5.20229083486 5.25306524817 6.64990994546
309 1000.0 6.75613518884 6.83910126698 6.91716483157 7.04573217408
309 1000.0 6.43083090709 6.50229967656 6.55926740609 7.20365393932
309 1000.0 8.20103205803 8.29165674625 8.34863823856 8.16459561158
309 1000.0 4.21972732764 4.26798483364 4.31037256628 4.70975503731
309 1000.0 6.88961775745 6.95419320686 7.04458281069 7.12190003165
309 1000.0 4.31982833282 4.36697298126 4.4177975134 5.92095854461
309 1000.0 6.3283951283 6.39987045722 6.46056221646 6.74070629778
309 1000.0 7.15844447383 7.24372486968 7.31504072348 8.01346245681
309 1000.0 4.93154342192 4.98876242979 5.03484059801 5.02696497545
309 1000.0 5.80563423956 5.85694923342 5.91889816911 6.75067542479
309 1000.0 6.04648731907 6.09642660276 6.16307050838 6.22757090714
309 1000.0 5.72919095641 5.77964020074 5.82723165509 6.82359294426
309 1000.0 5.69482522799 5.75581241475 5.82274697279 6.72884566804
309 1000.0 4.44292040402 4.4945893119 4.52624418543 4.75562929409
309 1000.0 4.74110595964 4.78368057287 4.82528567892 6.10760241056
309 1000.0 7.66522565026 7.74673168319 7.82575969488 8.46524135277
309 1000.0 4.2531014564 4.28535115202 4.31954675746 5.97248766455
309 1000.0 5.28308929024 5.334628735 5.38230988328 5.14967753359
309 1000.0 5.97378343443 6.04215249957 6.09903278917 6.8399778761
309 1000.0 5.6851046064 5.73805526312 5.7962179937 6.20698796049
309 1000.0 6.52624302501 6.59668139998 6.67865199781 7.49863937917
309 1000.0 5.78606819376 5.86150483136 5.94634911717 7.13142234822
309 1000.0 4.59364842415 4.64602587122 4.69383428801 4.66030339733
309 1000.0 7.35634394302 7.42871265613 7.5088336738 8.99082161432
309 1000.0 3.6548407244 3.69272011342 3.72910604969 5.42328109865
309 1000.0 4.92184388617 4.9732861685 5.02217387178 6.25695096948
309 1000.0 6.67171484017 6.75313533099 6.8200035883 6.933685485
309 1000.0 4.84624323946 4.91180089187 4.95678951331 5.28148148931
309 1000.0 5.48282707898 5.54669095917 5.59910981763 5.2578081848
309 1000.0 6.49607862072 6.54314533804 6.61774472928 7.16966618145
309 1000.0 5.67800208701 5.75402618136 5.81128977009 5.77211061321
309 1000.0 5.9073389869 5.97009804745 6.03541589364 6.51921223977
309 1000.0 5.31983860033 5.38743435343 5.44713062044 5.35020163222
309 1000.0 5.93658000213 6.0103630851 6.05323068851 7.50390895591
309 1000.0 6.22069646484 6.29158463779 6.35163085495 7.40365823299
309 1000.0 6.21597633129 6.26570428205 6.3257196923 7.11143994119
309 1000.0 5.30686787764 5.37906844755 5.42101277456 6.61940283491
309 1000.0 7.7705750212 7.87684714956 7.96722424504 7.81304631755
309 1000.0 6.47955790861 6.56950501713 6.63877405366 7.03921942974
309 1000.0 5.08965235459 5.13599479966 5.18871258294 6.2013485916
309 1000.0 5.47684641362 5.56200520236 5.61868266413 6.22895845701
309 1000.0 6.11972700323 6.18166737418 6.24641341165 7.96370927039
309 1000.0 6.61687643519 6.68634203487 6.73418206744 6.75868445388
666 464.158883361 7.29544995419 7.33146708449 7.36873029844 7.65805835538
666 464.158883361 6.69058422499 6.72186342439 6.75492323962 6.84439138298
666 464.158883361 4.78926901698 4.80717033101 4.83253887979 5.2847276424
666 464.158883361 6.38652863503 6.41585481819 6.45048385713 6.24779814971
666 464.158883361 6.69311601174 6.7231045147 6.74315769953 6.72235588648
666 464.158883361 6.42120460517 6.4524793579 6.48364910708 6.47184031784
666 464.158883361 5.41743860291 5.43543606598 5.45851020286 5.92132437433
666 464.158883361 5.96202893112 5.99554274014 6.02313400364 6.34578385618
666 464.158883361 6.68188301814 6.71955500178 6.75063914657 6.24687926345
666 464.158883361 5.62627561534 5.66350265148 5.69617470238 5.27640250936
666 464.158883361 6.52637650923 6.57201231779 6.60618180755 6.60510191078
666 464.158883361 6.13774400684 6.172037747 6.19428258268 7.41632367029
666 464.158883361 6.69126675454 6.72318433521 6.75380426107 7.41608197207
666 464.158883361 6.4875956998 6.51770688783 6.54802995562 6.89753925857
666 464.158883361 5.31766461991 5.34880594161 5.37244786674 5.47531517207
666 464.158883361 6.15789129271 6.19473425015 6.21470662759 6.48697973328
666 464.158883361 5.07773442529 5.10574813131 5.12792298231 5.31355626023
666 464.158883361 5.79055818421 5.83463091325 5.86608420946 5.7141895551
666 464.158883361 5.37186967333 5.39386791103 5.41668988277 5.809813989
666 464.158883361 6.11192654428 6.13920484557 6.16665078554 7.12932858489
666 464.158883361 6.49030379716 6.52812032499 6.54639585057 6.12827883264
666 464.158883361 6.70335380155 6.73878460591 6.77790465243 7.39390024194
666 464.158883361 6.54433847558 6.56992733683 6.59922226264 7.26263482854
666 464.158883361 5.30322699921 5.33129831313 5.3499183458 5.81987622941
666 464.158883361 5.76054164417 5.78461965442 5.81166887762 6.53694640366
666 464.158883361 6.34512201762 6.3800269223 6.41064157064 5.85723265117
666 464.158883361 4.54359240355 4.57376346865 4.59712975741 4.7814237783
666 464.158883361 6.23909775207 6.26259620427 6.28953673926 6.32324081851
666 464.158883361 6.07805539592 6.10910889725 6.13910966329 5.81457053153
666 464.158883361 5.31565885944 5.34623400307 5.37201538027 6.02137007549
666 464.158883361 4.64453996866 4.66868840861 4.68802848844 5.34432063641
666 464.158883361 5.61161555897 5.64535552164 5.674690168 5.66805186314
666 464.158883361 5.86095103028 5.89656406319 5.91925151214 5.64205531038
666 464.158883361 5.7819818009 5.8062130036 5.84716186589 5.91919744059
666 464.158883361 4.81184236281 4.83423502218 4.85424777276 5.55305305846
666 464.158883361 5.99954747531 6.02998958911 6.05501619996 5.50291794459
666 464.158883361 4.87955802125 4.90315333902 4.92144971071 6.02438491346
666 464.158883361 6.44605350969 6.47891204096 6.51050272691 6.11196244071
666 464.158883361 5.45258382279 5.48210592808 5.50855569073 5.85915138243
666 464.158883361 7.14345438557 7.18116030915 7.2095188636 7.14450648162
666 464.158883361 6.42074605262 6.44805252804 6.48170508522 6.22712712498
666 464.158883361 5.18866099872 5.21119972999 5.23332030755 5.8040574169
666 464.158883361 5.46922806678 5.50309396912 5.52835731715 5.70025928292
666 464.158883361 5.72649563584 5.75744967663 5.78466706361 6.54817010188
666 464.158883361 5.69156677922 5.71403370447 5.74179360789 5.95328178855
666 464.158883361 5.52107188179 5.54747053511 5.57648148053 5.41892722255
666 464.158883361 6.32403446758 6.3572587839 6.3881758893 6.93888884289
666 464.158883361 6.62422810555 6.65717438861 6.6753792806 7.22064218203
666 464.158883361 5.57597397064 5.60352469301 5.63439862018 5.31443601464
666 464.158883361 6.4748863688 6.50760481973 6.53868382914 6.9846035842
666 464.158883361 6.84971485304 6.87820482603 6.90371458848 6.86887762355
666 464.158883361 6.83723646798 6.87378905434 6.90717455369 6.69367191607
666 464.158883361 6.55844576256 6.59139746255 6.62427357708 6.37871190994
666 464.158883361 6.30211904373 6.32640290361 6.36115713492 6.39483126639
666 464.158883361 6.19229729006 6.22552959493 6.25899398776 6.49425006909
666 464.158883361 5.45537047873 5.48250906915 5.50510025019 5.99954408523
666 464.158883361 5.4651668034 5.49239565926 5.5174543399 6.90525235146
666 464.158883361 5.63614820909 5.65081288686 5.67463743654 6.2956041071
666 464.158883361 4.90214799541 4.92326517608 4.94222343224 5.56245703597
666 464.158883361 5.22929992482 5.25324256564 5.27672175824 5.74449986735
666 464.158883361 4.86441075693 4.89634456917 4.91934858459 5.62692271307
666 464.158883361 5.70560022844 5.7355309665 5.76380359846 6.36139665162
666 464.158883361 6.6339789426 6.67326842255 6.69630074008 6.46893651847
666 464.158883361 5.72606752257 5.7566720161 5.79068494098 6.67270338739
666 464.158883361 6.0831873289 6.12355387343 6.14384632335 6.07723423293
666 464.158883361 7.02352984362 7.06400427748 7.0965628192 7.40038145746
666 464.158883361 5.9989398019 6.03382591469 6.06199846198 6.41062994155
666 464.158883361 5.22831364704 5.25503404347 5.27502912945 5.47314262988
666 464.158883361 5.63382723676 5.66059158396 5.68271316234 6.31234567967
666 464.158883361 5.87124884683 5.9042519493 5.927910534 6.15806539204
666 464.158883361 7.83134530908 7.90674814093 7.93760407681 7.75964237894
666 464.158883361 5.61346818308 5.64059566812 5.65845305246 5.55143540789
666 464.158883361 5.31967656459 5.34163270058 5.36220686761 5.22560049272
666 464.158883361 5.38477086925 5.41571911188 5.4429537308 4.93023004758
666 464.158883361 5.2798232492 5.31245111144 5.33140187172 5.63628062952
666 464.158883361 5.67307481477 5.70854104835 5.73461442845 6.39849563999
666 464.158883361 7.60194505438 7.63792039864 7.66628233129 7.17289577992
666 464.158883361 6.431481906 6.46352815065 6.49471845265 5.97606347247
666 464.158883361 7.1501426411 7.17507610387 7.20934925025 7.4366586036
666 464.158883361 5.08787815576 5.11448634003 5.13560558451 5.64650151992
666 464.158883361 7.25680125556 7.28964430037 7.33441177834 7.58682070987
666 464.158883361 4.85045017959 4.87857058304 4.90016709735 5.19798951057
666 464.158883361 5.97913944123 6.01469777347 6.03950285384 6.38948553345
666 464.158883361 7.2481241673 7.29237370764 7.31918478788 7.11109960958
666 464.158883361 6.29630645515 6.33271128853 6.35563367384 6.47314729841
666 464.158883361 5.96055536072 5.98294503507 6.01300727142 6.25712145489
666 464.158883361 4.70926535454 4.73574243838 4.75861579616 4.81586642288
666 464.158883361 4.2139134694 4.23888728949 4.2608891211 4.84676058888
666 464.158883361 5.0898524668 5.11851688569 5.13485706471 4.90075376836
666 464.158883361 6.11451124356 6.14281552253 6.16638323361 6.85536049567
666 464.158883361 7.30879547855 7.34531346272 7.37737968449 7.68781296009
666 464.158883361 5.81521803641 5.84515741922 5.87230617298 6.24920809759
666 464.158883361 5.09233507796 5.12563213519 5.1429683421 4.94721945664
666 464.158883361 6.97830137048 7.01126486452 7.04050812598 6.66246687786
666 464.158883361 5.51970624518 5.54468163232 5.57237538218 5.49937983
666 464.158883361 6.51671376426 6.56307815424 6.58359740122 6.78069160607
666 464.158883361 5.64401828594 5.67713264645 5.69600660724 5.96975026061
666 464.158883361 6.03537757824 6.06367330277 6.09085490518 6.11027989533
666 464.158883361 6.47112263214 6.49757295085 6.52949094211 6.47812033542
666 464.158883361 6.81772714099 6.85345010573 6.87532500838 6.23728260727
1436 215.443469003 6.01404287829 6.03122445476 6.04757999093 6.37549814224
1436 215.443469003 6.39195148273 6.40825983796 6.42307408901 6.86733753868
1436 215.443469003 5.85529433933 5.86624508305 5.87727096467 6.20027296581
1436 215.443469003 6.19230800861 6.20917057944 6.2248628958 6.22935551033
1436 215.443469003 6.14432903138 6.15614105219 6.16788926128 6.12466195081
1436 215.443469003 5.53711637674 5.54963318717 5.56572822868 5.61377882677
1436 215.443469003 5.14551062764 5.15675734127 5.1682589733 5.06027063339
1436 215.443469003 5.44168801045 5.45407007788 5.46107647385 5.30538563417
1436 215.443469003 5.66707938603 5.6780326326 5.69097067975 6.07539987003
1436 215.443469003 5.78711276011 5.79912317646 5.81313924235 5.91588236486
1436 215.443469003 5.82809350229 5.8417908909 5.85401077588 6.00957633955
1436 215.443469003 5.88700525346 5.90160062327 5.91872578171 5.86230595039
1436 215.443469003 5.52675753821 5.53905496684 5.55060939931 5.97774366517
1436 215.443469003 6.11450987774 6.12382811198 6.13704561591 6.73475163879
1436 215.443469003 5.95416224923 5.96759239626 5.9826280563 6.06276119943
1436 215.443469003 5.54982111281 5.5655052648 5.57566746294 6.14220099214
1436 215.443469003 6.76850013299 6.7811016435 6.7954734296 6.59403776392
1436 215.443469003 5.80848137708 5.82357043918 5.8367573023 5.79309063367
1436 215.443469003 6.23390771734 6.24913439632 6.26157493804 6.42316422724
1436 215.443469003 5.6579595227 5.66976130914 5.67741993118 5.98301730098
1436 215.443469003 6.04126239803 6.05416163169 6.06910904223 5.65410494842
1436 215.443469003 6.08156565971 6.09723949996 6.10867698561 6.07132086421
1436 215.443469003 6.0626355857 6.07505473735 6.08681963274 5.71177818954
1436 215.443469003 6.9870497528 7.00192190065 7.01509514682 6.72433057194
1436 215.443469003 6.79246701799 6.80864706381 6.82346563825 6.55446709377
1436 215.443469003 6.20344451217 6.21583556883 6.22720245283 6.6765240861
1436 215.443469003 7.13781881629 7.15719142014 7.16843739199 7.25601657497
1436 215.443469003 6.35333319497 6.36670783764 6.37805702141 6.39843220863
1436 215.443469003 6.01686103135 6.02657209271 6.03784922238 6.16251381748
1436 215.443469003 5.2876242743 5.29939127377 5.31037082523 5.68585641978
1436 215.443469003 5.44415315433 5.45802954534 5.47161928433 5.51766498331
1436 215.443469003 5.96000436822 5.97417041538 5.98953514957 6.00056615534
1436 215.443469003 6.91402017818 6.92943463294 6.94697811648 6.50760425787
1436 215.443469003 4.94462589151 4.95467509709 4.96910746331 5.34371763328
1436 215.443469003 6.10098124239 6.11679241771 6.12979331863 5.77773329288
1436 215.443469003 5.63041764127 5.6426735808 5.65900453935 6.17347019867
1436 215.443469003 6.48955407076 6.50712915735 6.52230951173 6.24604176011
1436 215.443469003 6.50234998758 6.51617595663 6.5250536061 6.71762504097
1436 215.443469003 6.69137263614 6.70391337529 6.71799099288 6.94921855353
1436 215.443469003 5.92725992652 5.94165801428 5.9535294927 6.52506439706
1436 215.443469003 5.12349598493 5.1338438202 5.14922460649 5.54794102424
1436 215.443469003 5.77643566867 5.79112697013 5.79980490429 6.1335403999
1436 215.443469003 5.84206251566 5.86233036796 5.87446437973 6.59675986681
1436 215.443469003 6.90644598022 6.92382524696 6.93919394562 6.28231578131
1436 215.443469003 5.78879866944 5.80105297549 5.81694485001 6.07287066884
1436 215.443469003 5.70916069364 5.72283013161 5.73444184799 5.681639002
1436 215.443469003 4.80411741613 4.81495145127 4.8218167384 4.99173287861
1436 215.443469003 5.88975570752 5.89836812281 5.90955493783 5.71844061443
1436 215.443469003 5.89928801382 5.91086564761 5.92234858166 5.65562787404
1436 215.443469003 6.46054701817 6.47548271562 6.48638001925 6.11998989503
1436 215.443469003 6.35642089312 6.36854278135 6.38229022988 6.91957890659
1436 215.443469003 5.98923365866 6.00482111932 6.01721087622 5.90933916576
1436 215.443469003 6.95075321634 6.96728896954 6.98547578801 6.96258631189
1436 215.443469003 6.09972981462 6.11002287997 6.12828776813 6.30647016078
1436 215.443469003 4.74637992158 4.75829786206 4.76917832235 5.01367875591
1436 215.443469003 6.51193617146 6.53192132356 6.54354088356 6.13273898975
1436 215.443469003 4.90489309268 4.91348841055 4.92337769996 5.25132001961
1436 215.443469003 6.57221970061 6.58246818927 6.59095456685 6.41526241917
1436 215.443469003 6.50045269865 6.51513038345 6.53031441806 6.3400030252
1436 215.443469003 5.34212722691 5.35833552679 5.36578466384 4.89949454022
1436 215.443469003 5.12799705139 5.13941466996 5.15263869819 5.00412192044
1436 215.443469003 5.84695665264 5.86041201621 5.87254685841 6.15191335762
1436 215.443469003 5.5224126105 5.53097054146 5.54367709833 5.8744649908
1436 215.443469003 6.01525419105 6.03234591085 6.04847751747 6.18712996406
1436 215.443469003 5.67422733828 5.69055525934 5.70267379128 5.8746300092
1436 215.443469003 5.03764948437 5.04520848907 5.05464186302 5.24783728735
1436 215.443469003 5.65954036406 5.67176495231 5.68175333777 6.04803359325
1436 215.443469003 5.52311207573 5.53400573328 5.54807574338 5.21449083595
1436 215.443469003 6.11858667897 6.13463097702 6.15367435453 6.92327700358
1436 215.443469003 6.4664507695 6.48478869312 6.49723774967 6.71099449321
1436 215.443469003 6.10637421933 6.11957339378 6.13549486601 5.84448171384
1436 215.443469003 5.27720024294 5.28720890641 5.30105467093 6.38454560539
1436 215.443469003 5.88625623098 5.89991113588 5.91454558721 5.98997233762
1436 215.443469003 5.42115619292 5.43761077142 5.45020619378 5.65537329261
1436 215.443469003 5.69884147156 5.71162575096 5.72439948891 5.43530069594
1436 215.443469003 6.24343869546 6.25882359275 6.27415330925 6.77353375687
1436 215.443469003 5.79380535267 5.81218453645 5.82073486276 5.98472298222
1436 215.443469003 6.55967283943 6.57461997296 6.59035528483 6.61903318094
1436 215.443469003 6.15269120807 6.16712950415 6.17494729144 5.91268859637
1436 215.443469003 5.87171923783 5.88429154826 5.89758554095 5.62913177586
1436 215.443469003 6.19411414748 6.20871668575 6.22111833766 6.61206181607
1436 215.443469003 5.78561397651 5.79939492113 5.81282425943 5.83614424746
1436 215.443469003 6.31892347249 6.32971823057 6.34709686858 6.24338233483
1436 215.443469003 6.43264344242 6.44131940935 6.45651938922 6.42815631692
1436 215.443469003 5.43297970939 5.44354740325 5.45174499929 5.52950974821
1436 215.443469003 6.07602028952 6.09013861363 6.10257738695 6.27036170122
1436 215.443469003 5.82946414578 5.84191625981 5.85423045043 5.71966710817
1436 215.443469003 5.86191344665 5.87815262827 5.89010261256 6.34010839725
1436 215.443469003 5.94021237772 5.95464000735 5.96678819837 6.24360233514
1436 215.443469003 5.96770208132 5.98356461959 5.99686867682 5.61459252728
1436 215.443469003 6.12234143456 6.1414164175 6.15287919867 6.11226338516
1436 215.443469003 5.96335186955 5.97565547914 5.98858277497 6.39452112286
1436 215.443469003 5.51717484893 5.52796597407 5.5417883108 5.20079280653
1436 215.443469003 6.72090982434 6.73759032991 6.75269857984 6.93742347474
1436 215.443469003 6.72706563162 6.74355902754 6.76179312005 6.6227858449
1436 215.443469003 5.45566710419 5.47132829008 5.482176335 5.47540138264
1436 215.443469003 5.23530476488 5.24611052255 5.25793606573 5.44539348164
1436 215.443469003 6.17297153077 6.18692518694 6.20058785574 6.16236568809
1436 215.443469003 5.94085211684 5.95568913262 5.9683087843 6.06779916316
1436 215.443469003 6.1060703759 6.12309156427 6.13565920378 6.90614160025
3094 100.0 5.88893485012 5.89540456739 5.89919686487 6.14099478566
3094 100.0 5.53082957937 5.53742623722 5.54346769461 5.4421580897
3094 100.0 6.385937897 6.39160895751 6.39798147343 6.01725124978
3094 100.0 5.76691264461 5.77237383932 5.77845578078 5.90810925331
3094 100.0 6.10521372529 6.11311634543 6.11856949086 6.1298076442
3094 100.0 6.18928444083 6.19666706216 6.20294557853 6.30816284898
3094 100.0 5.95991376155 5.96584439242 5.97185553689 6.24701843261
3094 100.0 5.75765960842 5.76525279394 5.77049868452 5.70371351158
3094 100.0 6.39970088044 6.40461626985 6.4109682371 6.07750126203
3094 100.0 6.19966044316 6.20576431547 6.21251711061 5.93511233436
3094 100.0 6.28023513902 6.28758460089 6.29367957848 6.26520960974
3094 100.0 5.69038357741 5.69591478259 5.70118510894 6.0103640979
3094 100.0 5.61032083117 5.61551595006 5.62072141351 5.71150109984
3094 100.0 6.22807555373 6.23188505681 6.23826417709 6.21026238796
3094 100.0 6.20543064972 6.21284515216 6.21817782174 6.41378062716
3094 100.0 5.64912830192 5.65521420232 5.66248779899 5.92675966279
3094 100.0 6.38915029996 6.39475839737 6.40121331256 6.02868097409
3094 100.0 5.84416508476 5.85274492054 5.85847765732 5.76447160215
3094 100.0 6.39928724481 6.40606175525 6.41367389289 6.44625387537
3094 100.0 5.54109033346 5.54748589294 5.55388599001 5.8359127458
3094 100.0 6.38319317527 6.39128122888 6.39860980806 6.37032343799
3094 100.0 6.20042389074 6.20815386173 6.21434139824 6.16485716874
3094 100.0 5.61655019644 5.62301942693 5.6303522737 5.38199583656
3094 100.0 6.64724194549 6.65346263938 6.6595896038 5.93353187318
3094 100.0 5.92786048613 5.93471192022 5.9407036556 6.11688195656
3094 100.0 6.61033208356 6.61951674978 6.62646397585 6.12301091366
3094 100.0 5.87233699847 5.87911661409 5.88534890135 5.9272465107
3094 100.0 6.08224725275 6.09003709713 6.0960698069 6.07553247924
3094 100.0 5.81339226557 5.82067266721 5.8257851579 5.48758779927
3094 100.0 6.2194345869 6.22753569187 6.23560444821 6.23414834905
3094 100.0 5.63497949148 5.64021470175 5.64565550188 5.98920422069
3094 100.0 6.28801562379 6.29534534263 6.30352799108 6.26733843361
3094 100.0 5.85653928918 5.86447676824 5.8700873402 5.79307878963
3094 100.0 5.41401988102 5.41855988515 5.42308028175 5.60579113789
3094 100.0 5.899762787 5.90727091119 5.91210926612 5.75170318621
3094 100.0 6.04330526283 6.05085672596 6.05735435928 5.91096187674
3094 100.0 6.40941740863 6.41834053074 6.42598628378 6.29229517019
3094 100.0 6.11631407569 6.12356492634 6.12861208625 6.11373731593
3094 100.0 5.92241916929 5.92941739832 5.93398722795 6.09458494178
3094 100.0 5.65140868292 5.65850706934 5.66407689962 6.12136673108
3094 100.0 6.20293361301 6.20852122321 6.21606455848 5.93075036106
3094 100.0 6.68575525224 6.69219271322 6.69726065593 6.18146357632
3094 100.0 6.31500594004 6.32260884676 6.32703605184 5.76525561865
3094 100.0 6.15538343806 6.16212736639 6.16802914339 5.95003856073
3094 100.0 6.1044294253 6.11067909763 6.11610108147 5.9868833613
3094 100.0 5.83999428194 5.84559565369 5.85320706833 5.78638776566
3094 100.0 6.14948270198 6.15591441627 6.16177511456 5.83881085961
3094 100.0 6.35559652458 6.36283119975 6.37059734497 6.30540902032
3094 100.0 5.81449457064 5.82031882559 5.8246315643 6.1737207838
3094 100.0 6.10563779873 6.11309494354 6.11934670481 5.78175323599
3094 100.0 6.05870510392 6.06480335185 6.0719642143 5.92455926995
3094 100.0 5.94490587093 5.95086738081 5.95660850141 5.89074603462
3094 100.0 5.88619894116 5.89243001988 5.89958554045 5.7970795732
3094 100.0 5.91451865452 5.92063426797 5.92615084724 5.99311385811
3094 100.0 6.16590332072 6.17210166626 6.17652420189 6.48674855087
3094 100.0 5.65849989188 5.66321494773 5.66871508912 5.52009899928
3094 100.0 6.3205056239 6.32768016458 6.33241920885 6.26053865307
3094 100.0 6.03963092432 6.04620090071 6.05218140978 6.11773116308
3094 100.0 6.01380495395 6.01940452279 6.02509597573 6.16335243449
3094 100.0 6.24019001713 6.24771464717 6.25572987955 6.41252110437
3094 100.0 5.39530826627 5.4017272178 5.406147348 5.66926322274
3094 100.0 6.56399452172 6.57261304192 6.57890683321 6.31335127324
3094 100.0 5.66216620258 5.67005122465 5.67451355864 6.23930803987
3094 100.0 6.3897786967 6.39749095024 6.40343077387 6.25501208993
3094 100.0 6.17528750528 6.18123358878 6.18606309909 5.99134516704
3094 100.0 6.30985855473 6.31653374127 6.32272015459 6.25108948427
3094 100.0 6.35853571557 6.36734140109 6.37462581038 6.53033977407
3094 100.0 6.3564196327 6.36213088888 6.36863679734 6.40720219719
3094 100.0 6.08091588589 6.08884040455 6.09525964026 5.73891875063
3094 100.0 6.11394648864 6.1218107811 6.1286129091 5.66784448913
3094 100.0 5.77298814788 5.77890201205 5.78479379881 5.89117429439
3094 100.0 6.44508472803 6.45268210379 6.45923270169 6.19952081199
3094 100.0 6.42267405482 6.42834648246 6.43435508788 6.306249705
3094 100.0 5.81291404152 5.81951814725 5.82389291018 6.06977902815
3094 100.0 6.108727691 6.11550590657 6.12290668184 6.04871558743
3094 100.0 5.67185613014 5.67727749355 5.68172660073 5.58876720111
3094 100.0 5.65875884173 5.66476335115 5.67194690928 5.36788445863
3094 100.0 5.82008245469 5.82548210701 5.83118708512 5.66579691597
3094 100.0 6.015326512 6.02143934208 6.02831851375 6.09732648319
3094 100.0 5.63761243942 5.64596123016 5.65236586113 5.43813588523
3094 100.0 6.40391170084 6.41408004692 6.41915638363 6.64701193999
3094 100.0 6.53514657007 6.54104825841 6.54677384181 6.20704644095
3094 100.0 5.77795810693 5.78523205849 5.79164785377 5.94017095258
3094 100.0 6.00818874631 6.01494872029 6.02007367121 5.65929278258
3094 100.0 6.0086183038 6.01522728843 6.0207953175 6.06197801487
3094 100.0 5.93586873924 5.9401367922 5.94739230094 5.83109247672
3094 100.0 5.67525936132 5.68003352476 5.68613840224 5.74930829223
3094 100.0 6.3467368537 6.35306417466 6.3610108385 6.09630802306
3094 100.0 6.26157434562 6.26873807186 6.27451217068 6.1737466214
3094 100.0 6.06404845043 6.07089504007 6.0762243293 6.09046292238
3094 100.0 5.82236932614 5.82753186587 5.83306536591 5.80090548903
3094 100.0 6.38660682806 6.39293092747 6.39687470985 5.91036667753
3094 100.0 6.26732168148 6.27693935585 6.28331787889 6.01295948977
3094 100.0 5.94068346036 5.94740110322 5.9538739111 6.28735287932
3094 100.0 6.70022326856 6.70792242331 6.71327670388 6.58097405055
3094 100.0 6.20962978889 6.21704406073 6.22268955598 6.12683907473
3094 100.0 5.63516085449 5.64180230642 5.64781868441 5.62736169805
3094 100.0 6.39094331847 6.39662085988 6.40268551614 6.01081294655
3094 100.0 5.86282331801 5.87174899301 5.87739780465 6.01999505066
3094 100.0 6.32706873668 6.33400936227 6.3397510062 6.06118973288
6667 46.4158883361 6.11040047765 6.11406834027 6.11651023295 5.82667052176
6667 46.4158883361 5.74531051539 5.74919075727 5.7515294138 5.74780233583
6667 46.4158883361 6.17367418199 6.17722770294 6.17982069304 5.78390345641
6667 46.4158883361 6.00776895738 6.01228461744 6.01511999228 5.76643587481
6667 46.4158883361 5.77193288892 5.77468980928 5.77661746984 5.72307335518
6667 46.4158883361 6.04750010412 6.05004748301 6.05222291523 5.83632367784
6667 46.4158883361 6.4151657107 6.41808175863 6.42139281518 6.00466339271
6667 46.4158883361 6.01890066987 6.02253733085 6.02529232153 6.11647508439
6667 46.4158883361 5.89260893958 5.89572717044 5.89830379781 5.8540838757
6667 46.4158883361 5.94173429906 5.94495753325 5.94702690587 5.79949397328
6667 46.4158883361 5.94083127917 5.94377150898 5.9467472793 6.19336598669
6667 46.4158883361 6.48110337004 6.48406461574 6.48659910208 6.01358987487
6667 46.4158883361 5.81388646092 5.81666736945 5.81916360268 5.56245600452
6667 46.4158883361 5.9655489501 5.96876872128 5.97137076688 6.04040967497
6667 46.4158883361 5.79217145656 5.79515728718 5.79747595445 5.56001436285
6667 46.4158883361 6.08261595527 6.08637868841 6.08988379243 5.78276167963
6667 46.4158883361 6.16807265805 6.17232174549 6.17443835153 5.84612026729
6667 46.4158883361 5.89761735173 5.90036599836 5.90236418699 5.60108993906
6667 46.4158883361 6.16021622421 6.16272751256 6.16546031371 5.98586386204
6667 46.4158883361 6.10602594909 6.10960831379 6.11291833003 6.33685524279
6667 46.4158883361 6.08770378081 6.09059727312 6.09369346284 5.98057017858
6667 46.4158883361 6.46151117307 6.4643880938 6.46740821176 6.21762835413
6667 46.4158883361 6.48028627234 6.48424798844 6.48685311368 6.27412490853
6667 46.4158883361 6.08167406835 6.08465195728 6.08699754802 5.96901793737
6667 46.4158883361 6.22819450786 6.2310130219 6.2342624778 5.92728316262
6667 46.4158883361 6.02495365987 6.02910120182 6.03213758394 5.99971071754
6667 46.4158883361 6.38810290112 6.39148147118 6.39421906647 6.24817232806
6667 46.4158883361 6.13299697998 6.13657831011 6.1394247354 6.24381707062
6667 46.4158883361 6.21910640927 6.22160799359 6.2241994837 6.27414707582
6667 46.4158883361 6.35685683373 6.3595869249 6.3624916593 6.06696961644
6667 46.4158883361 5.7835291914 5.7857011704 5.78794999516 6.12545459403
6667 46.4158883361 5.87899133892 5.8829053758 5.88565399153 5.75302005145
6667 46.4158883361 5.98438217471 5.98667554394 5.98874318733 5.99351531609
6667 46.4158883361 5.80996014784 5.81336458242 5.81559344855 6.05680903534
6667 46.4158883361 6.2923713006 6.29502287038 6.29798148815 5.8613228364
6667 46.4158883361 6.124805419 6.12850715353 6.13066769993 5.82707021023
6667 46.4158883361 6.04158011837 6.04404670089 6.04674669944 6.20574523283
6667 46.4158883361 5.98588589238 5.98964396053 5.99314144869 6.05491383954
6667 46.4158883361 5.80697067917 5.81060252559 5.81386610094 5.87137674784
6667 46.4158883361 6.18179298703 6.18460147536 6.18750535212 6.12492234859
6667 46.4158883361 5.8704880714 5.87411697013 5.8764669307 6.0933719591
6667 46.4158883361 5.94706708244 5.9501603993 5.95282208975 5.7217030522
6667 46.4158883361 5.98920540555 5.99225331673 5.99490993639 5.83144651475
6667 46.4158883361 6.00838608731 6.01085513662 6.0139392905 6.19803556074
6667 46.4158883361 5.69295854256 5.69603178668 5.69862769227 5.50010412002
6667 46.4158883361 6.18386537345 6.1866667694 6.19031784395 5.81826302022
6667 46.4158883361 5.98129527413 5.98404697389 5.98687327689 5.88639420098
6667 46.4158883361 5.81003836417 5.81414726947 5.8160520269 5.67071367796
6667 46.4158883361 6.04838936534 6.05226654937 6.05503995033 5.95056524144
6667 46.4158883361 5.83165848304 5.83409564898 5.83706803121 5.62195510955
6667 46.4158883361 6.02003658649 6.02424878421 6.02699964742 6.1862886837
6667 46.4158883361 5.88447577499 5.88878335458 5.89217868263 5.85965030233
6667 46.4158883361 6.04433213531 6.04791665048 6.05184183091 5.8786430964
6667 46.4158883361 6.2058064126 6.20937294369 6.21309090785 6.03358013747
6667 46.4158883361 6.19036981199 6.19403064903 6.19689963966 6.01468527195
6667 46.4158883361 6.41030592853 6.41405796841 6.41722222815 6.15002377374
6667 46.4158883361 6.07713809287 6.08015722955 6.08294696577 5.93456761222
6667 46.4158883361 5.84187039044 5.84435906687 5.84722297413 5.88476916641
6667 46.4158883361 6.13700010103 6.13959311708 6.14298392055 6.09347694534
6667 46.4158883361 6.12775688756 6.13091117519 6.13302927299 5.84281834879
6667 46.4158883361 6.19296880779 6.19578933404 6.1987811832 6.07680787973
6667 46.4158883361 5.81565013116 5.81876515265 5.82137088526 5.94869116684
6667 46.4158883361 5.70719141502 5.71019164427 5.71263636533 5.72888119714
6667 46.4158883361 6.14021061614 6.14419492624 6.14774593966 5.88275779275
6667 46.4158883361 6.0679720802 6.07147959753 6.07450717103 5.81416746897
6667 46.4158883361 5.96602742146 5.96852832771 5.97155230664 5.99536096668
6667 46.4158883361 6.15728940002 6.16014904208 6.16339414448 5.77033504621
6667 46.4158883361 5.7619600138 5.76535320947 5.76772140268 5.8182555585
6667 46.4158883361 5.66559101114 5.66802785738 5.67042438871 5.73400849412
6667 46.4158883361 6.06556939243 6.06916499591 6.07247265567 5.97572441289
6667 46.4158883361 6.30820118812 6.31183323505 6.31427682759 6.40726914345
6667 46.4158883361 6.01313837178 6.01636795586 6.01905100703 5.92080050633
6667 46.4158883361 6.06607338032 6.06869273194 6.07177241957 5.91074896682
6667 46.4158883361 5.97416261351 5.97691746427 5.97966588338 5.75678412112
6667 46.4158883361 5.98988127554 5.99221464743 5.99491173419 5.76337099936
6667 46.4158883361 6.074338575 6.07692009465 6.07982727005 5.92346179433
6667 46.4158883361 6.20561111448 6.20906441691 6.21171334372 6.06956152417
6667 46.4158883361 6.16831624698 6.1718596726 6.17478689722 5.8879082813
6667 46.4158883361 5.95134547225 5.95405143718 5.95644731319 5.73592616607
6667 46.4158883361 6.00061098059 6.00443399448 6.00746704897 5.78327063616
6667 46.4158883361 5.6499567456 5.65303379427 5.65564897619 5.56654898058
6667 46.4158883361 6.16798409616 6.17133708057 6.17383133212 6.08877236039
6667 46.4158883361 6.14285068761 6.14619373557 6.14858846332 5.97320889
6667 46.4158883361 6.17172756947 6.17532204038 6.17810933028 5.94821379479
6667 46.4158883361 6.05187677769 6.05532154178 6.05803941005 5.9256834938
6667 46.4158883361 6.09994876712 6.10351130108 6.1064698236 6.03470013846
6667 46.4158883361 6.14336836475 6.1467518313 6.15054855017 5.68438921881
6667 46.4158883361 6.28424622016 6.28781419251 6.2910246918 6.14097761458
6667 46.4158883361 5.94590914099 5.94874821656 5.95051964121 5.85794081107
6667 46.4158883361 5.82458272266 5.82840725509 5.83081369231 5.92678378699
6667 46.4158883361 5.93417329968 5.93703989317 5.93983976558 5.76708144677
6667 46.4158883361 6.14260038646 6.14524169577 6.14851528541 5.91961019489
6667 46.4158883361 6.30315854074 6.30632618339 6.30900782224 6.08445260767
6667 46.4158883361 6.1792981371 6.1826376042 6.18604136991 5.89329071927
6667 46.4158883361 5.7555271092 5.75848993438 5.76162832168 5.58402957367
6667 46.4158883361 5.81327795584 5.81584728954 5.81851490238 5.92113570495
6667 46.4158883361 6.30352359912 6.30703123363 6.3094343297 5.97975153076
6667 46.4158883361 6.42551232888 6.42830579126 6.43189113752 6.44119607636
6667 46.4158883361 6.23500163228 6.23795748609 6.24043602984 6.08957511893
6667 46.4158883361 6.19482648531 6.19807101236 6.20008435924 6.14517176897
14364 21.5443469003 5.80761578499 5.809016062 5.81056904333 5.84083341708
14364 21.5443469003 6.09011095918 6.09147806068 6.09238528874 6.22566933706
14364 21.5443469003 6.0358735812 6.03743957981 6.03884332571 5.99695751697
14364 21.5443469003 5.82332263754 5.82473563567 5.8261982355 5.90213609773
14364 21.5443469003 6.30924254718 6.31043262179 6.31215691751 6.03646132937
14364 21.5443469003 6.04903602197 6.05081943758 6.05224812686 5.99989051676
14364 21.5443469003 5.85740803089 5.85917110292 5.86045593728 5.73968975904
14364 21.5443469003 6.01465355296 6.01622204898 6.01762033556 5.72839067379
14364 21.5443469003 5.91837068072 5.91966243966 5.92075739901 5.66498432311
14364 21.5443469003 6.1253034786 6.12624373708 6.12745593496 6.06333901801
14364 21.5443469003 5.91515964212 5.91665421875 5.91775043822 5.77523315476
14364 21.5443469003 6.17810850794 6.18004778925 6.18159605754 5.96288215766
14364 21.5443469003 5.84574954566 5.84739541395 5.84905465671 5.88899225567
14364 21.5443469003 5.99953917039 6.00124443481 6.00252594378 6.00861069854
14364 21.5443469003 6.04157482824 6.04291065445 6.04475962889 5.70539031997
14364 21.5443469003 6.05291760144 6.05456141418 6.05624352844 5.84500616256
14364 21.5443469003 6.25176716375 6.2536874923 6.25494215497 5.96353735846
14364 21.5443469003 6.20175394461 6.20364632947 6.20468124807 6.00888581848
14364 21.5443469003 6.12877930893 6.13085646462 6.13238085405 6.01419901075
14364 21.5443469003 6.10887956587 6.11055664361 6.1118999458 6.16292990099
14364 21.5443469003 6.0863278189 6.08793982981 6.08931387678 5.99482470031
14364 21.5443469003 6.0044967008 6.0060677797 6.00748045959 5.99038305143
14364 21.5443469003 6.06857918453 6.06997340016 6.0713028049 5.82149374833
14364 21.5443469003 6.10239707119 6.10382450513 6.10491413538 6.05988370135
14364 21.5443469003 6.13724147416 6.13913035359 6.14052000575 5.93728766121
14364 21.5443469003 5.78994735692 5.79141265221 5.79266696816 5.74785539856
14364 21.5443469003 6.15037358852 6.15163600059 6.15294788702 5.95596049712
14364 21.5443469003 6.1365018306 6.13800086721 6.13907775784 6.03891530201
14364 21.5443469003 6.08006299873 6.08196244089 6.08321037547 5.71596857945
14364 21.5443469003 5.98680499558 5.98847970286 5.9899929637 5.9819678043
14364 21.5443469003 6.18597944917 6.1875131089 6.18876260994 6.1235955553
14364 21.5443469003 6.02341801378 6.02472533605 6.02593372666 5.95405296718
14364 21.5443469003 5.86289928142 5.86471816457 5.86608496232 5.8248874221
14364 21.5443469003 6.14003502106 6.14082048165 6.14191907532 6.04872443966
14364 21.5443469003 6.0712975438 6.07219882715 6.07352685097 5.7729708859
14364 21.5443469003 5.93749089135 5.93881920879 5.94044536936 5.78632514395
14364 21.5443469003 6.24671697852 6.24812675692 6.24966959154 5.92048731433
14364 21.5443469003 6.06444923963 6.06585951974 6.06718879748 5.67444578735
14364 21.5443469003 6.14593657041 6.14764084861 6.14884249458 5.95008110891
14364 21.5443469003 6.07929646562 6.08067388774 6.08188577119 5.68873680531
14364 21.5443469003 6.23361629205 6.23509631686 6.23647960038 6.26976120048
14364 21.5443469003 6.23518690691 6.23655939695 6.23780046991 5.86666553104
14364 21.5443469003 5.9462168758 5.94771062044 5.94863057122 5.57126587926
14364 21.5443469003 6.02777235466 6.02917302108 6.03028900503 5.92362573292
14364 21.5443469003 5.84181773933 5.84298994972 5.84427201064 5.59841666224
14364 21.5443469003 5.94001814448 5.94134594046 5.94284463904 5.83037027172
14364 21.5443469003 5.95704435737 5.95881231803 5.96022612524 5.87618221733
14364 21.5443469003 6.3644141872 6.3663840041 6.36714440622 6.21023559222
14364 21.5443469003 6.17352272673 6.17602879178 6.17783233984 6.06851296914
14364 21.5443469003 5.97669886219 5.97772113758 5.97952829012 5.84036949678
14364 21.5443469003 5.97759647879 5.97926361402 5.98057676434 5.8582644095
14364 21.5443469003 6.08318858556 6.08511287001 6.0867705758 5.6989974738
14364 21.5443469003 6.03433969229 6.03609243401 6.03746069898 5.98562984002
14364 21.5443469003 6.1566583091 6.15817101241 6.15951583943 5.94386941306
14364 21.5443469003 6.04242072703 6.04419683179 6.04519217419 5.82885035712
14364 21.5443469003 6.21448547448 6.21613841154 6.21779451712 6.1611242403
14364 21.5443469003 5.8883210556 5.89048856078 5.8921533713 5.57632056224
14364 21.5443469003 6.19949065821 6.20109726465 6.20262809523 6.10247254137
14364 21.5443469003 6.05091413289 6.05233054594 6.05367737641 6.11670254054
14364 21.5443469003 6.00192619527 6.0037808992 6.00503876355 5.85967561311
14364 21.5443469003 5.98814389505 5.98938535899 5.99068071941 5.94939927867
14364 21.5443469003 6.225860515 6.22749648496 6.22857635322 6.0745691414
14364 21.5443469003 6.11770584741 6.11900868803 6.12027140477 6.11929259478
14364 21.5443469003 6.129170885 6.13063589703 6.13188948465 5.98840658053
14364 21.5443469003 6.02465947122 6.02648203141 6.02943711607 5.89689909937
14364 21.5443469003 5.7372268356 5.73897308487 5.73991831628 5.74461593148
14364 21.5443469003 6.07617762144 6.0776583373 6.07888629205 5.83449560385
14364 21.5443469003 5.93334446686 5.93489604151 5.9362517974 5.83724819581
14364 21.5443469003 6.33236505203 6.33395021501 6.33549067558 6.05854386608
14364 21.5443469003 6.20927079008 6.21032318382 6.2115165401 5.90276734897
14364 21.5443469003 6.27542378508 6.27642149514 6.27771877776 5.9721607484
14364 21.5443469003 5.99976158403 6.00185956656 6.00315242091 5.85457892754
14364 21.5443469003 6.08127269221 6.08248983064 6.08389552583 6.0236477864
14364 21.5443469003 6.05668653361 6.05782935173 6.05905856747 5.76090780947
14364 21.5443469003 5.71627989814 5.71787707279 5.71913926015 5.59249941922
14364 21.5443469003 6.01979541828 6.02077465508 6.02207481722 5.78183736568
14364 21.5443469003 6.02892044157 6.03041292571 6.03168554851 5.91010302781
14364 21.5443469003 6.33606372728 6.33788694362 6.33936413044 5.90965985
14364 21.5443469003 6.02421258977 6.0256913104 6.02716420589 5.78965262597
14364 21.5443469003 6.04250194401 6.04397764784 6.0453193875 5.70022852697
14364 21.5443469003 5.87063797222 5.87203959867 5.87327125516 5.54026512556
14364 21.5443469003 5.98757091489 5.98939650949 5.99033995181 5.90250924082
14364 21.5443469003 6.08736948268 6.08873931642 6.08953787051 5.98652196499
14364 21.5443469003 6.13350576634 6.13533042716 6.13648079108 5.99840062798
14364 21.5443469003 5.98923986482 5.99096331891 5.99224749928 5.99252438901
14364 21.5443469003 5.75076195553 5.75195699879 5.75290871062 5.63183176083
14364 21.5443469003 6.05284495514 6.0544268257 6.0558728025 6.07391559987
14364 21.5443469003 5.88644218633 5.88793050447 5.88960594871 5.73332010805
14364 21.5443469003 5.88474301309 5.88615025526 5.88738076373 5.88977514123
14364 21.5443469003 5.99682891321 5.99814017073 5.99957236186 5.86285399327
14364 21.5443469003 5.99856430479 5.99990662071 6.00116456976 5.9722432403
14364 21.5443469003 5.99202112614 5.99361488902 5.99482059427 5.77803269459
14364 21.5443469003 6.06347619208 6.06481024236 6.06605990709 5.87474234234
14364 21.5443469003 6.1698837307 6.17119848495 6.1725582268 5.78733622624
14364 21.5443469003 6.01996179065 6.02111450823 6.02284559509 5.74780022521
14364 21.5443469003 6.00722172893 6.00910157199 6.01039230054 5.82237990688
14364 21.5443469003 6.29448451832 6.29580131031 6.29701263807 6.12771137755
14364 21.5443469003 6.16001347248 6.16190616148 6.16344098143 6.14184584896
14364 21.5443469003 5.91594478698 5.9178400596 5.91952169729 5.88393441583
14364 21.5443469003 6.19296426895 6.19489392071 6.19636461025 5.88331677777
30946 10.0 6.02978581815 6.03056187666 6.03135305852 5.7563322557
30946 10.0 6.21065388587 6.21123229447 6.21199503786 6.15247230656
30946 10.0 5.98858844412 5.9892252995 5.98978650482 5.84392485582
30946 10.0 6.08676347675 6.08734088888 6.08789241725 5.92105870239
30946 10.0 6.18705220325 6.18767515098 6.18830869996 5.94979449538
30946 10.0 6.05406051226 6.05455451929 6.05497544041 5.90128765487
30946 10.0 6.1602173199 6.16094915843 6.16168465101 6.03711561505
30946 10.0 5.97693104644 5.97771791968 5.97826827869 5.87505134983
30946 10.0 5.94547117132 5.9461780062 5.94683688899 5.82432447521
30946 10.0 5.96101585757 5.9616625011 5.96233880086 5.93269829136
30946 10.0 5.91629054413 5.91699328276 5.91763493167 5.77603323497
30946 10.0 6.02106663924 6.02178252143 6.02241244827 5.91212575546
30946 10.0 6.02563882372 6.02676573178 6.02745675106 5.91775331265
30946 10.0 6.00361478984 6.00449276991 6.00507288328 5.93615688861
30946 10.0 5.98840053471 5.98925349116 5.99001198845 5.82891468252
30946 10.0 6.33357876687 6.33458401356 6.33524649856 6.01648975573
30946 10.0 6.10295461173 6.10370956277 6.10432980776 5.85644260732
30946 10.0 6.18703598639 6.18794604583 6.18870513918 5.90076308928
30946 10.0 6.13550160752 6.13599392714 6.13688949807 6.06305949963
30946 10.0 5.96276101935 5.96369630375 5.96426680879 5.88156406436
30946 10.0 5.99617314564 5.99682636581 5.99741043233 5.94994161095
30946 10.0 6.05660431602 6.05724031803 6.05787666048 5.90645169788
30946 10.0 6.07709077278 6.07784872471 6.07837347622 5.93191016563
30946 10.0 6.0292889127 6.03021194902 6.03073064605 5.67806726634
30946 10.0 5.94454697776 5.94516598484 5.94581084441 5.87584681001
30946 10.0 6.00937301275 6.0101148546 6.01068624607 5.89691956787
30946 10.0 5.97712818437 5.97824183693 5.978940619 5.71652372365
30946 10.0 5.93372294074 5.93454663307 5.93508887132 5.83562727059
30946 10.0 5.97844205018 5.97936007249 5.97996054129 5.89885338374
30946 10.0 6.0015129913 6.00197752083 6.00245214645 5.86439319847
30946 10.0 6.08661086613 6.08729721993 6.08791617898 5.80562514641
30946 10.0 6.17272582324 6.17343083934 6.17408120433 5.97811238068
30946 10.0 6.04358887484 6.04409519545 6.04471956421 5.84020347428
30946 10.0 6.17616832655 6.17688692763 6.17756899054 5.95203391572
30946 10.0 6.32759962863 6.32845954503 6.32887791215 6.13581496083
30946 10.0 6.10267162449 6.1035123953 6.10407356513 5.82847548642
30946 10.0 6.14256970707 6.14331754438 6.1438989476 5.96050341978
30946 10.0 6.26013969901 6.2607798803 6.26138709871 6.00517954891
30946 10.0 6.05740770979 6.05814411448 6.05892820316 5.91712136439
30946 10.0 6.01303029793 6.01364370773 6.01428780544 5.66729247702
30946 10.0 5.94114447337 5.94178585416 5.94244649812 5.81973135823
30946 10.0 6.11860707327 6.11943596811 6.11997494378 5.96769977368
30946 10.0 5.94309991596 5.94384755544 5.94445616802 5.82012191952
30946 10.0 5.93604485391 5.93682672836 5.93739111812 5.83571886119
30946 10.0 6.15936999966 6.16004793149 6.1606552445 5.88293475229
30946 10.0 6.00914441474 6.00982204274 6.01031472858 5.78920953565
30946 10.0 6.09385130424 6.09440101465 6.09489907888 6.11148578253
30946 10.0 5.96340671524 5.96425854284 5.96477915793 5.86793848427
30946 10.0 6.12831025259 6.12900944291 6.12951901172 5.88419784696
30946 10.0 5.96080841013 5.96151335933 5.96217878504 5.68881637314
30946 10.0 6.14915961869 6.14987804875 6.15041975261 5.78091929674
30946 10.0 5.93627229477 5.93679739848 5.93746907383 5.80677759862
30946 10.0 6.10104114491 6.10193933734 6.10273544172 5.8845149781
30946 10.0 5.93472368255 5.9352747165 5.93598966611 5.84023185609
30946 10.0 6.17960767287 6.18013125701 6.18087896602 6.031373774
30946 10.0 6.0451691331 6.04596772678 6.04650718735 5.93239882681
30946 10.0 5.96921466729 5.97000813574 5.97063043411 5.73647744307
30946 10.0 6.16833890729 6.16928584305 6.16989475107 6.05540715097
30946 10.0 6.11708748153 6.1179296896 6.11866465165 5.93749184098
30946 10.0 5.91326816537 5.91425709587 5.91486145996 5.79739341007
30946 10.0 5.95414705658 5.95498716034 5.95570116623 5.86211338434
30946 10.0 6.06507930206 6.0656247399 6.06617845696 5.92919213272
30946 10.0 5.88478127741 5.8854060029 5.88614859134 5.85212992352
30946 10.0 2.0 3.0 4.0 10.0
30946 10.0 5.98867553058 5.98952539912 5.99015977768 5.89327066175
30946 10.0 5.86171540177 5.8623126983 5.86288524807 5.71555560543
30946 10.0 5.95723510018 5.95785083238 5.95848995163 5.89818251774
30946 10.0 6.10475619921 6.1054914982 6.10613664887 5.86922637403
30946 10.0 6.06763679065 6.06823435423 6.06898248859 6.10452499139
30946 10.0 6.14271226715 6.14315586223 6.14390160922 5.88993212272
30946 10.0 5.97674592935 5.97762143324 5.97836103236 5.82528904152
30946 10.0 5.93884122901 5.93953417488 5.94029580654 5.6112538914
30946 10.0 6.01674068718 6.0175250132 6.01813914951 5.81751456939
30946 10.0 6.02354167444 6.02418865822 6.02477481344 5.73123761687
30946 10.0 5.9769965451 5.97786775538 5.97856210317 5.76975355281
30946 10.0 6.2918351602 6.29252408972 6.29318926134 5.98211242075
30946 10.0 6.07404736196 6.07473688308 6.07536492688 5.90730755537
30946 10.0 6.09676953852 6.09731447676 6.09802365378 5.86728492623
30946 10.0 5.98356395969 5.98430214388 5.98490040996 5.83942452015
30946 10.0 6.04608050317 6.04682352426 6.04732711073 5.71722433014
30946 10.0 6.21771266015 6.21834015668 6.219009702 5.97024948841
30946 10.0 6.18131453119 6.1821441313 6.18284316292 6.04170185074
30946 10.0 5.96301649471 5.96383485656 5.96452936102 5.75454003687
30946 10.0 5.97665557501 5.97739667167 5.97804013664 5.83156819215
30946 10.0 5.95860364954 5.9595683767 5.96009183703 5.83958974075
30946 10.0 6.02544185865 6.02682962985 6.02754346212 5.9075545153
30946 10.0 6.0554723524 6.05634880822 6.05691492479 5.79432490196
30946 10.0 6.06822986928 6.06890535895 6.06949554845 6.0448860853
30946 10.0 6.02719171769 6.02794203304 6.02860762261 5.87014197002
30946 10.0 6.19784505793 6.19840602798 6.19911924495 6.00994820756
30946 10.0 6.26349967734 6.26449770374 6.26510820085 6.04043561064
30946 10.0 6.04835650047 6.04897469727 6.04965257751 5.97199731736
30946 10.0 6.04812531023 6.04886101379 6.04935716098 5.97293349658
30946 10.0 5.88293960259 5.88362411362 5.88428402743 5.67756295319
30946 10.0 6.09498067403 6.09549859686 6.09591534603 5.82432737915
30946 10.0 6.11610439806 6.11693273674 6.11767830971 5.80461385583
30946 10.0 5.99838850386 5.99914331132 5.99970420191 5.7321356975
30946 10.0 6.08970601945 6.09072096538 6.09132855063 6.00038646016
30946 10.0 6.17762276593 6.17845721287 6.17904084639 5.97834340949
30946 10.0 6.11504114055 6.1158934674 6.11664762369 5.94202496263
