#npart f_downsample c_low c_med c_up c_vel
305 1000.0 5.73676673841 5.7838981326 5.85110100945 6.17934687537
305 1000.0 8.34432832923 8.41890714422 8.52832006495 7.75418060588
305 1000.0 6.83578892304 6.89289250591 6.97593764952 7.74622010609
305 1000.0 8.24908212819 8.34370454432 8.41873904334 9.24172075068
305 1000.0 5.75874556949 5.81283117371 5.8422872592 5.91161910172
305 1000.0 7.9606536998 8.01150891116 8.08686523716 9.52368691258
305 1000.0 6.37717430941 6.46000555761 6.51093859881 7.47627134944
305 1000.0 7.23353869915 7.31316503309 7.38383165381 8.54789083565
305 1000.0 8.2157452156 8.30812680183 8.39271921287 9.57562192369
305 1000.0 7.38320663471 7.45293295053 7.51306448035 8.79655525393
305 1000.0 5.53946698051 5.60086976815 5.65745968532 7.35448838367
305 1000.0 7.7663702007 7.84252314893 7.90999890116 10.1965793408
305 1000.0 7.5461966813 7.63786363454 7.72070146486 8.280153592
305 1000.0 9.25327261305 9.35371083942 9.46892055129 9.61384760227
305 1000.0 5.10857347314 5.16188740391 5.19712640938 6.33324971084
305 1000.0 6.48773619428 6.52704436175 6.61525381722 7.48024029049
305 1000.0 7.96117324356 8.02999289442 8.13430241527 8.48201794194
305 1000.0 6.2021848299 6.2596397232 6.32833859079 6.90601743001
305 1000.0 5.41278468085 5.44186078749 5.49122530808 7.03154967118
305 1000.0 8.0530002614 8.14134983741 8.19207082901 8.27143425873
305 1000.0 7.39778053968 7.48680124671 7.55817956244 9.662577752
305 1000.0 6.10046366742 6.18039185997 6.20861076041 6.48495405394
305 1000.0 6.1058497284 6.1736429725 6.23439728656 6.34019368489
305 1000.0 6.66064048308 6.75744130166 6.80766234865 9.58666719117
305 1000.0 5.54925464619 5.61589598837 5.68085143578 5.93037002243
305 1000.0 9.23330334293 9.31682186736 9.40500884841 9.71986886943
305 1000.0 4.98646646751 5.034858575 5.08133923032 5.18167179297
305 1000.0 5.83231188269 5.878669112 5.94346937408 5.64209545899
305 1000.0 5.82737326207 5.90379975352 5.9592853913 6.81924427158
305 1000.0 4.83787700763 4.89877912787 4.93375154963 5.5243192069
305 1000.0 5.43313409028 5.50317146937 5.57031124001 7.10517478579
305 1000.0 8.02590801778 8.11443495204 8.20226703484 8.73703888934
305 1000.0 6.42760840494 6.49556565647 6.54287693596 9.00855965039
305 1000.0 7.74218335309 7.83464289408 7.90733773103 8.52347875922
305 1000.0 6.37160254369 6.43663864746 6.47461940219 7.58480713071
305 1000.0 7.27678936854 7.3344915395 7.41349536541 7.93404583103
305 1000.0 6.07106660203 6.133784897 6.20158421627 7.3059425173
305 1000.0 7.02413307053 7.09704024709 7.16314894971 9.08658419344
305 1000.0 9.92796520007 10.0430273272 10.1628492357 10.5279069352
305 1000.0 7.60506559002 7.68818783055 7.76659149301 7.68859717033
305 1000.0 7.3334805462 7.41046622807 7.49023940623 8.15768482566
305 1000.0 9.05839234169 9.14613580342 9.22941357663 11.1827226953
305 1000.0 6.18322164821 6.24037834757 6.28974729834 6.82244229604
305 1000.0 7.87977892472 7.97139266615 8.04166836446 9.69129329867
305 1000.0 6.54395907719 6.60311128812 6.66913709589 7.14348916604
305 1000.0 7.27457235517 7.35278211988 7.42304885221 8.27730347987
305 1000.0 6.55055116865 6.63256873393 6.6742465721 7.03580646736
305 1000.0 6.42991810548 6.48929191809 6.54164364805 7.05528704993
305 1000.0 7.17755183498 7.251044385 7.31730137383 8.90811157798
305 1000.0 6.0755682195 6.1416857326 6.1919149847 7.82003592561
305 1000.0 7.10481683048 7.19941955625 7.25125934345 8.44762019992
305 1000.0 6.06840997647 6.12908858129 6.173987473 7.49368871755
305 1000.0 6.84167804146 6.91919070369 7.00288267988 7.97189082831
305 1000.0 8.11195507598 8.2183079058 8.34419987952 9.37072028206
305 1000.0 6.28245022698 6.35449679002 6.40629981055 8.16534061556
305 1000.0 6.64463413293 6.71580814567 6.78466477939 8.01412878082
305 1000.0 9.91780362952 10.047097532 10.1823607813 10.0912997547
305 1000.0 5.41122672441 5.45983283135 5.51610343706 6.41754407293
305 1000.0 6.05452765232 6.11800333011 6.17799849189 6.91201157768
305 1000.0 8.22802987287 8.33104727961 8.40910691776 8.6892811138
305 1000.0 5.87413105917 5.91460318174 5.98841510811 6.4469990998
305 1000.0 5.37941437182 5.43280522301 5.47923134521 7.82330709898
305 1000.0 9.02659283949 9.09338557146 9.19046968055 10.8030242335
305 1000.0 6.53819152838 6.61564812924 6.7016140951 7.9357826252
305 1000.0 9.030460797 9.12451778257 9.22044570347 12.9488431916
305 1000.0 6.79237404241 6.86193867502 6.93431682436 8.04101330363
305 1000.0 7.94516702186 8.0717341402 8.12721381439 8.85947042139
305 1000.0 8.49819906089 8.58010913266 8.66307371741 9.32446082025
305 1000.0 6.89667844941 6.95725325127 7.02771202831 8.05073318782
305 1000.0 8.40279284928 8.5078640074 8.57547090827 9.08811322593
305 1000.0 7.44066768445 7.50910513885 7.58370667586 8.97707792463
305 1000.0 6.16292599489 6.24127337452 6.2835242372 5.9696659629
305 1000.0 5.78583102525 5.84669799513 5.90795250115 6.15426255342
305 1000.0 6.67174832959 6.72402355475 6.78528220527 7.04514908851
305 1000.0 6.96773746647 7.02489525996 7.08488856329 8.03434058687
305 1000.0 8.65590331133 8.72998883013 8.79734989421 9.53068444624
305 1000.0 7.36047054193 7.42837350904 7.50471109314 8.897642387
305 1000.0 6.99382491637 7.05704082401 7.13323054744 7.88527073981
305 1000.0 5.90039581783 5.96612933928 6.02261859747 6.18201544434
305 1000.0 5.79853544157 5.86325576643 5.913459397 7.13694201481
305 1000.0 7.06850842968 7.13036508978 7.21092117417 6.71342977202
305 1000.0 5.68723800556 5.75170034355 5.80779485984 6.36026877906
305 1000.0 5.70994159809 5.78069948177 5.82888913531 6.63988091802
305 1000.0 6.9978900309 7.06377410497 7.14706033074 9.6554674722
305 1000.0 6.77213074826 6.84290797472 6.903303347 8.57014739293
305 1000.0 8.19434616442 8.27415661412 8.37001633914 9.09056258117
305 1000.0 6.98896650238 7.06883794233 7.1460074496 8.62881767501
305 1000.0 5.32008540671 5.38689581707 5.45068207144 6.03706132667
305 1000.0 6.83829902758 6.94071731607 7.01319128327 6.43693721717
305 1000.0 7.51619671819 7.58107250022 7.68071118488 9.82715044159
305 1000.0 7.01347329134 7.06378362638 7.13213505626 8.2797962084
305 1000.0 7.12498149403 7.20298008177 7.26591440221 8.9730613235
305 1000.0 6.51179318545 6.59933932129 6.66035361175 8.12546358475
305 1000.0 6.18476031373 6.25289079026 6.31619056471 6.43111948221
305 1000.0 5.82335859869 5.88528869991 5.97169921239 6.88349243601
305 1000.0 8.74356158938 8.85536612288 8.92390066905 10.104246478
305 1000.0 5.87714070498 5.91539716512 5.97259438811 6.65617132698
305 1000.0 5.06817314932 5.11939739585 5.16660201534 6.37223375078
305 1000.0 7.97410136586 8.06478997484 8.14174965817 9.60773217864
305 1000.0 9.00103096872 9.10741624831 9.2083063383 11.5368947373
658 464.158883361 7.42519068433 7.46362896722 7.48918777155 8.86102805216
658 464.158883361 6.30042073402 6.33441263249 6.36658421684 6.42955250174
658 464.158883361 7.33322927406 7.37051920437 7.39707963756 7.45021519865
658 464.158883361 6.70548835258 6.73663325612 6.76834116447 7.56683950606
658 464.158883361 6.35376204422 6.380786041 6.4185299288 6.72144781932
658 464.158883361 7.37910500488 7.42139045227 7.45683432578 8.86696513541
658 464.158883361 7.58413396378 7.61595961524 7.64143103578 7.57126445992
658 464.158883361 6.47141311241 6.4936174271 6.5279056441 7.30873460922
658 464.158883361 6.23947709154 6.28143833852 6.30897568978 7.27736943439
658 464.158883361 6.91800515363 6.95167813921 6.97966232699 7.38771182105
658 464.158883361 6.96722236922 6.99747158039 7.02167285289 7.18419024846
658 464.158883361 6.32882789068 6.36783305973 6.39322580755 6.96865451162
658 464.158883361 7.06508967864 7.1052169458 7.13631672785 7.43202366323
658 464.158883361 6.03042706129 6.07021610765 6.09133221298 6.70344650088
658 464.158883361 7.04194843729 7.06831380321 7.09162328092 7.90268908921
658 464.158883361 6.81005832821 6.84019650137 6.87898263644 7.12687397035
658 464.158883361 6.72042887321 6.75593090596 6.79374053505 7.73485014429
658 464.158883361 8.30670394478 8.35203721115 8.39092203865 9.35670515706
658 464.158883361 5.82874671277 5.85977763689 5.88320873044 6.7927776701
658 464.158883361 7.74566366876 7.77589207143 7.81539619479 9.25351270296
658 464.158883361 6.73729830982 6.78212446005 6.81345129936 6.57302624178
658 464.158883361 6.67531668722 6.70314437507 6.72780416114 7.17787719951
658 464.158883361 6.74611970687 6.78132682804 6.80328477979 7.95524731136
658 464.158883361 7.09407081875 7.11609240673 7.15457374457 8.47135887605
658 464.158883361 6.98404155448 7.01539468332 7.04885614031 8.05175386764
658 464.158883361 6.27594571071 6.30585615529 6.33498716269 6.55864977284
658 464.158883361 5.03445859598 5.06422150022 5.08362038456 5.22182139256
658 464.158883361 5.15922897971 5.18755647469 5.2111126318 5.59546322948
658 464.158883361 8.06959741217 8.11792932846 8.15246857279 7.45437577101
658 464.158883361 7.05113071793 7.07920497752 7.10749880237 7.75651269824
658 464.158883361 7.70011651717 7.74069339103 7.77217765683 9.04766129812
658 464.158883361 6.34124759791 6.36826108556 6.38912101803 7.08683152963
658 464.158883361 7.7600710157 7.78921067619 7.83426173668 7.70015420416
658 464.158883361 6.42876322933 6.45571457048 6.47792605196 7.53896090591
658 464.158883361 7.80597916264 7.85684883542 7.90210298055 7.57897651381
658 464.158883361 7.78807332313 7.81767695608 7.86228382633 8.09911789465
658 464.158883361 6.83697716803 6.86888501817 6.90182419791 7.25777205095
658 464.158883361 7.83258952828 7.87461383895 7.90737681708 9.44228806013
658 464.158883361 7.32147272875 7.34992321254 7.38762689951 6.98986280239
658 464.158883361 5.99691590451 6.02234392843 6.04597342778 6.02264459357
658 464.158883361 7.32261852117 7.35866698355 7.39300527177 7.3750798012
658 464.158883361 6.9959077952 7.03171229398 7.0545091924 7.15261812819
658 464.158883361 7.42297900911 7.46490427656 7.50405988247 8.89236894314
658 464.158883361 6.70297430444 6.73368882792 6.76084622013 7.64181505778
658 464.158883361 7.28054032876 7.32569751029 7.35550018538 8.68364961487
658 464.158883361 8.01756910131 8.06619019691 8.10746478591 9.09318138152
658 464.158883361 6.76432964034 6.80832219045 6.82884005735 8.20890210593
658 464.158883361 8.09486579991 8.13116495962 8.17262798513 8.13564503755
658 464.158883361 9.02165948257 9.041334164 9.07680647028 8.67795748075
658 464.158883361 7.90491636417 7.93839635749 7.9824004177 7.1835894436
658 464.158883361 7.59536637038 7.63154611357 7.66237402023 9.19645886865
658 464.158883361 7.79777021148 7.83476185931 7.86411870536 7.99868473228
658 464.158883361 7.98172798965 8.01963499831 8.0609886858 8.44843304561
658 464.158883361 5.75588069369 5.78334223778 5.81416769736 5.91271752617
658 464.158883361 6.87036050436 6.9132603719 6.94425032526 6.81232873609
658 464.158883361 7.1259898273 7.14500265942 7.17455562278 7.11404699908
658 464.158883361 6.81064371376 6.84032777541 6.85626853146 8.015135736
658 464.158883361 8.14407881818 8.18718430004 8.218638279 8.30961889374
658 464.158883361 6.20299470491 6.23054746648 6.26014479978 6.23707424346
658 464.158883361 6.60003277254 6.63972712851 6.68031945534 6.9111382029
658 464.158883361 5.35206774629 5.38227985989 5.40677195959 6.0922842026
658 464.158883361 6.80386804981 6.83838649684 6.86246224095 7.02056846028
658 464.158883361 7.1862964844 7.22297047347 7.25678071842 7.72909671809
658 464.158883361 6.19728286601 6.23020986554 6.2558876879 7.40710019226
658 464.158883361 7.54505155642 7.5777182433 7.60762083139 9.33283757741
658 464.158883361 7.07243871231 7.09915840392 7.13745384617 8.1187130482
658 464.158883361 7.76825676009 7.80552521287 7.83004259896 7.76463120973
658 464.158883361 7.05131625717 7.0880268314 7.11222611067 7.47951986853
658 464.158883361 7.26931274004 7.30636262744 7.34360211981 8.26958037016
658 464.158883361 7.42126242257 7.45344262092 7.4861372255 7.80196554763
658 464.158883361 6.51701108917 6.54915010446 6.57849204115 6.78814205395
658 464.158883361 7.62616204437 7.67180280927 7.70737880217 8.26824042581
658 464.158883361 6.01255361691 6.04842265422 6.074160329 6.52390652119
658 464.158883361 6.34834674499 6.38180107799 6.41217971687 7.02779619255
658 464.158883361 7.60669899804 7.64800845961 7.67958764648 8.06828690381
658 464.158883361 8.08954269842 8.13102070254 8.16586162254 9.14308711717
658 464.158883361 7.16688733333 7.21023899127 7.23562687734 6.91920782927
658 464.158883361 6.44981443376 6.47862035783 6.50830150595 7.71093651788
658 464.158883361 7.46149149439 7.49219298378 7.52751457729 8.63956536602
658 464.158883361 6.43948595203 6.47369511321 6.5133712168 7.29324030622
658 464.158883361 6.59227943051 6.61832735597 6.65355470112 6.58581597761
658 464.158883361 5.62668707532 5.64839427832 5.67948833087 6.48833739391
658 464.158883361 6.56833503723 6.59664510398 6.62159503397 7.55307609378
658 464.158883361 7.59528329533 7.63774081618 7.66551106831 8.136215048
658 464.158883361 5.80505871664 5.83821927697 5.86479240425 6.71307937202
658 464.158883361 8.49319856224 8.53944700808 8.59153038259 9.48004312644
658 464.158883361 7.01980337694 7.06032094281 7.09256928697 7.09546587195
658 464.158883361 6.92251934329 6.9608811269 6.98287671296 6.77031332956
658 464.158883361 5.90342582472 5.92703025123 5.96117457404 6.01967931161
658 464.158883361 6.35878038312 6.3889651579 6.41719636341 6.64278319279
658 464.158883361 5.71548877938 5.7373706565 5.76274010391 6.13677430544
658 464.158883361 6.54578045567 6.57313127003 6.59989048824 6.89837908902
658 464.158883361 6.0962426049 6.14288107785 6.17349074785 8.01111777447
658 464.158883361 7.61519502151 7.65057846177 7.67642686196 8.80172279645
658 464.158883361 6.8977607938 6.93138294409 6.96988025336 7.59159012629
658 464.158883361 7.16181074643 7.19845966091 7.22342267252 8.32655667245
658 464.158883361 6.72968501525 6.76402822688 6.80163508861 6.98639977344
658 464.158883361 5.60896494073 5.63542665909 5.66062729906 6.32629920518
658 464.158883361 6.76989452591 6.79831200282 6.83043136337 7.18063971014
658 464.158883361 6.19435562301 6.22410909606 6.24905901112 6.36322689024
1418 215.443469003 7.61982131328 7.63937827641 7.65448451102 7.91874810572
1418 215.443469003 6.90162495747 6.92648169898 6.93808845896 7.04436243106
1418 215.443469003 7.32073221123 7.33659043686 7.35634154183 7.84721796509
1418 215.443469003 7.05543982546 7.0750348395 7.0903999624 7.97511555598
1418 215.443469003 7.22780077128 7.24493903692 7.2592641679 8.33216824383
1418 215.443469003 8.30341442419 8.32246688372 8.33260435739 8.36694838831
1418 215.443469003 6.8810042986 6.89388015186 6.90850896334 7.08751467683
1418 215.443469003 7.94445680378 7.95960531233 7.98054301528 8.7888266799
1418 215.443469003 7.23000520788 7.24451284112 7.26190755504 7.18571609976
1418 215.443469003 7.08225420918 7.10096373166 7.12082190491 6.75453761938
1418 215.443469003 6.85034823668 6.87324841087 6.88431647054 7.28777930695
1418 215.443469003 6.62614870431 6.64150147676 6.65252982566 6.91341297046
1418 215.443469003 6.85034770176 6.86869270051 6.87930027773 7.25623721453
1418 215.443469003 7.3478803183 7.36252021842 7.37578002798 7.43195141096
1418 215.443469003 7.55703605454 7.57015021489 7.58711897456 7.5205187397
1418 215.443469003 6.49611910137 6.51298301688 6.52230609807 6.58911347645
1418 215.443469003 7.30445980392 7.32354253573 7.33656818339 7.32935197866
1418 215.443469003 7.06804181908 7.09212017876 7.10718709429 7.54730005764
1418 215.443469003 6.92177871354 6.93398594562 6.95609988856 6.95142366116
1418 215.443469003 6.87353487844 6.89126627931 6.90680514952 6.96591040091
1418 215.443469003 7.95873488431 7.98170044767 8.00192815777 8.11735383364
1418 215.443469003 7.19007149567 7.20528058151 7.22112888853 7.42759311537
1418 215.443469003 6.31547726152 6.33031893407 6.34530904593 6.96901110062
1418 215.443469003 8.03359384765 8.04715536136 8.06853259151 8.12494426136
1418 215.443469003 5.95050851261 5.96695807856 5.97618673214 6.27183146393
1418 215.443469003 6.74561026535 6.76663383311 6.77977058694 7.26014773606
1418 215.443469003 7.32641020308 7.33960961737 7.35607128886 8.0739812723
1418 215.443469003 7.17950112419 7.19100183227 7.20689204884 6.66540345888
1418 215.443469003 7.28527156368 7.3096270187 7.32525605949 7.71057225256
1418 215.443469003 8.04742709926 8.06097023558 8.08366670039 8.04721342936
1418 215.443469003 6.76621171766 6.77798815687 6.79609018573 6.75900560311
1418 215.443469003 6.5210388032 6.53563796914 6.55014996373 6.8938964152
1418 215.443469003 7.2770427227 7.2930990625 7.30808802196 7.25777952439
1418 215.443469003 7.01722589299 7.03545340457 7.0515384421 7.66596813797
1418 215.443469003 6.99661642403 7.01313531282 7.02359835625 7.28620617885
1418 215.443469003 6.03223653182 6.04402487189 6.05643569491 6.40339450839
1418 215.443469003 7.16542833606 7.18259764604 7.19761240341 7.3160580673
1418 215.443469003 7.27804295513 7.29253817087 7.31030283975 7.06259773554
1418 215.443469003 8.12520689123 8.14282988708 8.15805485233 8.27750598452
1418 215.443469003 7.55190841787 7.56973087197 7.58696489553 7.63276739098
1418 215.443469003 7.61983135313 7.64320078704 7.66459626484 8.41841840539
1418 215.443469003 7.62118820346 7.63829346526 7.65743825204 8.01042320869
1418 215.443469003 6.52387559497 6.53979143542 6.55874390259 6.6048956949
1418 215.443469003 6.34358248233 6.35950515069 6.36993029691 6.84645494643
1418 215.443469003 6.36786862984 6.38147579055 6.39299944514 6.08015300575
1418 215.443469003 7.98670988324 8.00479606114 8.02268684101 8.1451514606
1418 215.443469003 7.46536759974 7.48416743727 7.49605619107 7.91453904159
1418 215.443469003 8.15946701838 8.17432191673 8.192504753 8.54345740449
1418 215.443469003 7.57847355541 7.5966964049 7.61279393913 7.47324084252
1418 215.443469003 7.34685672488 7.36490329011 7.3775265645 7.69209337958
1418 215.443469003 6.40983923995 6.42641390012 6.44030884894 6.69554747153
1418 215.443469003 7.39823462022 7.41050571258 7.42683503798 7.58775786311
1418 215.443469003 6.91195419467 6.92634755381 6.93913711516 7.58354127487
1418 215.443469003 6.48814032802 6.49992901299 6.51465513853 6.49505750686
1418 215.443469003 7.18262163509 7.20029854214 7.21664012392 7.44267987799
1418 215.443469003 6.6907377641 6.70933721475 6.72192551529 7.55207056921
1418 215.443469003 6.54637590164 6.56158940011 6.57591490366 6.25346213338
1418 215.443469003 8.00690570904 8.0233762788 8.03793657191 8.30426275642
1418 215.443469003 6.14980088092 6.16671596445 6.18310079905 6.71037194125
1418 215.443469003 6.90535604531 6.92385962529 6.9387808507 6.56423023896
1418 215.443469003 6.93186185602 6.9501863553 6.96635865427 7.10450185774
1418 215.443469003 7.33800089084 7.35177282043 7.36684318887 7.81420935874
1418 215.443469003 6.71229389933 6.72724208685 6.74254653228 7.31131092337
1418 215.443469003 7.18755773669 7.20583486636 7.22414299834 7.58517887428
1418 215.443469003 7.13554015218 7.15889803538 7.17045220561 8.01173596158
1418 215.443469003 7.03764317126 7.05379386101 7.06705810371 7.19162367481
1418 215.443469003 6.90214058073 6.9185689153 6.93224884176 7.63788634631
1418 215.443469003 7.67823208865 7.69769216496 7.7143619077 8.34254587389
1418 215.443469003 6.4247555272 6.44098952914 6.45210996267 6.27877676276
1418 215.443469003 5.63764508613 5.64941916217 5.66071662948 6.10677152086
1418 215.443469003 6.75373586413 6.77172847655 6.78669289465 7.25214004655
1418 215.443469003 6.93358958555 6.95032681061 6.96372501675 7.27226727651
1418 215.443469003 8.25861117967 8.28082143767 8.29757591552 8.57113819119
1418 215.443469003 7.14178254634 7.15061744516 7.16537044362 7.21555826631
1418 215.443469003 6.83883091789 6.85154037719 6.86706327347 6.9379853493
1418 215.443469003 6.76144292189 6.77723847862 6.78961888018 6.84607180002
1418 215.443469003 6.99943429421 7.01392764676 7.02594686649 7.50551567294
1418 215.443469003 6.39660915207 6.42838183084 6.44670784957 6.68043953866
1418 215.443469003 6.50072753353 6.5100764734 6.522695274 6.89420345537
1418 215.443469003 7.32981835177 7.34847700811 7.3605041342 8.29592487279
1418 215.443469003 7.35032561291 7.36719694873 7.38405242475 7.28449081151
1418 215.443469003 6.18733888307 6.19964427936 6.21597613521 7.06837508999
1418 215.443469003 6.47660303036 6.49174124722 6.50887749829 6.70493033875
1418 215.443469003 6.81872073079 6.82888377076 6.84353721103 7.52522798689
1418 215.443469003 7.4082612242 7.42794129967 7.43902050257 7.54886746775
1418 215.443469003 8.12043148873 8.13704541817 8.15175589054 8.08916112179
1418 215.443469003 6.99763737224 7.01213072843 7.02215700651 7.78754093032
1418 215.443469003 6.28366212316 6.29871373084 6.30780952284 6.21735610011
1418 215.443469003 6.70360769389 6.72327090886 6.73576414336 6.84387037158
1418 215.443469003 7.82075469386 7.84089702318 7.85446517179 8.42065166496
1418 215.443469003 7.11032193462 7.12880665984 7.13941669338 8.0449411754
1418 215.443469003 6.18362209441 6.19830319606 6.20545851671 6.82813816409
1418 215.443469003 7.36513192982 7.38376007411 7.40390982712 7.34412708587
1418 215.443469003 7.24915097409 7.26705220016 7.28170340261 7.42372237953
1418 215.443469003 6.68880833009 6.70293538479 6.7129146848 7.29536739623
1418 215.443469003 6.02298902487 6.03792626744 6.04995029716 6.33775837723
1418 215.443469003 7.82534705026 7.84129191365 7.85753097684 8.75540279643
1418 215.443469003 6.46984833748 6.48584126461 6.49859713762 6.79465228279
1418 215.443469003 7.06290080628 7.07985041095 7.09745466962 7.11492106345
1418 215.443469003 7.26435517927 7.27722941679 7.29335769974 6.89925679341
3055 100.0 6.78381696705 6.79101523146 6.79902065428 6.82703870711
3055 100.0 7.72915855021 7.73771511811 7.74537875699 7.77742924694
3055 100.0 7.22353822915 7.23286935963 7.2398900686 7.12844735235
3055 100.0 6.55697135325 6.56226123001 6.56740198153 6.76997056665
3055 100.0 7.06097056254 7.07123304339 7.07730414457 7.3671095997
3055 100.0 6.63180642117 6.63985112121 6.64806945947 6.84876350441
3055 100.0 6.31040111656 6.31740493602 6.32312939681 6.41553528409
3055 100.0 6.21702560697 6.2252922726 6.23228595748 6.65624116998
3055 100.0 6.57425189401 6.58204378751 6.58843742801 6.99583166236
3055 100.0 7.41342111643 7.42147375543 7.43058087056 7.92613376128
3055 100.0 7.56310251388 7.57460206781 7.58138277432 7.44392379885
3055 100.0 6.53535162747 6.54190150312 6.54920250879 6.72352053389
3055 100.0 6.72196246942 6.72927826392 6.73758829366 6.70932545505
3055 100.0 6.70034762057 6.70740881054 6.71378299066 6.77550861937
3055 100.0 7.48526658327 7.49165369747 7.50045278252 7.82681959925
3055 100.0 7.90738399992 7.91501562862 7.9229903467 8.42758317095
3055 100.0 7.09164018038 7.09808364307 7.10731262728 7.60270617939
3055 100.0 7.10277558815 7.11028823213 7.114703928 7.13871261361
3055 100.0 7.73267389112 7.74104735371 7.74650548648 7.90443163364
3055 100.0 7.04324082021 7.05356255322 7.06080119977 7.40969664554
3055 100.0 7.15054578672 7.15955205794 7.16601981624 7.53986050054
3055 100.0 7.80037356663 7.80774037893 7.81506935261 7.65263756724
3055 100.0 7.12862664063 7.13788230013 7.14565772236 7.50949310915
3055 100.0 5.85252380496 5.85898760944 5.86592329901 5.58363492969
3055 100.0 7.20639013212 7.2137877301 7.22074844943 6.77509270628
3055 100.0 7.73206966139 7.74190093927 7.74983613899 8.34394109462
3055 100.0 6.97214772374 6.98346088035 6.98828965606 7.00935336004
3055 100.0 6.57086279546 6.57791703595 6.5857091901 6.66364940878
3055 100.0 6.26010418664 6.26824620587 6.27548084383 6.55738274452
3055 100.0 7.22077148647 7.22774653937 7.23553424071 7.61898125781
3055 100.0 6.639910282 6.64458773252 6.65309980001 7.20862429625
3055 100.0 7.01199866404 7.02111253471 7.02902003029 7.11448830923
3055 100.0 6.73217349667 6.73913135072 6.74520033318 7.18370673925
3055 100.0 6.80825235217 6.81505083259 6.82238575651 6.68516736461
3055 100.0 7.2209215602 7.22979380267 7.2369606174 7.29070432442
3055 100.0 7.0113000733 7.01702040488 7.02382027824 7.44641252761
3055 100.0 7.07559605158 7.0831483138 7.08891179414 7.08962588576
3055 100.0 6.9087650124 6.91580950928 6.92381488962 6.74774280945
3055 100.0 6.95303568408 6.96066868221 6.96711033393 6.68661920602
3055 100.0 6.58234437074 6.58991906556 6.59696444413 6.56149145369
3055 100.0 6.53343002593 6.5398936096 6.54593901839 6.66921242194
3055 100.0 6.97792842749 6.98636487136 6.99188455054 6.88751252558
3055 100.0 7.09349013047 7.10300082714 7.10854766857 7.53050132694
3055 100.0 7.54347056577 7.55203624545 7.55549837143 7.75153516411
3055 100.0 7.89635404308 7.90533817124 7.91196387135 7.66860519731
3055 100.0 7.17321538541 7.1835989975 7.19034623328 7.28350087708
3055 100.0 6.78598709019 6.7936961295 6.80045782123 6.43365683315
3055 100.0 6.90924151463 6.91553086807 6.92384842358 6.97678117867
3055 100.0 7.59249988491 7.5989855055 7.60641097505 7.46955356438
3055 100.0 6.42099201215 6.42709647697 6.43360658075 6.78489798459
3055 100.0 7.33572871656 7.34464647536 7.35134571473 7.73242876763
3055 100.0 6.93391717867 6.94227749336 6.94993804719 6.89919417825
3055 100.0 7.34128862042 7.35022038662 7.35655152394 7.91033020765
3055 100.0 7.25002697397 7.2576022921 7.26431151411 7.66119015512
3055 100.0 7.29955075421 7.30798847466 7.3167653868 6.9006284049
3055 100.0 7.40675633375 7.41654446037 7.42492056867 7.26632423089
3055 100.0 7.14387397104 7.15150855039 7.15730734813 7.29335730506
3055 100.0 7.44004670708 7.44837766772 7.45614361292 7.22850711176
3055 100.0 6.91230936274 6.92123256752 6.92915977517 7.30917344313
3055 100.0 6.76211874856 6.7712505217 6.77748660588 6.72887481803
3055 100.0 6.73473398377 6.74488983435 6.75178241264 6.76531427798
3055 100.0 7.07883152265 7.08480121756 7.09069509933 7.06991858722
3055 100.0 7.39814916328 7.40608918666 7.41502034702 7.58880328085
3055 100.0 7.82745725205 7.83313162171 7.84197755386 7.68369036306
3055 100.0 6.78442052347 6.79011379911 6.79668297453 6.87942216273
3055 100.0 6.49417248565 6.50151584562 6.50814004852 6.32165593289
3055 100.0 7.00961696813 7.01896209956 7.02558707676 6.97232782816
3055 100.0 6.83629280279 6.84403761312 6.85127555774 7.19391511673
3055 100.0 6.896901397 6.90310500808 6.90948009204 7.09157725134
3055 100.0 7.2976430183 7.30535622742 7.31043636801 7.58078054971
3055 100.0 7.20134808801 7.20863184474 7.21768239885 7.23920213127
3055 100.0 7.41174574665 7.4183150433 7.42737852913 7.49235983917
3055 100.0 7.66683822629 7.67726378467 7.68292408534 7.86572374944
3055 100.0 7.1221929617 7.1298864899 7.13595598392 7.27856790264
3055 100.0 7.14336558966 7.15056811451 7.15700324717 7.39601065291
3055 100.0 7.82114819202 7.83140827146 7.83948346923 8.0838492223
3055 100.0 7.06365482261 7.07413582396 7.08118786881 7.17953118914
3055 100.0 7.13138957325 7.13875952858 7.14528757753 7.35367583536
3055 100.0 6.95823816702 6.96461703296 6.96980733746 6.98522399726
3055 100.0 7.34178347467 7.35175749704 7.35997524836 7.38199754853
3055 100.0 6.36208378421 6.36787273884 6.3752280374 6.48580725587
3055 100.0 6.92714079043 6.93499140104 6.94261312697 7.06786556805
3055 100.0 6.71340339248 6.71883177227 6.72616990196 6.65462407373
3055 100.0 7.25090716668 7.26017175731 7.26741078647 7.25881278102
3055 100.0 7.41122701047 7.42396683464 7.42834831426 7.63048375807
3055 100.0 6.93524197847 6.9419599071 6.94779345299 7.01305385686
3055 100.0 7.41686815585 7.42464314524 7.43361205639 7.61386904318
3055 100.0 6.89286133861 6.9024149369 6.90850996235 7.38832591095
3055 100.0 7.68658725299 7.70058473042 7.70879522609 7.97624877713
3055 100.0 6.50763571489 6.51463763481 6.52098989026 6.44976094152
3055 100.0 6.76981754509 6.77676653011 6.78285206498 7.22762280804
3055 100.0 6.4076886397 6.41532316326 6.42294171069 6.74319467494
3055 100.0 6.78786924719 6.79719423304 6.80447348111 6.8743497217
3055 100.0 6.24772190331 6.25409728364 6.26019347814 6.00788238839
3055 100.0 6.98671678242 6.99774114185 7.00538430094 6.98481802609
3055 100.0 7.02218018065 7.03138045076 7.03871519346 6.9474657099
3055 100.0 6.9690112956 6.97683392585 6.98501070013 6.56215857958
3055 100.0 6.79713375582 6.80352435364 6.80935588912 7.46333065824
3055 100.0 7.11494741601 7.12425597526 7.13181477457 7.00367268981
3055 100.0 7.39758272795 7.40793225015 7.41471841268 7.78107829769
6582 46.4158883361 7.12575239894 7.13004674634 7.13311578271 7.40484468467
6582 46.4158883361 6.74794618307 6.75128531178 6.75440515623 7.0892236535
6582 46.4158883361 6.74795626139 6.75128584885 6.75422013444 6.8310376652
6582 46.4158883361 6.89069210025 6.89582725703 6.89931445897 7.06626810992
6582 46.4158883361 6.78542056317 6.78954311028 6.79258081176 6.97085421522
6582 46.4158883361 6.91470158759 6.91934620901 6.92238699006 7.1150918595
6582 46.4158883361 6.86778471181 6.87204427035 6.87573845283 6.85314047589
6582 46.4158883361 7.49409623885 7.49788242343 7.50050273332 7.76942410005
6582 46.4158883361 6.87754967322 6.88050422814 6.88321075723 6.83758006743
6582 46.4158883361 7.10023615572 7.10395506988 7.10719091037 7.02233504518
6582 46.4158883361 6.64430625162 6.64699639216 6.64966515469 6.6008630776
6582 46.4158883361 6.915015374 6.91902180972 6.92221876615 6.81246289541
6582 46.4158883361 6.99932084122 7.00385091679 7.00703523326 7.2970211509
6582 46.4158883361 7.53580875567 7.5408382331 7.54426822316 7.46738841172
6582 46.4158883361 7.22839932365 7.23281091658 7.2379736532 6.99768007755
6582 46.4158883361 7.30161329619 7.3052233678 7.30864330964 7.42306024059
6582 46.4158883361 6.94514703945 6.94918198357 6.95195597858 7.06492467921
6582 46.4158883361 7.36715063864 7.37177034228 7.37648913136 7.23756795344
6582 46.4158883361 7.08391408147 7.08683230278 7.09022937602 7.20102945094
6582 46.4158883361 6.59381902754 6.59700438773 6.60047119988 6.78725527587
6582 46.4158883361 7.15297868487 7.15639140156 7.16057195779 7.14431277445
6582 46.4158883361 7.06981915979 7.07323471591 7.07626820546 6.99594223778
6582 46.4158883361 6.81570868446 6.81941996454 6.82365935784 7.15228478457
6582 46.4158883361 7.34871444565 7.35332426777 7.3558505594 7.53932117806
6582 46.4158883361 7.15390556501 7.15706704574 7.1600288968 7.25982007316
6582 46.4158883361 7.08183721572 7.08476497672 7.08940788211 7.03482921281
6582 46.4158883361 6.50040952032 6.50416686707 6.50756624451 6.6805997225
6582 46.4158883361 6.88357238857 6.88649087202 6.89044169735 7.00505561727
6582 46.4158883361 7.26300926358 7.26620096986 7.26954440187 7.02700796688
6582 46.4158883361 7.3292654185 7.33346808877 7.33613889119 7.04897489206
6582 46.4158883361 6.94619800214 6.9495435643 6.95302839716 6.99776430548
6582 46.4158883361 6.84072478385 6.84382140771 6.84723772489 6.85098494762
6582 46.4158883361 7.01949400472 7.0231881066 7.02588900443 7.17953935486
6582 46.4158883361 6.93786294385 6.94044500272 6.94336100918 7.0076938864
6582 46.4158883361 7.09122579864 7.09408883738 7.09721958658 7.04884747353
6582 46.4158883361 7.70465517665 7.70909061171 7.71220085752 7.56975886343
6582 46.4158883361 6.5901824639 6.59602406119 6.59892137588 6.77032102387
6582 46.4158883361 7.15799670871 7.16153444701 7.16477515437 7.08408062635
6582 46.4158883361 7.02042057763 7.02411536434 7.0275841302 7.0402075885
6582 46.4158883361 6.98888768811 6.99270519676 6.99701832612 7.07975142549
6582 46.4158883361 6.87122378185 6.87515630581 6.87856507624 7.00112567501
6582 46.4158883361 7.6151917246 7.61842672669 7.62160039973 7.56460014666
6582 46.4158883361 7.61467286672 7.61864307947 7.62331395653 7.18211751409
6582 46.4158883361 7.59677966251 7.60134229922 7.60532360726 7.45796410677
6582 46.4158883361 7.67209747489 7.67651961454 7.68045080617 7.74773661351
6582 46.4158883361 7.11872275466 7.12201330077 7.12552278378 7.22820326684
6582 46.4158883361 7.16189855161 7.16495193759 7.16817176447 6.99472519607
6582 46.4158883361 7.10882425489 7.11164127511 7.11501234606 7.20933214422
6582 46.4158883361 7.31026124345 7.31375951735 7.31789010994 7.56572048117
6582 46.4158883361 7.15780361499 7.16222333303 7.16503444905 6.97202747832
6582 46.4158883361 7.21540783179 7.2199328352 7.22312420601 7.10349374752
6582 46.4158883361 7.30386386494 7.30808191537 7.31147468436 7.18683993036
6582 46.4158883361 7.22233661945 7.22639095613 7.23121404137 7.20226409938
6582 46.4158883361 7.05128434505 7.05477474244 7.05781053749 7.26655286152
6582 46.4158883361 7.17716328259 7.18094002541 7.18494333097 6.94995215994
6582 46.4158883361 7.34577393452 7.34895504471 7.35278031154 7.3174257613
6582 46.4158883361 6.89919660836 6.90261504613 6.90546271618 7.1583593631
6582 46.4158883361 6.76973474335 6.77334075022 6.77564418747 7.15364473204
6582 46.4158883361 7.24354067401 7.24734283392 7.25109885303 6.86401997543
6582 46.4158883361 7.24243736073 7.24469719177 7.24896583829 7.30969092382
6582 46.4158883361 6.79163452593 6.79457572787 6.79744798174 6.65336006723
6582 46.4158883361 6.97011493318 6.97453361337 6.97779415123 6.98261510126
6582 46.4158883361 7.25558623931 7.2598550198 7.26238969136 7.28211693609
6582 46.4158883361 7.04501141155 7.04852704595 7.0514850554 6.57396084128
6582 46.4158883361 6.57508876277 6.57874731455 6.58231201673 6.49263202561
6582 46.4158883361 6.8967454584 6.9009694204 6.90419244995 7.03622965068
6582 46.4158883361 6.80621759143 6.80968287491 6.81261147286 6.58973771578
6582 46.4158883361 7.1660651879 7.16929761289 7.1726060622 7.22496222057
6582 46.4158883361 6.99724653776 7.00235939448 7.00541195327 6.84239838969
6582 46.4158883361 6.78361120336 6.7858431663 6.78888387542 6.92503670853
6582 46.4158883361 7.11461012526 7.11831060002 7.12081313242 7.40982660991
6582 46.4158883361 6.47500557055 6.47920276772 6.48178980209 6.49390052619
6582 46.4158883361 6.94047343228 6.94561023613 6.9495513987 7.20926196451
6582 46.4158883361 6.87208807498 6.87533705276 6.87890909898 6.80269203024
6582 46.4158883361 7.08678145342 7.09312735416 7.09647270944 7.14567097586
6582 46.4158883361 7.16500643308 7.16815295981 7.17078931112 7.20381548433
6582 46.4158883361 7.10869993754 7.11253735199 7.11566660153 7.4721324988
6582 46.4158883361 6.88414967134 6.88771778628 6.89083977811 6.8822092319
6582 46.4158883361 6.83168652049 6.83618972477 6.83919553283 6.48553980101
6582 46.4158883361 6.88766509413 6.89072014596 6.89382166441 6.90787796015
6582 46.4158883361 7.05727801154 7.06219928297 7.06527489188 7.3988458781
6582 46.4158883361 7.26714992115 7.27143633327 7.27417665455 7.19650428095
6582 46.4158883361 7.03635336461 7.03984710492 7.04285690879 6.8436035672
6582 46.4158883361 6.9374257328 6.94037621383 6.94338481207 7.10022464605
6582 46.4158883361 6.86906803635 6.87403207696 6.87632384322 6.95258898481
6582 46.4158883361 7.06881089705 7.07179334246 7.07493715346 7.38206241065
6582 46.4158883361 6.72627817348 6.72952763309 6.73364214638 6.62118805907
6582 46.4158883361 6.71721623991 6.7205166165 6.72383406278 6.9824789798
6582 46.4158883361 7.01076352792 7.01422039164 7.01739834008 7.22150914467
6582 46.4158883361 7.28679388539 7.28968600994 7.29367066232 7.53989153135
6582 46.4158883361 6.81736628662 6.82114603707 6.82470838984 6.83136656089
6582 46.4158883361 7.23170603204 7.23716411722 7.24053061015 7.06746700758
6582 46.4158883361 6.88706035196 6.8912429758 6.89439912358 6.65908610491
6582 46.4158883361 6.88743339013 6.89079341479 6.89394812511 6.80115017842
6582 46.4158883361 6.86930067947 6.87341861074 6.87675463183 6.7979158121
6582 46.4158883361 7.3565451498 7.35991654609 7.3630436321 7.25756431327
6582 46.4158883361 6.69666025659 6.70136512559 6.70393920307 7.02300253036
6582 46.4158883361 7.0966166793 7.10097062867 7.10539540085 7.24865205594
6582 46.4158883361 7.0191003497 7.02273664397 7.02614303773 6.92338194319
6582 46.4158883361 7.06686136683 7.07055613783 7.07328997008 6.79580823157
14182 21.5443469003 6.89681250003 6.89833874346 6.90007756082 6.92085195606
14182 21.5443469003 7.20495437842 7.2066369436 7.20778840619 7.07236447195
14182 21.5443469003 6.76438182684 6.76579904483 6.76780917893 6.75959259853
14182 21.5443469003 6.95963549119 6.96158102988 6.96381843546 7.05061986134
14182 21.5443469003 7.04880864038 7.05059744374 7.05245029729 6.48183517428
14182 21.5443469003 7.37114359585 7.3728527226 7.37452808843 7.18591051883
14182 21.5443469003 7.35956258328 7.3619297904 7.36343184115 7.39672432776
14182 21.5443469003 6.95411385078 6.95548933463 6.9572737899 6.82958757707
14182 21.5443469003 6.78381808547 6.78506895705 6.78648368708 6.74540124232
14182 21.5443469003 7.19696375096 7.19898338638 7.20042484696 7.4488510851
14182 21.5443469003 7.34089018075 7.34303243737 7.34420193355 7.19027318076
14182 21.5443469003 6.74175156554 6.74306794008 6.744592359 6.80711672966
14182 21.5443469003 6.79137898918 6.79360382837 6.79490489939 6.48026712579
14182 21.5443469003 7.07192830361 7.07364887018 7.07521138146 7.09223199454
14182 21.5443469003 7.09996199107 7.10091744353 7.10342981555 6.86738250174
14182 21.5443469003 7.0641008414 7.06565400831 7.06767636889 7.19231576112
14182 21.5443469003 6.91797691462 6.91944633516 6.92125039935 6.92334148935
14182 21.5443469003 6.91478242427 6.91655464026 6.91796425139 7.00636731913
14182 21.5443469003 7.03450804844 7.03641084096 7.03799106713 7.11204801134
14182 21.5443469003 6.85232201067 6.85362258544 6.8551219147 6.8035134532
14182 21.5443469003 7.30027312217 7.30192310203 7.30339022594 7.14218891041
14182 21.5443469003 7.24566632065 7.247070936 7.24877557766 6.96092480905
14182 21.5443469003 7.01029107643 7.0123106587 7.01333216384 6.68757853211
14182 21.5443469003 7.25488146424 7.25684362069 7.25852589031 7.10707216503
14182 21.5443469003 7.19564609504 7.19758965127 7.19872406916 7.03118114258
14182 21.5443469003 7.00219199747 7.00372586056 7.0051493443 7.13967431042
14182 21.5443469003 7.38932198475 7.39136976931 7.39300681221 7.39333662271
14182 21.5443469003 7.05094853396 7.05288409836 7.05419139956 7.10520492296
14182 21.5443469003 7.07924965303 7.08103515845 7.08234568356 7.0335791983
14182 21.5443469003 6.98290652328 6.98503236101 6.98670749397 7.06029224965
14182 21.5443469003 6.91745644246 6.91918774034 6.92073579344 7.00984112458
14182 21.5443469003 6.86414510719 6.86572282673 6.86747140603 6.72408772704
14182 21.5443469003 7.23999963612 7.2423264172 7.24384274404 7.35602584988
14182 21.5443469003 6.98355663283 6.98555256386 6.98699389025 7.07989449739
14182 21.5443469003 7.2880188532 7.28988480448 7.29150270839 7.16950893928
14182 21.5443469003 7.05143035029 7.05280347514 7.05413819197 7.0254871163
14182 21.5443469003 7.00728206693 7.00968197354 7.0110990643 6.92541342705
14182 21.5443469003 6.93871448965 6.94136850126 6.94240471057 6.83949341974
14182 21.5443469003 7.04187676659 7.04394739336 7.04555470803 7.18129223759
14182 21.5443469003 7.18124781839 7.18280637792 7.18471083907 7.35538866891
14182 21.5443469003 7.29086756434 7.29260019314 7.29397979525 7.14411775228
14182 21.5443469003 7.4042670259 7.40594439403 7.40778108349 7.23397144643
14182 21.5443469003 7.43773447646 7.43915870491 7.44083596454 7.37405724583
14182 21.5443469003 6.84738431639 6.84825076837 6.84977141872 6.95747943571
14182 21.5443469003 6.8693932571 6.87172519018 6.8732540125 6.91875521373
14182 21.5443469003 6.77769352296 6.77922599891 6.78064840236 6.7826316826
14182 21.5443469003 7.26979061601 7.27178767272 7.27345572034 7.10563307126
14182 21.5443469003 6.78915275366 6.79073286552 6.79232775115 6.5418627311
14182 21.5443469003 7.20888791021 7.21041346881 7.2118551826 7.10988057261
14182 21.5443469003 7.15351984511 7.15530098482 7.15680319313 7.12509278501
14182 21.5443469003 7.03150681683 7.03389771143 7.03597018584 6.98324262526
14182 21.5443469003 7.12076342009 7.12223355436 7.12342004435 7.38932638353
14182 21.5443469003 6.91186892868 6.91385895187 6.91574808586 6.87220748559
14182 21.5443469003 7.03490524767 7.03674074122 7.03803217977 7.30517326373
14182 21.5443469003 7.11009062542 7.11263534623 7.11377261588 7.10043152767
14182 21.5443469003 6.86467237585 6.86686437378 6.86834610173 6.61818113108
14182 21.5443469003 6.82121794692 6.82341660112 6.82492302434 6.66639583859
14182 21.5443469003 7.1698283433 7.1724980698 7.17353962283 7.15578192765
14182 21.5443469003 7.01989834231 7.02182153833 7.02345844327 6.8196872416
14182 21.5443469003 7.27269687425 7.27452851694 7.27596286033 7.37020269246
14182 21.5443469003 7.03099227239 7.0329202093 7.03437997612 6.9545107879
14182 21.5443469003 7.02838710868 7.03002187548 7.03143087602 7.04995263908
14182 21.5443469003 7.10530960631 7.10660986238 7.10838376683 7.25154465101
14182 21.5443469003 6.84405542057 6.84520634784 6.84637615987 6.79404985728
14182 21.5443469003 7.15580851617 7.15848170948 7.16008060168 7.06022193404
14182 21.5443469003 7.29077804262 7.29248687979 7.29401835007 7.07717364566
14182 21.5443469003 7.08145130234 7.08307539067 7.08492340715 7.0947347758
14182 21.5443469003 7.16138273039 7.16307472158 7.16411671253 7.18352793789
14182 21.5443469003 7.16649211481 7.1681740618 7.17027449415 7.07794827978
14182 21.5443469003 6.56007504285 6.56184791518 6.56353708593 6.36675806172
14182 21.5443469003 7.11999093149 7.12167989673 7.12362438482 6.91006423063
14182 21.5443469003 7.1973513624 7.1990789425 7.20090065321 7.13604853093
14182 21.5443469003 7.06903131245 7.07031468695 7.07214013462 7.17616920073
14182 21.5443469003 7.2501778092 7.25225068853 7.25401618672 7.12379440959
14182 21.5443469003 7.02239077123 7.02445305114 7.02582217692 6.8866706708
14182 21.5443469003 7.26457461269 7.26666732461 7.26838349381 7.25190992112
14182 21.5443469003 7.08796233688 7.09065526947 7.09232840245 6.87286577503
14182 21.5443469003 7.18681398155 7.18828907493 7.19020892867 7.21784818782
14182 21.5443469003 7.06738440002 7.06893537563 7.07135778497 7.14427498394
14182 21.5443469003 7.30252894658 7.30459599601 7.30631975982 7.23413568864
14182 21.5443469003 7.17511783552 7.17724796143 7.17854538808 7.01422839199
14182 21.5443469003 7.09071895241 7.09163660336 7.09331885014 7.05699135069
14182 21.5443469003 6.8750193441 6.87672725926 6.87806380901 6.90086168445
14182 21.5443469003 7.4556203983 7.45768457506 7.45847521695 7.39868986327
14182 21.5443469003 7.13384117628 7.13559003516 7.13794561905 7.10858339899
14182 21.5443469003 7.09596018196 7.09800782399 7.09991895913 7.02837928517
14182 21.5443469003 7.06284211172 7.06473122838 7.06643392829 7.06560726368
14182 21.5443469003 7.31567214389 7.31728528906 7.31880995183 7.46922849447
14182 21.5443469003 7.23320905258 7.23531501062 7.23664657631 7.16122423472
14182 21.5443469003 6.93388186454 6.93583732234 6.93730544055 6.86586904666
14182 21.5443469003 7.12996026384 7.13140172429 7.13287169286 7.02079758324
14182 21.5443469003 6.99206650355 6.99354900273 6.99506033535 6.93743767487
14182 21.5443469003 6.79672186708 6.79856365062 6.80003368491 6.84865475909
14182 21.5443469003 7.0686595951 7.07067710754 7.07257529155 6.92176529367
14182 21.5443469003 7.0097034338 7.01171549906 7.01372130817 6.84995008003
14182 21.5443469003 7.10350535065 7.10521315677 7.10652564274 6.97222534629
14182 21.5443469003 6.95364624736 6.9557050408 6.95726935707 6.83824440718
14182 21.5443469003 7.25463934028 7.25617281109 7.25792113953 7.10977897367
14182 21.5443469003 7.27622748841 7.27745554002 7.27878944726 7.23374010023
14182 21.5443469003 7.36890827458 7.3704353566 7.37164075896 7.366261332
30554 10.0 7.05353246496 7.0544312567 7.05514422936 6.82219099871
30554 10.0 7.32462041733 7.32543390625 7.32615381601 7.20720630411
30554 10.0 7.118211425 7.12042505154 7.1211949134 6.80231405808
30554 10.0 7.05672671645 7.05759560398 7.05849038979 7.02286127639
30554 10.0 7.09781213166 7.09872513429 7.09963779916 7.15388637944
30554 10.0 7.00820216735 7.00938018779 7.01018862285 6.92764570335
30554 10.0 6.91703244511 6.9179782603 6.91877691807 7.03966824381
30554 10.0 7.17821000292 7.17908982238 7.17962976841 7.13207658826
30554 10.0 7.07004553438 7.07112553151 7.07209242359 6.97451784286
30554 10.0 7.01043542204 7.01117556156 7.01194097519 6.95279990945
30554 10.0 7.0982732838 7.09916929337 7.09977446242 7.05439107515
30554 10.0 7.13781596485 7.13848923579 7.13922316255 6.95785573585
30554 10.0 7.30950577465 7.3104028487 7.31112980458 7.10706773
30554 10.0 7.1909132211 7.19666656955 7.19766447229 7.17886675528
30554 10.0 7.106690135 7.10759412747 7.108270748 7.13567675366
30554 10.0 7.21133117442 7.21230373692 7.21359475834 7.01509420289
30554 10.0 7.08973027731 7.09045926431 7.09136887445 7.07524883577
30554 10.0 7.0364834161 7.03743311904 7.03809567217 6.95136491641
30554 10.0 7.09725091141 7.09807506908 7.09869020957 7.07855880701
30554 10.0 6.99220441826 6.99301583497 6.99386571235 6.97500463154
30554 10.0 6.99423705051 6.99508541615 6.99564186598 6.93853317269
30554 10.0 7.03520317071 7.03586976586 7.03668020422 6.9978840505
30554 10.0 7.04742313542 7.04810451413 7.04887584363 6.86445879926
30554 10.0 7.03459540573 7.03554404074 7.03624594087 7.00988909244
30554 10.0 6.96881004647 6.96961791253 6.97042482061 6.88917418721
30554 10.0 6.95628827553 6.95722478234 6.95785415561 6.78283695532
30554 10.0 7.17600578265 7.17699747796 7.17767533174 7.16293296666
30554 10.0 6.95490007834 6.95613243619 6.95674497102 6.90351010027
30554 10.0 7.2230934466 7.22468543439 7.22551752095 7.12397045782
30554 10.0 7.09096871921 7.09190870876 7.09246260477 7.03331995324
30554 10.0 7.05893305221 7.06032106414 7.06106986306 6.94939892419
30554 10.0 7.14562682392 7.14646111114 7.14729645425 6.9561264573
30554 10.0 7.22432915186 7.2249824897 7.22567784576 6.9923480974
30554 10.0 7.06185735678 7.0625985004 7.0635701728 7.03410610194
30554 10.0 6.92726123564 6.92808230942 6.92875203163 6.90163762909
30554 10.0 7.12042697407 7.12125996735 7.12201830814 7.08385406155
30554 10.0 7.18540592883 7.18624939187 7.18697825254 7.13184979511
30554 10.0 7.00773006291 7.008551334 7.00931574363 6.94646168344
30554 10.0 7.1622535684 7.16319291877 7.1639728449 7.16077608632
30554 10.0 7.17044331495 7.17135676931 7.17240321759 6.99861786217
30554 10.0 7.12068415274 7.12140586825 7.12203840269 7.02328205639
30554 10.0 6.9611722563 6.96185136308 6.96265860141 6.93420694664
30554 10.0 7.08221673996 7.08309367047 7.08374000917 6.91237936893
30554 10.0 7.17065515215 7.17160881071 7.17224518491 6.99352678403
30554 10.0 7.3188655432 7.31973468121 7.3202471742 7.2004106218
30554 10.0 7.19465968764 7.19562171848 7.19658847172 7.04000085497
30554 10.0 7.30055463343 7.30139299592 7.30212256588 7.34172892527
30554 10.0 7.17980033459 7.18062019706 7.18139199926 7.06287088483
30554 10.0 7.0659684286 7.06655513042 7.06782964854 7.0422445958
30554 10.0 6.9620449845 6.96279860426 6.96363039517 6.90820940918
30554 10.0 7.10787677346 7.10867477244 7.10945878419 6.87073742628
30554 10.0 6.97441380786 6.9750081179 6.97577542993 7.00813938041
30554 10.0 7.15039668971 7.15124689684 7.15206941062 7.07191937106
30554 10.0 7.11084846364 7.11172209936 7.11243593582 7.02712197562
30554 10.0 7.02095346976 7.0220019591 7.02293453862 6.96399857975
30554 10.0 7.00332427693 7.00419422843 7.00506779887 7.00896518209
30554 10.0 7.11538117964 7.11639081889 7.11696092471 7.10886424749
30554 10.0 7.03816919188 7.03912090351 7.0399124011 6.85025796489
30554 10.0 7.16187537883 7.1629594312 7.16377170832 6.92334887617
30554 10.0 7.0803078499 7.08101835087 7.08174100805 6.92135812858
30554 10.0 7.17537859638 7.17627405441 7.17681848125 7.10328692859
30554 10.0 6.92554763278 6.92611635579 6.92667032183 6.79457918078
30554 10.0 7.07000211366 7.0708445843 7.07160038271 7.00843561881
30554 10.0 7.03948284029 7.0405072687 7.04125127854 6.90432789706
30554 10.0 7.06200667597 7.06272718836 7.06345093653 6.87703870556
30554 10.0 7.044998881 7.04588659615 7.04665105497 6.7580742091
30554 10.0 7.1322618431 7.13323007143 7.13420276413 6.93298518774
30554 10.0 6.9507669786 6.95149506037 6.95218558078 6.8220200022
30554 10.0 7.18800818081 7.18871040983 7.18937547453 7.22067129838
30554 10.0 7.14716143643 7.14802282626 7.14873797314 6.9635800622
30554 10.0 6.93160909223 6.93234080666 6.93297926524 6.85462249144
30554 10.0 7.05644013346 7.05731009679 7.05813507439 7.03914953569
30554 10.0 7.33689750714 7.33854495411 7.3393224542 7.19848659045
30554 10.0 7.02627616332 7.02715326759 7.02791980523 6.77580879955
30554 10.0 7.20910168762 7.20976915087 7.21052430163 7.06693472711
30554 10.0 7.08779218246 7.08858969096 7.08917920899 6.96537169093
30554 10.0 7.20493750514 7.20600645708 7.20674764956 7.19644608446
30554 10.0 7.22308247528 7.22402720715 7.22469805871 7.17685226765
30554 10.0 7.04558242205 7.04667940525 7.04724381037 6.70520998236
30554 10.0 7.08572672621 7.08650220318 7.08745489673 6.91305275027
30554 10.0 7.13758231861 7.13842988416 7.13902598876 6.96826657471
30554 10.0 7.24431903517 7.24534524093 7.24609247231 7.01621061131
30554 10.0 7.15685296594 7.15786026259 7.1583838358 6.91518073014
30554 10.0 6.83166856452 6.83230365081 6.83313113535 7.00045383979
30554 10.0 7.2177531877 7.21873080017 7.21974869961 7.11534352182
30554 10.0 6.83929442629 6.84006643744 6.84085469593 6.61148012274
30554 10.0 7.12425600543 7.12509225637 7.12592530502 7.09776390162
30554 10.0 7.06422861793 7.0655844548 7.06630745115 6.9676237516
30554 10.0 7.13942469494 7.1403414894 7.14123449072 6.84956095909
30554 10.0 6.91158265573 6.91256166586 6.91331411788 6.88098978949
30554 10.0 7.11211145222 7.11293837477 7.11398791236 6.93628400582
30554 10.0 7.15021377756 7.15121066592 7.15200530222 6.99687693389
30554 10.0 7.02450922718 7.02552034032 7.02613350733 6.94181568193
30554 10.0 7.12852492361 7.12995598682 7.13074312393 7.08118513562
30554 10.0 7.15828017405 7.15894191538 7.15960652654 7.09622876182
30554 10.0 7.16423523574 7.16518692292 7.16604840503 7.06482057165
30554 10.0 7.10279369874 7.10347478492 7.10418488634 6.94823958677
30554 10.0 7.18959149203 7.19019990598 7.19081609802 6.98326377134
30554 10.0 7.23360182961 7.23453800416 7.23551138302 7.15272258644
30554 10.0 7.18697745861 7.18802627853 7.18898308806 6.87390946337
