#rvir/Mpc     Mvir/1.0e10Msun  rs/Mpc   dc/IU     
1.870256 151907.609375	1.42882872 	  22255.01757812 
1.286574 49458.535156	0.35247654 	 138401.71875000 
1.228910 43100.925781	0.28846776 	 188155.75000000 
1.116616 32331.363281	0.38948900 	  83063.77343750 
1.082564 29470.875000	0.56622881 	  37932.49218750 
1.013455 24181.587891	0.23902290 	 191151.12500000 
0.966324 20961.794922	0.21621680 	 210707.70312500 
0.997977 23083.615234	0.19249682 	 301836.93750000 
0.914270 17754.210938	0.22115171 	 174508.68750000 
0.841226 13825.401367	0.17294399 	 266481.50000000 
0.904965 17215.253906	0.21620907 	 179961.93750000 
0.860580 14803.897461	0.23128150 	 141108.10937500 
0.729439 9018.385742	0.10895661 	 531294.12500000 
0.684492 7452.094238	0.16929512 	 168488.15625000 
0.788691 11393.986328	0.15582402 	 278966.71875000 
0.790698 11489.916992	0.12591219 	 456043.81250000 
0.828770 13225.396484	0.16628052 	 267530.50000000 
0.763507 10339.617188	0.25577670 	  88839.71093750 
0.688335 7584.653809	0.26513788 	  65380.25781250 
0.689602 7622.153809	0.14684777 	 232968.10937500 
0.682556 7389.303223	0.15970692 	 192265.20312500 
0.661138 6708.193359	0.12706052 	 300516.68750000 
0.701193 8007.622070	0.19786188 	 124518.03906250 
0.677797 7233.197266	0.16236679 	 183635.96875000 
0.728016 8968.676758	0.20738126 	 122066.76562500 
0.571569 4342.186035	0.15974949 	 127823.32031250 
0.756697 10069.266602	0.11154611 	 557785.56250000 
0.707394 8226.519531	0.19524246 	 132821.62500000 
0.718110 8604.138672	0.14574191 	 262770.40625000 
0.699582 7959.656738	0.08979869 	 761203.87500000 
0.576055 4448.582031	0.11857805 	 255392.23437500 
0.708718 8270.996094	0.11179579 	 471838.40625000 
0.623376 5632.894043	0.20346102 	  90332.82812500 
0.465129 2343.332764	0.09602667 	 251317.32812500 
0.612055 5328.530762	0.08998346 	 551188.50000000 
0.684204 7442.501465	0.14875387 	 224934.29687500 
0.665086 6838.136230	0.13146740 	 281215.25000000 
0.513825 3157.001953	0.09614868 	 319751.34375000 
0.649869 6380.283691	0.12767698 	 282069.50000000 
0.631109 5840.453613	0.11237790 	 350175.50000000 
0.447933 2088.679443	0.11872410 	 149811.98437500 
0.634771 5932.896484	0.14642222 	 192816.71875000 
0.645164 6248.596680	0.09415266 	 565030.62500000 
0.611238 5316.321777	0.09951684 	 434904.56250000 
0.533771 3545.958496	0.08078831 	 522051.06250000 
0.623571 5633.766113	0.09861277 	 466612.40625000 
0.597993 4971.842285	0.10175401 	 398441.31250000 
0.616299 5453.241211	0.09503610 	 491915.46875000 
0.584017 4627.362793	0.19213715 	  92476.81250000 
0.597765 4969.225586	0.20465671 	  84193.80468750 
0.569585 4295.964355	0.12070802 	 244027.70312500 
0.597301 4952.655762	0.26458925 	  49611.57421875 
0.586111 4678.816406	0.07275628 	 853546.12500000 
0.580291 4544.513184	0.11630692 	 273560.43750000 
0.568611 4288.115723	0.09240788 	 448228.96875000 
0.596547 4936.085938	0.20136605 	  89162.72656250 
0.599982 5023.295898	0.09786583 	 440236.84375000 
0.548777 3840.728271	0.11317363 	 247858.65625000 
0.493073 2789.847900	0.08444015 	 384517.75000000 
0.578139 4488.698730	0.11980527 	 253928.73437500 
0.492107 2770.661621	0.06237900 	 799206.87500000 
0.547403 3818.053711	0.09040219 	 417471.43750000 
0.567638 4255.848145	0.12065881 	 238307.10937500 
0.457285 2233.447998	0.08256209 	 353230.40625000 
0.566667 4227.940918	0.09100135 	 452484.09375000 
0.581881 4577.652832	0.08078440 	 647141.18750000 
0.525445 3368.922363	0.18533424 	  79797.10937500 
0.580242 4545.385254	0.14684886 	 167595.12500000 
0.482443 2612.811523	0.15791704 	  89113.96093750 
0.408033 1576.756836	0.05046916 	 856590.93750000 
0.505842 3007.872803	0.11127568 	 219314.10937500 
0.550350 3875.612305	0.13312314 	 177350.32812500 
0.521208 3291.305420	0.14371361 	 135254.20312500 
0.537872 3619.215088	0.16455972 	 104272.01562500 
0.531308 3491.016357	0.19112042 	  75446.67187500 
0.551472 3912.240479	0.11844521 	 230526.26562500 
0.549618 3857.298340	0.13843131 	 161356.93750000 
0.548458 3837.239990	0.16893467 	 102702.20312500 
0.518471 3238.979492	0.16037668 	 105740.81250000 
0.545000 3765.727783	0.07384460 	 670452.06250000 
0.464007 2328.507080	0.06784778 	 569836.37500000 
0.519784 3279.968018	0.09566914 	 339338.96875000 
0.472460 2454.089355	0.06935744 	 556780.06250000 
0.526310 3388.980469	0.10023548 	 303952.12500000 
0.486867 2679.091309	0.07315248 	 522259.96875000 
0.458190 2240.424805	0.10841160 	 189394.04687500 
0.520055 3284.328613	0.11630539 	 216187.25000000 
0.528178 3427.353027	0.11668223 	 218967.23437500 
0.501142 2933.744385	0.19191648 	  66162.46875000 
0.529725 3451.771729	0.13589764 	 156046.90625000 
0.518144 3230.258301	0.20284720 	  65363.67968750 
0.514369 3170.955566	0.07258601 	 624142.12500000 
0.458215 2234.320068	0.08649381 	 316319.93750000 
0.510888 3113.396973	0.10817532 	 242611.53125000 
0.535665 3594.796143	0.16775961 	 103937.56250000 
0.519906 3277.351807	0.11366963 	 228579.26562500 
0.520075 3272.119141	0.06673272 	 795695.18750000 
0.468328 2391.298096	0.31852967 	  21509.76953125 
0.447264 2079.958496	0.14823154 	  90841.76562500 
0.513109 3139.560059	0.05416996 	1280526.37500000 
0.465381 2343.332764	0.12239191 	 145131.67187500 
0.472651 2456.705566	0.09851921 	 241977.95312500 
0.401317 1500.884033	0.06032462 	 546279.37500000 
0.507420 3039.268555	0.14305863 	 128087.99218750 
0.487966 2703.510010	0.12755847 	 151328.48437500 
0.511092 3106.420166	0.08807698 	 385019.34375000 
0.398505 1476.465332	0.08238401 	 255819.62500000 
0.467003 2372.112061	0.08197471 	 371848.43750000 
0.492773 2795.080566	0.06882763 	 637595.37500000 
0.476108 2508.159668	0.10196006 	 228610.90625000 
0.473592 2475.019775	0.05662115 	 914530.68750000 
0.501390 2933.744385	0.06217463 	 849782.50000000 
0.499179 2887.523193	0.20709802 	  55705.47265625 
0.492779 2786.359375	0.25773087 	  35102.96484375 
0.452942 2157.575439	0.08352042 	 327597.46875000 
0.499020 2893.627686	0.07497989 	 531285.75000000 
0.351862 1007.275513	0.08741883 	 173777.18750000 
0.483494 2618.916260	0.07897735 	 433219.87500000 
0.485124 2655.544434	0.06763820 	 626158.00000000 
0.474193 2483.740723	0.18613221 	  61638.97656250 
0.469075 2404.379639	0.12967262 	 132007.56250000 
0.490359 2742.754395	0.05856217 	 919778.68750000 
0.440293 1986.643799	0.06590663 	 539471.68750000 
0.394385 1427.627686	0.13633218 	  83338.85156250 
0.483267 2627.637207	0.07174288 	 544420.37500000 
0.484359 2651.184082	0.12774676 	 151157.54687500 
0.472789 2456.705566	0.05988637 	 795878.50000000 
0.456187 2210.773438	0.13647704 	 114607.15625000 
0.472383 2454.089355	0.06323286 	 694503.87500000 
0.394842 1432.860352	0.10222784 	 155387.53125000 
0.480696 2586.648682	0.14993335 	 102423.10156250 
0.453832 2172.401123	0.08600434 	 315941.68750000 
0.453087 2163.680176	0.11507909 	 165575.29687500 
0.420698 1738.967407	0.06264850 	 537285.81250000 
0.433013 1882.863892	0.06559280 	 517997.78125000 
0.477326 2529.090088	0.07430780 	 494411.75000000 
0.405519 1552.338013	0.08248533 	 267652.81250000 
0.420091 1723.269531	0.13172074 	  98628.51562500 
0.445313 2054.667480	0.06342462 	 606697.75000000 
0.448101 2098.272705	0.07405941 	 428765.15625000 
0.471052 2433.158936	0.06623425 	 616069.31250000 
0.444305 2039.841919	0.07968236 	 352017.84375000 
0.451956 2147.982178	0.07573228 	 422775.37500000 
0.423167 1761.641968	0.08901199 	 242284.75000000 
0.438752 1970.073853	0.07159986 	 439370.34375000 
0.460330 2279.669434	0.08181921 	 364241.43750000 
0.454390 2183.738281	0.29541004 	  23867.86914062 
0.421711 1750.304688	0.07664233 	 337885.96875000 
0.428719 1837.514648	0.23975730 	  31900.30468750 
0.434514 1907.282715	0.09816690 	 204849.34375000 
0.439867 1977.922729	0.13248283 	 109348.78125000 
0.442022 2007.574219	0.13571978 	 104575.55468750 
0.460835 2291.878906	0.07296837 	 493989.87500000 
0.462778 2319.785889	0.05087683 	1136094.00000000 
0.403586 1531.407593	0.05025233 	 853548.31250000 
0.430735 1868.910278	0.08315301 	 297526.34375000 
0.447218 2081.702637	0.06382815 	 605893.31250000 
0.451996 2145.365967	0.09506735 	 246013.04687500 
0.428386 1831.410034	0.12020995 	 125521.72656250 
0.459425 2254.378418	0.21053182 	  47422.83593750 
0.434291 1905.538452	0.10081213 	 193846.87500000 
0.422800 1756.409424	0.07763577 	 322547.18750000 
0.427460 1815.712158	0.15889014 	  69539.44531250 
0.415164 1667.455200	0.09956723 	 181267.78125000 
0.439818 1977.922729	0.06436649 	 568285.87500000 
0.426944 1817.456421	0.16528296 	  65054.50000000 
0.438944 1969.201782	0.09469004 	 228763.78125000 
0.449801 2116.586670	0.07701111 	 397044.06250000 
0.363686 1119.776367	0.06900567 	 310135.03125000 
0.442136 2011.062622	0.06269956 	 621029.31250000 
0.396564 1450.302246	0.09089722 	 203199.67187500 
0.429767 1851.468262	0.06359638 	 548453.81250000 
0.420765 1739.839478	0.13693160 	  91839.31250000 
0.329252 834.599670	0.03820591 	 981391.50000000 
0.428909 1837.514648	0.06728397 	 481975.71875000 
0.298895 620.063110	0.06740174 	 209622.75000000 
0.431506 1869.782349	0.06908074 	 464727.06250000 
0.437468 1945.655029	0.09083461 	 251479.40625000 
0.438184 1964.841309	0.06570368 	 537305.37500000 
0.429846 1845.363647	0.05836939 	 674731.37500000 
0.396589 1452.918579	0.05061417 	 812788.25000000 
0.438277 1965.713379	0.05895961 	 700577.81250000 
0.416462 1686.641357	0.06908012 	 426419.06250000 
0.423172 1765.130371	0.07631442 	 341362.15625000 
0.416847 1685.769287	0.07609574 	 337446.09375000 
0.422005 1748.560547	0.09720578 	 194486.65625000 
0.425660 1800.014404	0.06303591 	 558259.06250000 
0.422188 1755.537231	0.08111331 	 297656.75000000 
0.425457 1794.781738	0.04511388 	1249291.00000000 
0.425467 1803.502808	0.06378486 	 529301.37500000 
0.428150 1821.816895	0.04872429 	1046156.37500000 
0.349894 1003.787109	0.08787145 	 168397.51562500 
0.410636 1625.594360	0.03991304 	1545888.87500000 
0.391504 1396.232056	0.05817277 	 559381.00000000 
0.407822 1580.245239	0.05180221 	 791298.87500000 
0.371537 1194.776978	0.06555776 	 360115.31250000 
0.416266 1677.920410	0.05512723 	 721993.56250000 
0.393784 1414.546143	0.05964367 	 533707.93750000 
0.325723 806.692505	0.07421020 	 197339.39062500 
0.356718 1057.857300	0.05541011 	 486251.96875000 
0.408583 1592.454590	0.05209217 	 808163.06250000 
0.404344 1542.744873	0.17265551 	  53790.57421875 
0.409478 1602.919800	0.09890294 	 179520.46875000 
0.408060 1580.245239	0.06353386 	 485625.78125000 
0.416985 1692.746094	0.10951672 	 150436.01562500 
0.392400 1411.929932	0.14476646 	  73197.22656250 
0.385631 1336.929321	0.07822891 	 265799.28125000 
0.405938 1554.954346	0.04609304 	1035574.18750000 
0.404695 1541.000732	0.06383598 	 479424.84375000 
0.395767 1443.325439	0.06824537 	 388546.84375000 
0.391685 1397.976318	0.04916150 	 824828.93750000 
0.389753 1377.917969	0.06124061 	 483656.46875000 
0.369133 1174.718750	0.05587294 	 526270.37500000 
0.391311 1405.825195	0.05624292 	 605190.62500000 
0.402491 1523.558716	0.06353398 	 479630.50000000 
0.342095 932.274902	0.07676479 	 212062.31250000 
0.381552 1299.428955	0.06423518 	 397917.93750000 
0.407023 1575.012573	0.06264570 	 511896.06250000 
0.354108 1034.310547	0.07320235 	 252655.01562500 
0.394164 1420.650879	0.08709103 	 222867.42187500 
0.406126 1564.547363	0.15717798 	  66537.67968750 
0.357929 1067.450439	0.14831351 	  56252.65625000 
0.400129 1493.035156	0.11419480 	 127387.92968750 
0.317772 750.005981	0.05474019 	 380896.56250000 
0.382224 1301.173218	0.05058396 	 710753.87500000 
0.386546 1346.522339	0.10820738 	 129956.44531250 
0.284267 536.341492	0.03025232 	1218497.00000000 
0.394446 1437.220825	0.06572727 	 429551.71875000 
0.385820 1331.696655	0.05053718 	 734388.31250000 
0.401346 1509.605103	0.05253198 	 768644.12500000 
0.365083 1131.985840	0.06723448 	 325808.53125000 
0.399934 1488.674683	0.11618086 	 125231.80468750 
0.343098 942.740112	0.05841774 	 398207.37500000 
0.379009 1268.033447	0.09089604 	 178184.18750000 
0.389809 1383.150635	0.04706207 	 905147.68750000 
0.396272 1453.790649	0.04562309 	1034532.37500000 
0.386875 1346.522339	0.03717829 	1591912.50000000 
0.392691 1414.546143	0.05416275 	 655222.56250000 
0.390247 1393.615845	0.06366995 	 452172.68750000 
0.384828 1327.336182	0.04535787 	 961863.00000000 
0.390778 1391.871582	0.05232476 	 724690.37500000 
0.384992 1332.568848	0.05098903 	 729219.00000000 
0.388940 1369.197021	0.06055651 	 492675.75000000 
0.317912 750.005981	0.05157206 	 439463.43750000 
0.317730 749.133911	0.07263196 	 197633.42187500 
0.323807 792.738892	0.09743920 	 108556.87500000 
0.384690 1328.208252	0.12149262 	 100920.43750000 
0.338851 906.111877	0.05760130 	 401886.18750000 
0.348832 989.833496	0.07719116 	 224127.18750000 
0.338687 910.472412	0.05442682 	 459290.06250000 
0.363710 1131.113647	0.05488020 	 541972.81250000 
0.343285 942.740112	0.07369427 	 235998.04687500 
0.370881 1190.416504	0.05737592 	 489431.25000000 
0.376456 1245.358765	0.04884279 	 750906.68750000 
0.369337 1172.102417	0.07058249 	 298652.62500000 
0.333661 865.123169	0.05796990 	 378547.18750000 
0.335661 877.332581	0.14869559 	  49001.26953125 
0.363073 1112.799561	0.04417429 	 883766.18750000 
0.366401 1141.578857	0.04147984 	1048414.31250000 
0.384253 1320.359375	0.04372997 	1034688.75000000 
0.358254 1073.555054	0.06734433 	 315069.56250000 
0.380989 1302.917358	0.05256395 	 666934.81250000 
0.362111 1112.799561	0.04796986 	 716903.00000000 
0.374586 1237.509888	0.03170025 	2231587.75000000 
0.342814 935.763306	0.10072722 	 115532.53906250 
0.367886 1158.148804	0.04884625 	 712219.43750000 
0.356246 1052.624634	0.05260332 	 566766.37500000 
0.366018 1149.427734	0.07766718 	 243013.20312500 
0.339787 911.344482	0.08371559 	 174024.81250000 
0.324845 800.587769	0.10830478 	  91266.42187500 
0.351080 1010.763916	0.13653514 	  65646.98437500 
0.348786 995.938171	0.06405162 	 348263.06250000 
0.350107 1001.170776	0.08515603 	 179796.31250000 
0.307572 679.365906	0.05775316 	 317880.21875000 
0.346638 969.775208	0.06603649 	 308987.06250000 
0.379448 1282.859131	0.02464829 	4459877.00000000 
0.365068 1135.474243	0.04793336 	 741496.93750000 
0.329930 843.320679	0.05085631 	 517852.06250000 
0.359056 1084.892334	0.04321092 	 901104.75000000 
0.294661 596.516418	0.06651004 	 208614.57812500 
0.349273 989.833496	0.08009837 	 202025.70312500 
0.355551 1049.136353	0.03918563 	1146689.25000000 
0.361812 1111.055420	0.07170428 	 283558.21875000 
0.340414 923.553894	0.05359722 	 490381.68750000 
0.356491 1059.601440	0.03972388 	1103709.50000000 
0.360664 1097.101807	0.06617667 	 341027.21875000 
0.364135 1125.881104	0.04159254 	1056144.00000000 
0.360147 1088.380737	0.05400448 	 537581.31250000 
0.344401 956.693726	0.10882699 	 100631.50000000 
0.352302 1017.740723	0.06297694 	 359156.37500000 
0.368390 1168.614014	0.03819506 	1332612.00000000 
0.361485 1105.822754	0.10037650 	 132592.29687500 
0.345774 974.135681	0.08984387 	 159193.01562500 
0.350448 1008.147583	0.07139674 	 272469.43750000 
0.341318 927.914368	0.05890756 	 392435.62500000 
0.349643 995.938171	0.06206806 	 368207.00000000 
0.358323 1073.555054	0.04606035 	 775748.93750000 
0.328350 822.390320	0.09635810 	 115551.78125000 
0.325646 806.692505	0.04011747 	 870328.43750000 
0.333758 865.123169	0.12524094 	  68820.21093750 
0.343427 945.356384	0.06692374 	 295781.87500000 
0.354068 1034.310547	0.05147536 	 589654.37500000 
0.351568 1015.124390	0.05108151 	 590554.68750000 
0.333803 870.355774	0.05030209 	 534173.18750000 
0.345199 973.263611	0.04722441 	 675695.37500000 
0.300731 639.249268	0.07218979 	 183510.98437500 
0.316507 743.901306	0.07334529 	 196895.84375000 
0.337072 891.286194	0.14427914 	  52834.00000000 
0.357457 1068.322510	0.04472573 	 833137.12500000 
0.323339 788.378418	0.06158922 	 300027.81250000 
0.337962 903.495605	0.05363252 	 478575.34375000 
0.342735 947.100586	0.08934297 	 153109.81250000 
0.337711 902.623474	0.04436131 	 751847.37500000 
0.353387 1029.950073	0.05670181 	 471885.06250000 
0.349570 1002.042908	0.05052419 	 606330.18750000 
0.345430 962.798401	0.04184944 	 910931.62500000 
0.317921 750.878113	0.07237978 	 200839.20312500 
0.334979 889.541992	0.05901279 	 377826.06250000 
0.341828 922.681824	0.07059658 	 252845.28125000 
0.355108 1062.217773	0.12021223 	  89064.43750000 
0.300160 640.121399	0.07099971 	 189435.18750000 
0.351635 1019.484924	0.03775272 	1243844.62500000 
0.327280 816.285583	0.06830082 	 249243.40625000 
0.348108 982.856689	0.05846733 	 421601.90625000 
0.358876 1091.869141	0.04763311 	 757278.37500000 
0.250355 361.049408	0.03565427 	 605413.56250000 
0.357705 1063.962036	0.05902284 	 439197.78125000 
0.276425 493.608612	0.11431347 	  55160.44140625 
0.271391 472.678192	0.06666766 	 177968.90625000 
0.299828 634.016724	0.04928426 	 442308.03125000 
0.332441 869.483704	0.08665305 	 151574.29687500 
0.347436 977.624084	0.04066012 	1011683.12500000 
0.336365 891.286194	0.06960917 	 256246.82812500 
0.338784 907.856079	0.12339667 	  73764.63281250 
0.348520 1002.042908	0.04447270 	 821115.12500000 
0.292474 587.795410	0.04272576 	 584032.12500000 
0.330571 851.169617	0.04447069 	 706756.18750000 
0.344885 961.054199	0.05139141 	 557344.87500000 
0.321829 783.145813	0.06136963 	 304504.25000000 
0.326945 810.180908	0.06045181 	 311932.21875000 
0.326752 809.308777	0.03167921 	1568556.87500000 
0.343238 945.356384	0.04185653 	 909435.50000000 
0.345021 996.810303	0.08054920 	 214335.06250000 
0.337984 900.879272	0.04124562 	 895655.62500000 
0.322973 784.017883	0.04579422 	 621946.93750000 
0.318916 760.471191	0.04355390 	 670748.00000000 
0.289442 566.864990	0.04676820 	 451432.00000000 
0.320317 772.680603	0.04398472 	 682081.25000000 
0.334218 887.797791	0.06336938 	 313527.34375000 
0.344080 936.635376	0.04995847 	 588911.18750000 
0.329198 828.494995	0.06111734 	 321728.31250000 
0.332234 855.530090	0.12900050 	  64897.71875000 
0.325961 813.669312	0.07607298 	 192839.87500000 
0.308744 687.214783	0.07515005 	 182445.07812500 
0.341146 922.681824	0.04610550 	 695035.81250000 
0.323471 787.506287	0.05814203 	 342613.90625000 
0.314409 725.587219	0.04422371 	 623043.12500000 
0.298497 620.935181	0.04616896 	 516610.59375000 
0.319600 760.471191	0.07491934 	 192571.07812500 
0.316556 736.924500	0.07865193 	 167598.68750000 
0.314835 724.715088	0.04386096 	 639263.50000000 
0.316998 743.029175	0.03289734 	1334431.75000000 
0.316234 740.412903	0.04157511 	 727719.12500000 
0.238307 318.316498	0.04949680 	 257032.90625000 
0.334289 882.565186	0.03878607 	1014151.00000000 
0.315720 735.180298	0.39857641 	   7238.26660156 
0.335564 886.925720	0.02725042 	2446131.75000000 
0.251018 369.770386	0.11379869 	  45331.94921875 
0.342082 944.484314	0.05661442 	 441865.78125000 
0.319678 752.622314	0.03581294 	1078950.75000000 
0.335255 886.053589	0.05120501 	 526806.62500000 
0.322492 782.273682	0.05348308 	 418704.15625000 
0.325223 805.820374	0.03654007 	1101751.00000000 
0.324499 793.611023	0.04798771 	 539083.12500000 
0.311577 704.656799	0.05252876 	 419764.15625000 
0.325679 799.715698	0.06207924 	 302702.93750000 
0.307483 676.749573	0.15422237 	  39036.71484375 
0.289946 570.353394	0.04118421 	 612132.50000000 
0.333191 873.844177	0.03919886 	 988680.37500000 
0.320586 764.831726	0.06255870 	 283460.46875000 
0.260479 415.119598	0.04210212 	 449729.62500000 
0.320119 766.575867	0.04514563 	 623320.50000000 
0.331889 858.146423	0.03278721 	1450837.00000000 
0.329695 841.576477	0.02874304 	2081452.50000000 
0.319610 770.064270	0.05216834 	 443735.90625000 
0.291015 576.458069	0.04059134 	 644268.43750000 
0.276117 495.352783	0.03197886 	1033025.00000000 
0.252129 374.130890	0.05101014 	 270428.31250000 
0.255932 393.317108	0.04470482 	 384980.50000000 
0.315172 730.819824	0.17546499 	  31862.28710938 
0.303914 655.819214	0.05012803 	 443917.93750000 
0.322468 781.401611	0.07150199 	 226187.87500000 
0.331118 848.553284	0.04433675 	 712502.43750000 
0.330530 854.658020	0.05292125 	 460982.75000000 
0.328980 829.367065	0.04381881 	 718799.12500000 
0.247553 361.049408	0.05186431 	 254628.59375000 
0.326164 812.797180	0.04445454 	 671882.87500000 
0.312361 719.482483	0.04832324 	 513894.65625000 
0.302689 647.098206	0.05170385 	 408834.65625000 
0.328043 828.494995	0.03832374 	1002796.31250000 
0.315555 731.691895	0.09255890 	 115237.50000000 
0.332020 856.402222	0.04726128 	 606578.37500000 
0.322429 786.634216	0.03835883 	 933231.31250000 
0.326878 831.983398	0.05194689 	 482515.65625000 
0.306309 668.028625	0.05913899 	 301160.65625000 
0.305882 669.772827	0.05210467 	 402283.40625000 
0.325667 813.669312	0.04792881 	 560777.43750000 
0.292622 584.307007	0.08986041 	 102473.01562500 
0.286706 552.039307	0.04840284 	 397799.81250000 
0.259788 401.165985	0.07219416 	 132381.59375000 
0.319618 762.215393	0.05089616 	 463629.62500000 
0.299784 635.760925	0.06742878 	 213906.18750000 
0.316498 736.052368	0.05044857 	 477642.03125000 
0.321758 776.169006	0.05203916 	 440561.87500000 
0.313269 721.226685	0.05097898 	 456915.62500000 
0.316996 743.901306	0.05593135 	 373201.09375000 
0.322907 789.250488	0.05520439 	 394417.84375000 
0.292404 588.667480	0.07431316 	 161006.51562500 
0.309213 691.575317	0.07542107 	 179594.68750000 
0.311728 713.377808	0.08242325 	 151684.29687500 
0.234583 307.851288	0.06928439 	 122874.80468750 
0.319414 762.215393	0.08323625 	 148198.32812500 
0.282264 534.597290	0.06712429 	 187314.34375000 
0.318237 751.750183	0.03986525 	 856433.56250000 
0.324426 797.971497	0.03701711 	1060370.87500000 
0.297161 612.214172	0.08637869 	 119115.11718750 
0.319621 782.273682	0.04968029 	 503673.56250000 
0.291086 585.179077	0.05205365 	 360740.84375000 
0.297699 610.469971	0.04815073 	 441495.43750000 
0.234976 306.979187	0.25334767 	   9575.73730469 
0.298189 618.318909	0.09965128 	  86882.75781250 
0.263119 432.561584	0.03600975 	 702116.37500000 
0.290188 567.737122	0.05930393 	 267457.90625000 
0.265385 430.817383	0.08001058 	 111047.07031250 
0.285051 540.702026	0.04228726 	 551909.50000000 
0.322172 777.041077	0.05513258 	 382593.09375000 
0.318035 750.878113	0.07285285 	 205624.62500000 
0.327765 823.262390	0.05116517 	 496628.40625000 
0.316319 750.878113	0.05709879 	 357281.96875000 
0.313135 715.122009	0.05215273 	 429575.56250000 
0.318516 756.110718	0.03664830 	1060922.12500000 
0.250513 374.130890	0.15417418 	  25167.21875000 
0.324866 794.483093	0.09999125 	 109178.85156250 
0.319951 769.192200	0.04608842 	 609897.62500000 
0.304933 665.412292	0.04543960 	 565245.93750000 
0.313287 715.994080	0.04112955 	 757492.81250000 
0.262048 424.712708	0.03206266 	 873078.56250000 
0.308659 695.063721	0.05726412 	 337308.46875000 
0.316139 736.052368	0.04698215 	 544815.37500000 
0.306321 678.493774	0.03960532 	 794529.62500000 
0.296160 612.214172	0.08268095 	 131351.89062500 
0.303341 647.098206	0.05711834 	 319470.37500000 
0.301690 642.737671	0.05393621 	 363861.34375000 
0.315997 737.796570	0.04264348 	 700346.18750000 
0.257880 398.549713	0.06022565 	 190618.10937500 
0.261324 415.119598	0.09998535 	  63813.14062500 
0.292660 589.539612	0.06437855 	 222905.95312500 
0.299216 628.784119	0.04564705 	 524559.25000000 
0.317265 745.645508	0.03390033 	1212891.87500000 
0.308483 679.365906	0.04923179 	 472154.06250000 
0.308219 695.063721	0.04681868 	 536089.56250000 
0.282403 525.004211	0.09461354 	  85585.50000000 
0.309509 690.703186	0.05483145 	 372747.06250000 
0.308339 686.342712	0.04366027 	 650829.00000000 
0.305074 663.668091	0.05444730 	 362667.03125000 
0.287685 559.016113	0.05093638 	 358926.28125000 
0.316595 743.029175	0.04134261 	 768855.00000000 
0.311000 702.040466	0.04358856 	 639361.25000000 
0.294053 608.725769	0.04235461 	 608244.93750000 
0.309275 691.575317	0.06160048 	 284169.84375000 
0.301394 648.842407	0.06113142 	 278371.81250000 
0.290271 569.481323	0.07219610 	 165629.93750000 
0.310564 702.040466	0.04925565 	 466780.06250000 
0.288389 557.271912	0.05600579 	 293006.31250000 
0.291506 586.923279	0.05286753 	 372968.59375000 
0.297512 616.574707	0.04314970 	 591169.12500000 
0.264583 431.689484	0.08539364 	  94096.32031250 
0.292066 580.818604	0.07234104 	 169542.17187500 
0.318030 753.494385	0.03380807 	1257184.62500000 
0.302813 648.842407	0.10218282 	  88877.03125000 
0.315110 736.924500	0.08304811 	 148786.09375000 
0.314926 729.075623	0.04059442 	 788835.87500000 
0.293681 592.155884	0.03556560 	 911564.37500000 
0.303552 654.075012	0.06803592 	 207542.35937500 
0.307785 681.982178	0.06249380 	 269592.12500000 
0.289692 572.097595	0.04272925 	 571621.12500000 
0.252990 378.491394	0.04833947 	 300538.15625000 
0.312539 713.377808	0.03440906 	1159487.37500000 
0.300343 633.144592	0.04519858 	 540291.00000000 
0.261072 422.096405	0.03051113 	1018324.93750000 
0.304701 661.923889	0.07417916 	 177996.31250000 
0.305290 665.412292	0.06516391 	 247475.93750000 
0.312205 709.017273	0.06772327 	 234132.20312500 
0.306841 683.726379	0.05437135 	 374300.78125000 
0.312581 713.377808	0.03576279 	1052913.37500000 
0.299589 633.144592	0.03932877 	 737202.43750000 
0.302282 652.330811	0.03327549 	1192807.25000000 
0.297159 611.342102	0.09014955 	 111764.77343750 
0.309421 710.761475	0.03977145 	 823560.62500000 
0.287708 552.911377	0.03425881 	 946087.62500000 
0.296200 611.342102	0.08055195 	 138370.28125000 
0.247781 362.793610	0.04011255 	 472384.28125000 
0.306897 683.726379	0.06775174 	 227525.37500000 
0.294595 599.132690	0.04253047 	 584486.81250000 
0.305254 665.412292	0.04286266 	 644951.56250000 
0.306818 675.005371	0.04776991 	 508128.90625000 
0.307474 681.982178	0.04226792 	 676882.00000000 
0.291981 590.411682	0.05909934 	 281380.37500000 
0.293873 598.260620	0.05154354 	 385409.59375000 
0.300012 626.167786	0.03465927 	1019992.12500000 
0.287008 552.039307	0.05187413 	 346789.06250000 
0.283461 537.213623	0.03645292 	 775790.31250000 
0.306185 674.133301	0.04237417 	 670528.31250000 
0.293615 586.051208	0.04458258 	 520019.90625000 
0.274824 485.759705	0.05449676 	 284719.75000000 
0.285141 538.957825	0.08469276 	 112444.96875000 
0.292044 585.179077	0.04141364 	 628077.62500000 
0.304542 661.051819	0.02807812 	1820537.25000000 
0.300027 634.888794	0.04453753 	 560667.75000000 
0.283353 538.957825	0.02848852 	1465474.25000000 
0.266013 446.515198	0.05388766 	 267025.40625000 
0.299590 627.039917	0.03159918 	1279095.87500000 
0.304666 661.923889	0.03247928 	1286736.50000000 
0.305600 687.214783	0.04104539 	 740872.43750000 
0.304402 661.923889	0.07677726 	 168745.62500000 
0.288479 564.248718	0.04785049 	 428515.87500000 
0.295808 613.958374	0.04044298 	 687913.56250000 
0.295445 602.621094	0.08475618 	 123232.46875000 
0.243694 335.758484	0.04486934 	 324978.56250000 
0.310220 697.679993	0.06286374 	 269910.15625000 
0.289621 566.864990	0.05828421 	 273676.25000000 
0.299604 621.807312	0.05284449 	 370074.59375000 
0.274373 482.271301	0.05003793 	 350084.78125000 
0.294210 605.237427	0.05257090 	 367461.12500000 
0.291888 580.818604	0.06315689 	 229203.21875000 
0.224525 276.455688	0.06110658 	 149324.10937500 
0.297671 622.679382	0.04426058 	 568299.12500000 
0.284933 547.678772	0.03900374 	 689614.50000000 
0.293791 590.411682	0.06766975 	 195202.29687500 
0.303398 654.947083	0.03417071 	1108662.37500000 
0.299588 628.784119	0.03807298 	 792220.87500000 
0.290740 577.330200	0.03316350 	1067038.50000000 
0.295592 605.237427	0.05283127 	 364200.00000000 
0.292741 591.283813	0.04600314 	 492804.56250000 
0.305928 668.028625	0.02915364 	1719306.75000000 
0.207436 210.176102	0.05841829 	 130166.33593750 
0.243134 339.246887	0.03277231 	 735433.56250000 
0.288368 556.399780	0.03623252 	 822343.06250000 
0.292985 597.388489	0.05599206 	 318545.28125000 
0.289590 568.609192	0.08664727 	 112561.49218750 
0.291729 590.411682	0.03518929 	 910191.62500000 
0.290065 573.841797	0.07358532 	 156755.29687500 
0.282085 527.620483	0.02505972 	2015439.00000000 
0.288976 561.632385	0.04310942 	 548386.18750000 
0.299987 631.400391	0.04626198 	 502015.06250000 
0.298086 618.318909	0.03936455 	 726466.62500000 
0.286753 553.783508	0.03539666 	 869187.87500000 
0.281378 520.643677	0.08000316 	 123988.93750000 
0.294743 601.749023	0.05252517 	 367262.06250000 
0.235903 314.828094	0.02659442 	1155030.37500000 
0.301718 650.586609	0.06893521 	 216692.07812500 
0.275497 490.992310	0.04275486 	 504678.93750000 
0.286718 557.271912	0.03905665 	 674363.31250000 
0.286538 554.655579	0.05097030 	 362519.87500000 
0.280334 512.794800	0.05005382 	 363288.96875000 
0.280981 518.899475	0.05497540 	 292690.65625000 
0.294731 609.597900	0.05510402 	 326910.59375000 
0.259851 410.759094	0.03081966 	 989456.06250000 
0.279977 516.283203	0.06634202 	 188933.59375000 
0.287126 554.655579	0.06180390 	 233148.39062500 
0.289274 564.248718	0.03107896 	1236168.37500000 
0.299301 628.784119	0.03343687 	1128464.50000000 
0.287003 556.399780	0.03848939 	 730213.25000000 
0.286883 552.039307	0.06976301 	 172324.60937500 
0.293193 596.516418	0.04147746 	 639631.31250000 
0.245522 352.328400	0.06780086 	 134517.98437500 
0.293320 587.795410	0.02818897 	1607459.25000000 
0.292887 593.900085	0.04169743 	 627043.06250000 
0.275668 485.759705	0.06426401 	 200099.76562500 
0.275201 499.713287	0.04839174 	 391260.50000000 
0.286264 547.678772	0.07030064 	 176646.45312500 
0.294639 600.004822	0.04541195 	 509261.75000000 
0.285446 546.806702	0.04703237 	 421341.46875000 
0.227541 273.839386	0.04195207 	 342557.03125000 
0.270179 464.829285	0.04942771 	 355911.00000000 
0.281239 521.515808	0.03360455 	 943780.50000000 
0.280117 514.539001	0.05162513 	 332950.21875000 
0.283073 529.364685	0.07008620 	 171014.48437500 
0.291557 582.562805	0.04171879 	 614984.25000000 
0.263006 422.968506	0.07085064 	 142348.76562500 
0.287764 565.120789	0.05288776 	 343782.65625000 
0.293855 595.644287	0.04647531 	 486830.53125000 
0.273380 479.654999	0.03723104 	 709411.31250000 
0.280910 519.771606	0.03291171 	 977083.62500000 
0.292270 602.621094	0.03794244 	 801159.37500000 
0.235240 302.618713	0.06174313 	 153318.39062500 
0.251757 375.002991	0.05075096 	 269640.40625000 
0.246338 349.712097	0.03556403 	 584915.31250000 
0.292122 583.434875	0.04857592 	 436885.09375000 
0.286442 558.143982	0.05218853 	 337783.12500000 
0.278354 504.945892	0.06238523 	 216825.75000000 
0.280265 513.666870	0.03084391 	1127057.62500000 
0.272912 477.910797	0.06093185 	 215493.98437500 
0.295804 605.237427	0.04011630 	 695527.81250000 
0.275276 481.399200	0.05168590 	 321483.93750000 
0.243746 343.607391	0.03584262 	 592986.37500000 
0.256475 396.805511	0.03210112 	 835457.75000000 
0.276667 497.096985	0.03215246 	1036593.75000000 
0.288421 561.632385	0.09812131 	  89576.92187500 
0.271173 466.573486	0.13663030 	  43167.69140625 
0.293994 604.365295	0.03480829 	 971760.62500000 
0.272033 472.678192	0.21127114 	  17789.99609375 
0.278746 504.073792	0.04508360 	 459300.93750000 
0.271547 476.166595	0.05666188 	 262965.53125000 
0.229245 279.944092	0.03870909 	 411854.46875000 
0.279746 514.539001	0.03098654 	1143249.25000000 
0.278017 504.073792	0.05491049 	 292043.18750000 
0.282598 525.876282	0.04193379 	 551449.31250000 
0.281722 525.876282	0.04018756 	 608258.31250000 
0.255783 390.700806	0.09989294 	  61631.10937500 
0.281391 526.748413	0.03551973 	 822560.18750000 
0.286912 548.550903	0.02486351 	2081914.62500000 
0.262131 422.096405	0.05136089 	 300310.00000000 
0.230807 287.792999	0.46929422 	   3385.46289062 
0.272839 475.294495	0.04877863 	 358778.81250000 
0.292538 586.051208	0.02985266 	1366494.25000000 
0.280238 519.771606	0.04115461 	 551866.62500000 
0.229272 279.944092	0.06548098 	 124263.19531250 
0.291587 583.434875	0.02037656 	3647898.25000000 
0.282858 528.492615	0.03077481 	1162099.25000000 
0.287780 564.248718	0.03471923 	 933110.25000000 
0.288988 567.737122	0.03348726 	1021206.18750000 
0.288273 559.888184	0.03986165 	 638381.62500000 
0.261095 418.608002	0.05462448 	 254234.68750000 
0.229481 287.792999	0.05440314 	 190565.28125000 
0.280111 511.922699	0.03009231 	1210642.12500000 
0.284300 545.062500	0.03997020 	 673504.81250000 
0.285081 539.829895	0.03275345 	 976361.25000000 
0.277250 502.329590	0.04374838 	 485561.56250000 
0.286127 550.295105	0.05367883 	 328363.68750000 
0.288745 557.271912	0.03745114 	 773460.87500000 
0.249336 360.177307	0.05027895 	 259859.34375000 
0.279349 511.922699	0.02949528 	1317618.12500000 
0.200832 191.862000	0.03983720 	 291623.28125000 
0.287727 559.016113	0.04026158 	 648045.06250000 
0.259927 422.968506	0.04389164 	 411341.46875000 
0.234946 300.874512	0.02125798 	2048252.87500000 
0.244058 343.607391	0.03907968 	 464643.34375000 
0.229190 279.944092	0.05150680 	 214196.96875000 
0.261502 423.840607	0.04450787 	 406604.09375000 
0.275419 488.376007	0.05665840 	 256666.01562500 
0.202448 196.222504	0.02031351 	1551313.62500000 
0.250621 368.898285	0.04571957 	 334082.53125000 
0.208473 210.176102	0.04801236 	 210388.70312500 
0.284736 547.678772	0.07103252 	 166961.15625000 
0.277676 507.562195	0.03979223 	 613294.25000000 
0.288078 560.760315	0.03138901 	1215461.37500000 
0.254855 388.084503	0.04658614 	 329319.37500000 
0.266464 442.154694	0.04604017 	 394148.62500000 
0.265663 437.794189	0.06431060 	 189212.82812500 
0.279015 511.922699	0.03318185 	 968045.56250000 
0.278046 499.713287	0.06274606 	 204841.46875000 
0.208316 220.641296	0.04334145 	 258213.28125000 
0.276134 491.864410	0.03607932 	 747573.68750000 
0.275746 489.248108	0.03407888 	 865194.56250000 
0.275475 487.503906	0.05576833 	 270189.90625000 
0.287475 545.934570	0.03621612 	 833359.56250000 
0.251896 375.875092	0.06054987 	 178319.79687500 
0.272874 478.782898	0.04109594 	 555675.12500000 
0.254999 388.084503	0.04463124 	 372569.09375000 
0.275124 493.608612	0.03325128 	 938300.06250000 
0.251280 375.002991	0.03722705 	 574244.75000000 
0.243633 342.735291	0.02303415 	1741370.12500000 
0.276647 497.969086	0.02588933 	1736339.12500000 
0.201929 212.792404	0.03286625 	 487569.37500000 
0.282078 519.771606	0.02788732 	1485097.75000000 
0.258363 402.038086	0.05917897 	 213899.39062500 
0.273515 478.782898	0.06995445 	 160344.60937500 
0.270690 467.445587	0.05999964 	 222075.57812500 
0.241042 331.398010	0.07168428 	 116289.44531250 
0.271364 465.701385	0.04168543 	 516324.15625000 
0.271064 463.957184	0.04000175 	 577957.81250000 
0.277665 500.585388	0.02131086 	2887515.25000000 
0.268475 449.131500	0.04789095 	 349335.09375000 
0.273973 481.399200	0.03159098 	1035973.62500000 
0.269225 463.085083	0.03387026 	 883304.81250000 
0.209895 228.490204	0.01690163 	2877715.25000000 
0.271853 471.806091	0.03405903 	 864151.25000000 
0.271946 469.189789	0.03790292 	 660981.12500000 
0.281576 529.364685	0.05906706 	 262814.96875000 
0.273831 485.759705	0.02650877 	1619239.75000000 
0.274888 491.864410	0.04718258 	 399299.93750000 
0.275925 495.352783	0.03240572 	1007694.68750000 
0.257723 403.782288	0.03888689 	 537213.25000000 
0.259969 424.712708	0.04987154 	 320802.25000000 
0.275447 488.376007	0.06500548 	 193410.46875000 
0.276389 497.096985	0.03451516 	 883691.87500000 
0.276479 500.585388	0.03288184 	 989648.12500000 
0.262990 427.329010	0.04817499 	 342883.34375000 
0.264518 440.410492	0.07793233 	 120543.13281250 
0.251107 374.130890	0.02637913 	1365138.12500000 
0.267307 453.492004	0.03960638 	 585111.50000000 
0.277360 503.201691	0.04371805 	 487015.62500000 
0.284081 552.911377	0.03313589 	1100304.25000000 
0.274351 489.248108	0.04597322 	 425512.46875000 
0.266614 451.747803	0.02922566 	1234059.12500000 
0.264903 438.666290	0.04935107 	 333363.90625000 
0.272468 484.887604	0.04801681 	 384241.65625000 
0.227976 279.071991	0.02678471 	1012111.93750000 
0.278121 502.329590	0.03997058 	 616343.25000000 
0.265712 440.410492	0.04829472 	 344634.31250000 
0.278314 517.155273	0.02954594 	1336441.37500000 
0.215029 231.106506	0.02771182 	 824496.25000000 
0.246733 353.200500	0.13995327 	  29180.86132812 
0.276927 491.864410	0.03414623 	 852808.75000000 
0.251567 372.386688	0.02849935 	1097267.50000000 
0.258230 403.782288	0.08063784 	 104690.84375000 
0.204188 202.327194	0.03202815 	 528477.12500000 
0.264274 433.433685	0.08132209 	 105688.78125000 
0.273406 477.038696	0.03327457 	 902580.75000000 
0.269240 458.724609	0.03854052 	 608677.68750000 
0.261780 426.456909	0.03200620 	 942110.75000000 
0.261759 422.096405	0.12182578 	  44922.32421875 
0.258328 408.142792	0.04052430 	 511781.87500000 
0.272437 480.527100	0.02749482 	1489568.62500000 
0.260231 422.968506	0.03566231 	 707058.62500000 
0.266990 445.643097	0.04352591 	 449408.68750000 
0.269720 464.829285	0.04067469 	 565478.37500000 
0.230333 286.920898	0.03735094 	 473479.78125000 
0.256869 397.677612	0.07858895 	 106645.71875000 
0.275090 486.631805	0.03965878 	 613522.18750000 
0.228985 279.071991	0.05437793 	 188833.12500000 
0.256325 402.910187	0.02931750 	1086728.50000000 
0.227478 287.792999	0.04858764 	 264733.71875000 
0.269717 456.980408	0.05347829 	 286974.90625000 
0.266885 444.770996	0.04471545 	 428137.12500000 
0.269492 458.724609	0.04488762 	 437629.43750000 
0.265920 448.259399	0.03987176 	 569386.93750000 
0.255070 388.084503	0.01934562 	3068473.75000000 
0.259267 407.270691	0.06984161 	 143464.45312500 
0.275034 489.248108	0.04298453 	 488101.81250000 
0.265403 436.922089	0.05420871 	 266928.37500000 
0.265489 437.794189	0.03339973 	 837257.62500000 
0.264688 434.305786	0.03314012 	 850903.56250000 
0.241028 328.781708	0.03233946 	 736279.12500000 
0.265230 442.154694	0.03813262 	 615985.18750000 
0.257208 398.549713	0.02397298 	1794785.25000000 
0.259985 414.247498	0.16030328 	  26071.53515625 
0.269345 457.852509	0.03372928 	 865438.68750000 
0.233213 297.386108	0.03396736 	 595726.37500000 
0.246320 358.433105	0.06884651 	 135447.15625000 
0.245922 343.607391	0.13823687 	  29973.58984375 
0.260589 409.014893	0.02192928 	2296985.00000000 
0.272006 487.503906	0.02682437 	1579044.25000000 
0.268105 456.980408	0.03429244 	 826535.68750000 
0.269948 460.468811	0.04306467 	 471881.90625000 
0.265542 437.794189	0.04656871 	 378372.31250000 
0.262143 420.352203	0.03880575 	 562408.12500000 
0.263519 431.689484	0.03090814 	1003884.37500000 
0.257299 397.677612	0.04893801 	 313338.46875000 
0.266474 444.770996	0.04285832 	 478827.03125000 
0.263370 422.096405	0.03305332 	 885743.25000000 
0.242697 334.886414	0.07267441 	 115211.79687500 
0.212105 225.001801	0.02310191 	1203032.87500000 
0.256925 403.782288	0.02708530 	1317996.50000000 
0.263320 423.840607	0.03702561 	 660455.56250000 
0.253858 378.491394	0.05203937 	 260705.25000000 
0.267153 455.236206	0.03432076 	 802557.62500000 
0.265483 444.770996	0.07599881 	 127902.21875000 
0.265827 443.898895	0.04117259 	 497083.50000000 
0.236508 313.955994	0.01956063 	2455226.25000000 
0.248937 381.979797	0.03700387 	 584141.12500000 
0.274381 490.120209	0.01765002 	4633020.50000000 
0.264182 439.538391	0.04320962 	 445695.00000000 
0.259482 436.049988	0.02168478 	2525101.50000000 
0.255832 391.572906	0.04601643 	 361811.62500000 
0.255911 395.933411	0.04765887 	 325324.75000000 
0.244535 342.735291	0.04124177 	 406300.96875000 
0.257930 404.654388	0.06568283 	 164815.95312500 
0.258173 408.142792	0.02151086 	2433795.75000000 
0.263280 423.840607	0.03341938 	 813646.18750000 
0.249702 364.537811	0.02383748 	1705635.12500000 
0.266999 453.492004	0.02481746 	1798566.62500000 
0.266571 443.898895	0.01961529 	3300354.25000000 
0.238911 321.804901	0.05062846 	 250937.42187500 
0.256039 395.933411	0.08171190 	  95744.23437500 
0.267114 463.085083	0.04599077 	 407677.00000000 
0.269812 463.085083	0.03581785 	 761693.68750000 
0.255572 389.828705	0.04072022 	 470170.90625000 
0.248616 357.561005	0.07337319 	 111108.43750000 
0.266450 456.108307	0.02829563 	1328056.87500000 
0.259011 409.886993	0.04243441 	 441225.93750000 
0.258418 408.142792	0.03226469 	 873531.56250000 
0.260602 413.375397	0.08569853 	  93476.30468750 
0.251168 375.875092	0.04935864 	 281926.87500000 
0.198229 184.885193	0.01465680 	3497150.25000000 
0.241838 331.398010	0.02996810 	 874670.12500000 
0.236332 308.723389	0.06197469 	 154933.93750000 
0.262899 421.224304	0.04369193 	 433357.21875000 
0.218990 250.292694	0.03320124 	 532034.43750000 
0.219394 251.164795	0.02774688 	 852045.87500000 
0.242943 331.398010	0.10360648 	  53942.88671875 
0.256846 393.317108	0.02758685 	1244078.87500000 
0.259458 405.526489	0.04915091 	 316071.25000000 
0.203920 197.966705	0.02894940 	 684723.81250000 
0.259842 429.945312	0.02002444 	3061056.25000000 
0.263226 424.712708	0.04297044 	 458615.03125000 
0.235332 310.467590	0.03271785 	 682605.12500000 
0.261651 420.352203	0.02078851 	2667361.50000000 
0.251949 378.491394	0.05295254 	 245252.68750000 
0.256676 429.073212	0.02229455 	2282010.75000000 
0.256484 395.061310	0.03429506 	 732845.62500000 
0.259775 409.886993	0.04939490 	 318405.78125000 
0.255102 394.189209	0.03371625 	 780240.18750000 
0.235816 316.572296	0.02981384 	 865286.75000000 
0.247847 355.816803	0.04603081 	 328480.00000000 
0.256338 394.189209	0.02435514 	1687140.75000000 
0.253331 380.235596	0.04289850 	 395905.59375000 
0.257626 401.165985	0.02221407 	2092980.75000000 
0.264309 436.922089	0.03589204 	 706068.06250000 
0.246743 354.944702	0.03734093 	 535357.68750000 
0.262665 423.840607	0.04420365 	 424244.18750000 
0.239257 320.060699	0.23630941 	  11388.27636719 
0.246061 345.351593	0.09757985 	  59071.60546875 
0.250984 371.514587	0.03634392 	 587412.37500000 
0.254944 386.340302	0.03099832 	 913738.06250000 
0.258934 407.270691	0.04243424 	 450844.71875000 
0.263535 447.387299	0.02584079 	1631232.12500000 
0.254294 388.956604	0.03097326 	 937321.43750000 
0.243199 342.735291	0.05070068 	 254838.32812500 
0.263245 437.794189	0.04279210 	 468474.34375000 
0.242234 340.118988	0.06209062 	 166603.39062500 
0.259181 412.503296	0.03739369 	 618399.75000000 
0.258682 410.759094	0.03208923 	 873542.12500000 
0.259160 406.398590	0.03251588 	 854485.87500000 
0.262842 429.945312	0.01938404 	3380534.00000000 
0.263491 432.561584	0.02203114 	2337783.00000000 
0.266850 445.643097	0.03618459 	 718252.75000000 
0.254522 397.677612	0.03261458 	 821733.25000000 
0.257355 399.421783	0.02833620 	1147597.00000000 
0.262822 433.433685	0.02838221 	1250202.37500000 
0.264831 443.026794	0.03317992 	 885304.31250000 
0.245791 350.584198	0.04258619 	 390623.25000000 
0.248562 366.282013	0.03701146 	 568846.93750000 
0.218972 247.676392	0.06695390 	 110461.25000000 
0.198522 190.117798	0.03309401 	 447584.37500000 
0.244500 341.863190	0.05117837 	 252739.46875000 
0.224618 271.223083	0.03170310 	 647799.43750000 
0.259995 415.991699	0.02786281 	1270935.50000000 
0.248131 358.433105	0.08767854 	  78324.69531250 
0.243644 348.839996	0.05134046 	 253088.81250000 
0.254470 393.317108	0.04797330 	 324209.28125000 
0.265190 431.689484	0.03134981 	 978469.12500000 
0.263211 428.201111	0.04072525 	 521864.28125000 
0.246477 365.409912	0.08411264 	  88805.46093750 
0.257576 402.038086	0.03405686 	 779673.37500000 
0.261669 419.480103	0.03066700 	1002736.06250000 
0.252768 371.514587	0.06614892 	 151907.57812500 
0.254209 389.828705	0.05745749 	 214087.89062500 
0.233535 298.258209	0.02887521 	 906474.31250000 
0.265113 429.945312	0.04806949 	 343124.90625000 
0.227834 278.199890	0.08305369 	  73951.25000000 
0.254419 395.061310	0.02995568 	1144310.12500000 
0.252256 369.770386	0.05109838 	 266632.96875000 
0.258855 404.654388	0.02936536 	1107865.37500000 
0.257329 402.038086	0.03144695 	 886218.06250000 
0.251101 376.747192	0.04448948 	 365717.50000000 
0.231553 301.746613	0.04297021 	 356919.96875000 
0.251607 376.747192	0.07680032 	 111235.65625000 
0.258527 409.886993	0.03163343 	 906010.06250000 
0.228504 279.944092	0.02034972 	1978534.12500000 
0.240936 326.165405	0.07938988 	  90523.00781250 
0.195590 190.117798	0.02547323 	 852697.00000000 
0.241810 334.886414	0.05893995 	 186995.54687500 
0.247684 363.665710	0.05126538 	 264283.56250000 
0.250673 371.514587	0.03973548 	 471501.06250000 
0.256927 402.910187	0.07376545 	 125846.09375000 
0.255914 395.933411	0.04219544 	 432515.81250000 
0.246820 354.072601	0.04650639 	 316631.62500000 
0.243111 336.630585	0.01930604 	2635952.25000000 
0.247831 367.154083	0.04706480 	 306351.53125000 
0.249940 363.665710	0.03647852 	 573102.75000000 
0.229937 286.048798	0.03254053 	 638293.62500000 
0.242082 333.142212	0.02662956 	1132061.25000000 
0.236871 309.595490	0.06180858 	 156535.92187500 
0.240406 325.293304	0.04838151 	 279531.31250000 
0.254476 389.828705	0.03254304 	 810183.87500000 
0.251106 384.596100	0.02992669 	 946578.25000000 
0.262298 424.712708	0.03091376 	1008477.18750000 
0.247270 361.049408	0.02070753 	2275202.50000000 
0.259418 415.991699	0.02262840 	2139503.25000000 
0.249839 365.409912	0.03071236 	 883996.62500000 
0.218768 243.315903	0.07650521 	  83842.39843750 
0.242397 337.502686	0.02918247 	 967919.18750000 
0.245752 351.456299	0.02974620 	 934668.87500000 
0.244156 336.630585	0.04281085 	 370045.03125000 
0.257371 397.677612	0.02783424 	1217214.75000000 
0.209902 220.641296	0.02639624 	 919044.75000000 
0.242516 334.014313	0.03466249 	 611775.50000000 
0.248968 375.002991	0.07606962 	 111625.79687500 
0.204143 203.199295	0.03202280 	 525756.00000000 
0.237612 313.955994	0.02846704 	 982264.00000000 
0.252046 381.979797	0.04205119 	 440869.68750000 
0.247055 353.200500	0.12667222 	  36755.51562500 
0.244690 343.607391	0.02186510 	1962847.00000000 
0.201498 192.734100	0.06405500 	 103512.97656250 
0.220859 255.525299	0.03681323 	 443613.90625000 
0.251473 363.665710	0.03325182 	 747440.56250000 
0.249402 362.793610	0.02836322 	1041124.18750000 
0.248920 368.026184	0.02794752 	1122597.50000000 
0.256569 396.805511	0.03115506 	 928189.06250000 
0.251584 374.130890	0.06528442 	 148231.29687500 
0.254837 385.468201	0.02793026 	1203519.25000000 
0.238681 330.525909	0.03925934 	 472520.37500000 
0.254117 388.084503	0.02606348 	1375572.75000000 
0.225031 266.862610	0.03120926 	 679383.31250000 
0.254053 389.828705	0.03216995 	 817742.12500000 
0.235471 320.060699	0.06815692 	 133233.92187500 
0.250860 380.235596	0.02642123 	1283402.37500000 
0.248271 352.328400	0.03463208 	 636401.81250000 
0.247115 366.282013	0.02016708 	2626935.50000000 
0.202354 206.687698	0.02715995 	 805521.31250000 
0.249778 371.514587	0.04251505 	 414821.00000000 
0.254565 385.468201	0.04859431 	 311300.78125000 
0.241977 333.142212	0.06830423 	 130520.26562500 
0.195052 177.908401	0.02973410 	 554514.87500000 
0.253047 391.572906	0.05328690 	 263510.56250000 
0.252528 385.468201	0.06302457 	 176894.39062500 
0.220677 260.757904	0.01410360 	5030651.00000000 
0.238877 320.060699	0.07920410 	  90708.09375000 
0.251704 394.189209	0.02458860 	1696936.75000000 
0.203867 201.455093	0.04349565 	 250661.84375000 
0.245289 348.839996	0.04133145 	 428222.43750000 
0.221318 256.397400	0.02490885 	1170673.37500000 
0.252733 377.619293	0.08150803 	  94070.89843750 
0.253075 380.235596	0.03513459 	 652184.06250000 
0.254905 395.061310	0.03616482 	 651975.50000000 
0.243064 336.630585	0.03813505 	 497256.71875000 
0.252772 380.235596	0.02218448 	2042816.00000000 
0.238789 318.316498	0.02737674 	1045711.75000000 
0.245337 350.584198	0.03922841 	 474783.18750000 
0.255116 402.910187	0.03495577 	 702858.06250000 
0.237768 320.060699	0.04738728 	 300823.31250000 
0.210590 221.513397	0.01047035 	9739804.00000000 
0.228409 280.816193	0.07160586 	 104868.25000000 
0.245389 350.584198	0.03269139 	 740665.68750000 
0.241627 330.525909	0.05979665 	 176893.37500000 
0.252411 375.002991	0.02729160 	1209728.25000000 
0.242544 340.118988	0.04353034 	 359320.90625000 
0.246510 361.921509	0.02735202 	1193091.25000000 
0.252217 375.875092	0.02462922 	1614738.00000000 
0.243328 337.502686	0.03738364 	 510063.84375000 
0.252768 377.619293	0.05052008 	 274357.37500000 
0.241446 325.293304	0.02774380 	1097470.87500000 
0.253587 388.956604	0.04620745 	 349050.71875000 
0.253220 377.619293	0.05397268 	 246849.10937500 
0.251424 375.002991	0.03974088 	 491699.78125000 
0.240705 324.421204	0.05144642 	 224148.17187500 
0.229494 280.816193	0.04213178 	 343543.50000000 
0.247853 358.433105	0.03924630 	 491332.65625000 
0.232758 298.258209	0.04056077 	 403965.93750000 
0.228683 280.816193	0.06565737 	 119031.24218750 
0.225067 269.478912	0.13737580 	  26518.08203125 
0.234030 295.641907	0.03149994 	 729410.00000000 
0.239485 340.118988	0.03039645 	 875590.75000000 
0.207891 211.920303	0.02893802 	 736165.43750000 
0.247377 358.433105	0.02389866 	1636432.87500000 
0.225799 272.095184	0.03881253 	 406220.06250000 
0.244143 336.630585	0.07329289 	 112915.07812500 
0.245648 355.816803	0.03780203 	 530844.00000000 
0.237200 307.851288	0.04624756 	 303540.43750000 
0.245485 345.351593	0.02382928 	1609544.75000000 
0.244203 348.839996	0.04202479 	 407973.59375000 
0.251732 368.898285	0.02434656 	1621791.00000000 
0.235903 305.234985	0.05959705 	 166391.75000000 
0.244757 347.967896	0.03287388 	 730315.56250000 
0.245448 356.688904	0.04145479 	 431374.37500000 
0.245593 344.479492	0.05017548 	 252577.87500000 
0.211600 222.385498	0.09950028 	  41532.87500000 
0.240083 315.700195	0.02087062 	2123480.25000000 
0.246348 346.223694	0.02943503 	 967166.00000000 
0.195225 176.164200	0.14610238 	  17932.23437500 
0.239291 335.758484	0.04161453 	 414461.15625000 
0.243811 348.839996	0.05087560 	 264171.28125000 
0.233002 301.746613	0.03481398 	 575618.81250000 
0.250930 374.130890	0.03670255 	 580637.87500000 
0.233677 299.130310	0.04747875 	 270990.53125000 
0.198454 181.396805	0.01488647 	3292037.00000000 
0.234253 306.979187	0.03260239 	 694048.06250000 
0.246257 351.456299	0.07229029 	 122825.33593750 
0.245078 348.839996	0.02596152 	1323157.62500000 
0.233245 298.258209	0.02707230 	1049627.75000000 
0.243433 336.630585	0.04926832 	 276013.28125000 
0.236755 313.083893	0.05017757 	 248178.84375000 
0.251781 375.875092	0.04080963 	 454342.59375000 
0.229601 287.792999	0.06184463 	 148057.67187500 
0.221935 257.269501	0.03886239 	 358361.21875000 
0.222895 260.757904	0.08420897 	  71255.53125000 
0.237572 315.700195	0.04249883 	 379178.00000000 
0.238375 320.932800	0.01025007 	14049904.00000000 
0.248848 365.409912	0.02042876 	2601059.25000000 
0.245407 351.456299	0.02686258 	1215633.37500000 
0.244932 352.328400	0.02232632 	1946550.12500000 
0.241591 327.037506	0.04969293 	 266156.75000000 
0.204199 196.222504	0.12495722 	  26194.08789062 
0.245835 351.456299	0.03095399 	 846232.68750000 
0.247104 352.328400	0.03167697 	 809563.56250000 
0.208792 228.490204	0.02818818 	 804307.31250000 
0.244980 349.712097	0.03333787 	 709643.93750000 
0.228676 281.688293	0.03066108 	 736421.68750000 
0.244084 345.351593	0.03638886 	 547007.81250000 
0.248233 366.282013	0.01637609 	4467304.50000000 
0.231947 298.258209	0.03902150 	 436865.75000000 
0.238225 315.700195	0.07044731 	 117886.78906250 
0.243059 335.758484	0.02243095 	1876661.12500000 
0.245430 350.584198	0.02897789 	1007577.12500000 
0.207766 211.048203	0.04093847 	 304110.96875000 
0.221683 261.630005	0.03400162 	 530801.56250000 
0.239381 333.142212	0.03438956 	 664157.00000000 
0.236439 311.339691	0.06212741 	 149443.18750000 
0.246534 349.712097	0.03422736 	 665652.87500000 
0.245092 348.839996	0.04019452 	 451336.75000000 
0.237760 315.700195	0.01921462 	2611779.00000000 
0.230861 295.641907	0.02901769 	 879343.37500000 
0.237176 312.211792	0.02914390 	 888027.06250000 
0.225396 269.478912	0.02178067 	1746701.12500000 
0.242900 336.630585	0.02391232 	1562220.00000000 
0.234379 307.851288	0.05911538 	 171555.76562500 
0.234902 304.362885	0.05092403 	 230271.28125000 
0.229314 286.920898	0.07908028 	  83104.67968750 
0.239734 323.549103	0.03899056 	 455092.06250000 
0.242134 336.630585	0.06011212 	 178518.43750000 
0.228906 278.199890	0.03121921 	 718203.50000000 
0.238015 316.572296	0.04387060 	 348619.09375000 
0.241498 335.758484	0.02375157 	1587340.75000000 
0.236698 310.467590	0.02815471 	 934257.68750000 
0.209717 218.897095	0.02651037 	 842431.68750000 
0.204959 208.431900	0.02935275 	 669481.37500000 
0.234514 305.234985	0.05001325 	 245660.85937500 
0.230779 289.537201	0.02517764 	1251374.50000000 
0.243300 340.118988	0.03599717 	 569915.18750000 
0.222875 259.013702	0.05058962 	 206724.53125000 
0.241816 332.270111	0.02990721 	 944879.06250000 
0.241737 337.502686	0.03008515 	 887821.37500000 
0.240919 332.270111	0.05337598 	 229461.12500000 
0.231450 289.537201	0.03257197 	 660659.12500000 
0.239807 321.804901	0.09297743 	  62885.57421875 
0.222334 258.141602	0.05470172 	 177216.46875000 
0.239047 328.781708	0.04192694 	 396554.12500000 
0.196396 175.292099	0.06068602 	 104156.50781250 
0.209516 222.385498	0.03788022 	 367587.62500000 
0.240618 323.549103	0.03960577 	 451416.28125000 
0.225527 272.967285	0.03734605 	 453574.21875000 
0.228531 285.176697	0.02999539 	 763469.62500000 
0.232349 293.025604	0.03550613 	 530362.37500000 
0.198485 182.268906	0.03849950 	 309821.87500000 
0.208419 212.792404	0.04093435 	 307254.56250000 
0.215231 239.827499	0.01728898 	2674573.75000000 
0.239193 323.549103	0.03099367 	 803480.93750000 
0.234720 292.153503	0.03443577 	 587415.68750000 
0.212238 227.618103	0.09257435 	  54403.93750000 
0.222786 267.734711	0.02769724 	 878912.31250000 
0.218615 258.141602	0.05288475 	 187286.90625000 
0.237968 319.188599	0.04549302 	 333536.06250000 
0.234714 306.107086	0.03567148 	 551968.37500000 
0.223352 260.757904	0.05032380 	 207271.76562500 
0.220894 252.908997	0.14328700 	  24252.47656250 
0.231676 291.281403	0.03675217 	 477115.03125000 
0.234545 304.362885	0.03441467 	 587178.37500000 
0.233752 312.211792	0.02381313 	1514573.00000000 
0.219176 248.548492	0.04132008 	 313368.21875000 
0.204382 202.327194	0.05338908 	 148214.29687500 
0.229266 287.792999	0.03527668 	 537231.12500000 
0.239245 317.444397	0.02458390 	1375740.62500000 
0.233580 300.874512	0.01500180 	4976223.00000000 
0.231349 303.490784	0.02604390 	1172161.62500000 
0.233093 306.979187	0.03350181 	 671106.50000000 
0.242386 334.014313	0.04494442 	 345736.62500000 
0.219469 247.676392	0.07290880 	  89743.17968750 
0.238693 329.653809	0.02160854 	1965866.00000000 
0.223581 266.862610	0.05168181 	 202562.54687500 
0.210143 220.641296	0.08292521 	  66890.89062500 
0.240880 330.525909	0.01139862 	10508846.00000000 
0.218749 255.525299	0.07423799 	  90885.45312500 
0.223904 271.223083	0.05839429 	 150877.82812500 
0.203627 201.455093	0.07854753 	  67573.00781250 
0.243471 340.991089	0.02049739 	2436833.50000000 
0.207725 213.664505	0.03482969 	 440247.00000000 
0.226780 277.327789	0.04484348 	 277755.18750000 
0.221428 255.525299	0.04167547 	 336836.59375000 
0.205998 208.431900	0.04908372 	 200022.34375000 
0.227582 281.688293	0.03071639 	 730403.18750000 
0.221827 248.548492	0.07573658 	  82004.16406250 
0.210520 227.618103	0.04131902 	 302710.21875000 
0.222628 265.118408	0.08109076 	  75162.77343750 
0.243743 334.886414	0.06966498 	 119173.18750000 
0.237913 313.955994	0.05022419 	 252447.20312500 
0.240640 323.549103	0.04471496 	 330457.31250000 
0.236588 319.188599	0.04219216 	 402351.34375000 
0.209832 216.280792	0.03198800 	 533807.62500000 
0.206287 209.304001	0.02844092 	 705365.25000000 
0.217938 245.060104	0.01981241 	1937204.37500000 
0.225005 265.118408	0.02981430 	 765692.12500000 
0.224472 265.990509	0.06326670 	 128696.66406250 
0.230043 285.176697	0.06262378 	 140073.96875000 
0.237368 319.188599	0.03140640 	 777794.93750000 
0.240867 328.781708	0.02984192 	 893944.87500000 
0.239214 324.421204	0.01945872 	2592913.75000000 
0.197738 193.606201	0.04435063 	 227451.12500000 
0.216933 259.013702	0.05060255 	 211199.89062500 
0.226323 277.327789	0.03490626 	 528854.06250000 
0.231986 288.665100	0.02846512 	 900291.68750000 
0.213710 230.234406	0.03360687 	 499484.81250000 
0.227328 279.071991	0.03026427 	 746596.06250000 
0.228569 281.688293	0.05153984 	 209413.23437500 
0.226980 292.153503	0.03578911 	 514926.56250000 
0.235758 322.677002	0.03290631 	 687676.87500000 
0.213468 227.618103	0.04084178 	 318923.25000000 
0.234839 307.851288	0.01905899 	2718169.25000000 
0.226676 277.327789	0.03337948 	 610156.62500000 
0.231911 296.514008	0.02033536 	2154293.25000000 
0.221358 254.653198	0.04688193 	 231682.03125000 
0.236993 320.932800	0.04050667 	 415641.68750000 
0.236650 312.211792	0.03301895 	 677955.25000000 
0.222297 259.885803	0.02079749 	1830247.25000000 
0.231729 296.514008	0.02768061 	 975095.37500000 
0.237171 320.932800	0.07860746 	 101244.06250000 
0.236876 313.955994	0.03111657 	 752098.93750000 
0.236457 316.572296	0.03951944 	 457395.87500000 
0.224838 264.246307	0.07683750 	  83770.92187500 
0.208083 209.304001	0.12753949 	  26692.32226562 
0.232753 295.641907	0.03059106 	 769943.43750000 
0.234881 304.362885	0.04014727 	 406625.71875000 
0.226461 270.351013	0.04002980 	 379839.93750000 
0.239857 327.909607	0.01854288 	2980262.50000000 
0.230186 292.153503	0.03233722 	 684365.06250000 
0.222776 261.630005	0.03419909 	 537815.43750000 
0.232377 295.641907	0.03852222 	 434868.28125000 
0.232981 297.386108	0.03076389 	 776290.62500000 
0.232364 293.025604	0.03324517 	 639398.93750000 
0.230411 283.432495	0.02595135 	1093292.37500000 
0.223740 261.630005	0.04218394 	 315802.37500000 
0.232728 300.002411	0.03027173 	 813762.93750000 
0.208688 213.664505	0.06085731 	 119712.58593750 
0.237889 309.595490	0.03230451 	 746902.06250000 
0.233339 300.874512	0.02338127 	1557906.62500000 
0.236785 310.467590	0.03078055 	 784793.68750000 
0.204043 201.455093	0.02401809 	1047521.50000000 
0.220377 256.397400	0.04149896 	 330407.31250000 
0.229190 279.944092	0.01576318 	3831682.75000000 
0.225224 273.839386	0.03050042 	 737504.62500000 
0.226686 276.455688	0.03297758 	 593566.56250000 
0.219139 249.420593	0.04284535 	 292731.31250000 
0.225963 273.839386	0.04189597 	 332238.43750000 
0.228229 281.688293	0.01965347 	2274153.50000000 
0.237576 319.188599	0.02674415 	1141965.37500000 
0.233659 310.467590	0.01604639 	4284698.00000000 
0.225000 265.118408	0.02929050 	 773824.25000000 
0.230442 286.048798	0.02734304 	 978662.00000000 
0.227896 282.560394	0.03280120 	 630777.87500000 
0.223084 259.885803	0.04852158 	 236471.48437500 
0.229169 282.560394	0.03454451 	 562620.68750000 
0.214064 236.339096	0.02613319 	 945973.00000000 
0.231905 293.025604	0.03383444 	 601146.12500000 
0.213799 236.339096	0.03582262 	 459852.75000000 
0.215406 238.955399	0.01932819 	1977961.87500000 
0.220961 249.420593	0.08517466 	  65487.62890625 
0.227074 279.944092	0.03916913 	 405891.09375000 
0.220085 258.141602	0.04843934 	 234810.23437500 
0.222466 258.141602	0.06420521 	 124348.14843750 
0.231920 294.769806	0.02064899 	2048368.87500000 
0.216752 247.676392	0.03487730 	 475439.50000000 
0.227994 279.071991	0.03793388 	 440293.03125000 
0.227278 273.839386	0.03237213 	 639506.06250000 
0.229852 287.792999	0.02520064 	1235717.00000000 
0.230034 288.665100	0.02388304 	1338914.87500000 
0.222228 262.502106	0.02167733 	1651124.00000000 
0.218601 253.781097	0.05212718 	 192361.06250000 
0.234126 304.362885	0.02809420 	1010058.50000000 
0.223797 262.502106	0.04827853 	 236615.00000000 
0.228973 285.176697	0.05152220 	 216768.67187500 
0.216255 249.420593	0.02805476 	 852013.12500000 
0.220715 275.583588	0.04260924 	 329351.78125000 
0.228318 288.665100	0.04797521 	 260594.45312500 
0.208004 215.408691	0.03044793 	 606799.43750000 
0.215451 243.315903	0.06767430 	 105080.04687500 
0.234148 306.979187	0.02621908 	1199395.00000000 
0.237823 318.316498	0.01898776 	2816419.25000000 
0.215263 241.571701	0.01837435 	2302390.25000000 
0.225111 280.816193	0.03494489 	 549269.87500000 
0.232291 288.665100	0.03390349 	 596823.18750000 
0.223761 270.351013	0.02855189 	 829742.37500000 
0.216336 238.955399	0.03224473 	 549282.43750000 
0.210970 222.385498	0.08868008 	  57957.91015625 
0.217288 240.699600	0.01593648 	3529922.75000000 
0.224546 273.839386	0.04506581 	 287685.93750000 
0.231272 291.281403	0.03986980 	 387050.75000000 
0.214112 233.722794	0.03033588 	 641848.68750000 
0.233664 292.153503	0.02685971 	1066297.87500000 
0.227187 278.199890	0.04717976 	 256103.00000000 
0.218559 248.548492	0.01634151 	3224947.75000000 
0.219117 250.292694	0.02879486 	 772095.12500000 
0.209635 217.152893	0.06551302 	 105317.90625000 
0.226108 281.688293	0.03105286 	 719051.87500000 
0.223951 270.351013	0.06564175 	 124074.52343750 
0.199231 202.327194	0.07338625 	  88827.14843750 
0.224887 269.478912	0.04061379 	 342106.03125000 
0.229671 283.432495	0.03202346 	 655718.93750000 
0.237834 318.316498	0.02743576 	1127191.37500000 
0.219363 255.525299	0.01986332 	2056697.25000000 
0.204762 202.327194	0.03102508 	 559893.06250000 
0.224152 270.351013	0.03189055 	 629896.25000000 
0.236210 307.851288	0.03448296 	 623332.68750000 
0.228402 277.327789	0.02970745 	 792681.00000000 
0.224541 268.606812	0.02708892 	 978654.62500000 
0.225396 267.734711	0.04523276 	 279405.59375000 
0.209585 223.257599	0.02460504 	1054168.00000000 
0.213911 232.850693	0.03707596 	 398654.37500000 
0.218540 246.804306	0.02653072 	 940968.37500000 
0.220625 252.036896	0.03005124 	 676568.43750000 
0.221991 257.269501	0.03247954 	 575400.93750000 
0.221343 256.397400	0.03077454 	 668461.87500000 
0.234101 300.002411	0.01500528 	4918928.00000000 
0.221151 254.653198	0.04873967 	 231626.78125000 
0.219466 252.908997	0.02800247 	 826004.12500000 
0.202066 193.606201	0.04676471 	 196207.51562500 
0.223500 268.606812	0.02845900 	 816858.43750000 
0.234991 306.107086	0.03202589 	 693578.37500000 
0.224885 269.478912	0.08215942 	  77546.25000000 
0.221042 254.653198	0.03513738 	 473069.62500000 
0.220741 255.525299	0.02656937 	 955401.56250000 
0.215474 237.211197	0.04380725 	 274886.09375000 
0.217419 253.781097	0.03244296 	 608849.37500000 
0.214183 226.746002	0.01976383 	1906715.37500000 
0.223112 262.502106	0.01935851 	2151091.50000000 
0.218766 257.269501	0.03010789 	 730774.93750000 
0.226878 282.560394	0.03238215 	 655318.00000000 
0.218100 244.188004	0.02156501 	1571222.87500000 
0.233382 298.258209	0.02347549 	1500527.00000000 
0.228898 284.304596	0.03273737 	 646674.62500000 
0.217374 249.420593	0.03470529 	 496600.87500000 
0.222680 265.990509	0.03083329 	 682899.93750000 
0.224156 267.734711	0.03600675 	 482138.12500000 
0.218113 243.315903	0.02927688 	 726683.87500000 
0.212193 225.873901	0.03242183 	 543656.62500000 
0.222091 253.781097	0.06485775 	 116066.76562500 
0.221639 266.862610	0.03212836 	 630779.75000000 
0.227237 278.199890	0.04263674 	 327158.43750000 
0.227288 280.816193	0.02760044 	 949892.75000000 
0.217966 263.374207	0.02464547 	1241571.37500000 
0.227667 280.816193	0.04122955 	 385161.84375000 
0.217625 242.443802	0.01737331 	2734233.75000000 
0.216816 239.827499	0.02920702 	 726214.87500000 
0.228148 278.199890	0.06843404 	 121285.24218750 
0.218110 246.804306	0.02937209 	 705258.43750000 
0.224602 276.455688	0.01877552 	2585774.75000000 
0.214100 228.490204	0.03150272 	 606481.31250000 
0.227920 283.432495	0.01555666 	3995259.00000000 
0.220183 247.676392	0.03024787 	 670620.12500000 
0.219037 260.757904	0.03291398 	 585406.25000000 
0.222719 259.885803	0.02465653 	1157254.87500000 
0.224885 267.734711	0.01549097 	4029949.25000000 
0.215158 232.850693	0.01759541 	2423003.25000000 
0.215985 242.443802	0.02253028 	1398885.75000000 
0.220212 259.885803	0.06359494 	 127610.59375000 
0.221963 271.223083	0.03627916 	 480950.71875000 
0.207645 213.664505	0.02572626 	 974216.75000000 
0.211391 250.292694	0.02870040 	 787166.50000000 
0.198257 190.989899	0.02343220 	1095199.00000000 
0.213354 231.978592	0.02952116 	 698451.68750000 
0.224445 268.606812	0.05416716 	 188560.48437500 
0.218523 246.804306	0.05948199 	 143565.96875000 
0.223184 267.734711	0.01580605 	3771936.50000000 
0.220515 253.781097	0.02350974 	1299281.00000000 
0.197986 184.885193	0.02653952 	 722470.06250000 
0.218103 248.548492	0.02507531 	1071526.87500000 
0.211246 220.641296	0.03755040 	 358034.68750000 
0.224996 265.118408	0.05851797 	 147862.21875000 
0.222515 265.990509	0.01778458 	2789303.75000000 
0.228051 280.816193	0.03099527 	 688650.87500000 
0.213240 235.466995	0.03151604 	 584345.25000000 
0.224803 279.071991	0.04280616 	 335810.37500000 
0.227782 289.537201	0.03534091 	 542988.62500000 
0.221782 254.653198	0.02360273 	1305800.62500000 
0.206732 204.943497	0.04887237 	 195581.64062500 
0.226450 275.583588	0.02581445 	1058192.75000000 
0.223047 259.885803	0.02549919 	1065621.50000000 
0.219588 249.420593	0.01520621 	3983874.75000000 
0.224430 276.455688	0.02635686 	1017542.43750000 
0.227653 279.944092	0.02384235 	1296332.12500000 
0.216226 238.955399	0.03608836 	 427166.37500000 
0.229963 285.176697	0.04014052 	 393759.71875000 
0.221937 259.013702	0.08135858 	  76138.26562500 
0.204736 209.304001	0.04060472 	 311994.53125000 
0.194495 177.036301	0.03016450 	 524447.87500000 
0.228922 282.560394	0.06874407 	 117751.42187500 
0.221022 254.653198	0.05807744 	 148237.59375000 
0.220349 252.036896	0.01660520 	3171541.50000000 
0.223194 267.734711	0.03002354 	 758816.37500000 
0.225349 269.478912	0.07310340 	  96748.98437500 
0.222147 257.269501	0.03215533 	 615075.75000000 
0.217362 241.571701	0.03045383 	 643904.81250000 
0.224932 262.502106	0.02587026 	1063858.12500000 
0.226054 265.990509	0.01944129 	2104386.50000000 
0.208629 215.408691	0.05425141 	 158882.25000000 
0.211756 226.746002	0.06101770 	 118873.68750000 
0.218396 246.804306	0.03625403 	 432822.78125000 
0.212258 227.618103	0.05708481 	 147795.75000000 
0.207950 214.536606	0.07936391 	  72455.40625000 
0.212390 255.525299	0.01474053 	4412939.00000000 
0.199916 187.501495	0.07003018 	  80830.12500000 
0.222884 257.269501	0.04400870 	 276930.75000000 
0.218191 246.804306	0.01705250 	2910020.75000000 
0.223108 278.199890	0.03120814 	 686713.87500000 
0.212479 228.490204	0.02596453 	 924715.06250000 
0.208077 219.769196	0.03743168 	 385335.65625000 
0.202789 208.431900	0.02058878 	1641744.12500000 
0.222456 265.118408	0.02269189 	1459620.12500000 
0.205999 206.687698	0.04548378 	 224755.85937500 
0.217647 244.188004	0.06014261 	 133931.43750000 
0.220504 259.885803	0.03164083 	 630221.62500000 
0.216282 245.060104	0.01835911 	2300149.75000000 
0.206224 209.304001	0.04997038 	 190978.42187500 
0.221865 255.525299	0.02048964 	1959081.37500000 
0.214311 234.594894	0.03786058 	 364773.65625000 
0.215513 241.571701	0.02771371 	 812684.50000000 
0.228389 281.688293	0.02000013 	2231021.00000000 
0.207406 223.257599	0.01661303 	2931335.00000000 
0.213687 233.722794	0.03289203 	 565797.18750000 
0.217016 242.443802	0.04724497 	 231696.64062500 
0.211988 225.873901	0.01380657 	4695477.50000000 
0.227475 279.944092	0.01926247 	2432591.50000000 
0.213626 234.594894	0.02049067 	1800617.62500000 
0.214490 240.699600	0.02354043 	1237187.12500000 
0.214998 236.339096	0.03707338 	 392468.43750000 
0.201744 196.222504	0.05319352 	 146205.42187500 
0.216887 243.315903	0.02526888 	1070812.62500000 
0.213044 231.106506	0.02025547 	1696696.37500000 
0.218469 250.292694	0.02283409 	1408468.12500000 
0.206937 211.920303	0.02290930 	1252268.75000000 
0.218718 250.292694	0.01724168 	2826847.00000000 
0.202581 202.327194	0.03434582 	 433091.03125000 
0.215496 232.850693	0.06176063 	 123375.92968750 
0.225322 268.606812	0.02043360 	1943796.12500000 
0.214266 241.571701	0.03952072 	 345194.18750000 
0.206283 211.920303	0.02357786 	1110768.00000000 
0.220290 255.525299	0.08783857 	  63801.35546875 
0.211642 223.257599	0.04220961 	 298213.00000000 
0.211096 223.257599	0.02718432 	 807599.62500000 
0.216172 241.571701	0.02292313 	1336666.50000000 
0.216072 242.443802	0.04280726 	 288429.75000000 
0.220090 258.141602	0.02734029 	 924542.31250000 
0.201772 197.094604	0.02936419 	 630114.25000000 
0.218563 248.548492	0.03463438 	 475013.09375000 
0.220192 255.525299	0.01893251 	2337205.00000000 
0.210240 233.722794	0.02302889 	1293517.75000000 
0.210218 218.024994	0.04060731 	 311189.65625000 
0.203661 199.710892	0.02535615 	 883367.68750000 
0.199115 189.245697	0.07935956 	  65720.44531250 
0.212732 225.873901	0.03762017 	 352929.37500000 
0.205400 207.559799	0.02618046 	 869442.56250000 
0.214389 231.978592	0.05010509 	 200515.18750000 
0.224561 268.606812	0.02457082 	1199827.62500000 
0.213809 248.548492	0.02409615 	1186534.00000000 
0.219160 248.548492	0.06675456 	 116331.20312500 
0.202008 199.710892	0.03927405 	 317731.28125000 
0.198598 184.013092	0.03907539 	 288535.71875000 
0.221987 257.269501	0.01401182 	5066537.50000000 
0.213819 238.083298	0.03566419 	 434498.37500000 
0.213314 238.083298	0.04657473 	 239428.04687500 
0.221152 253.781097	0.03242131 	 576103.75000000 
0.209673 221.513397	0.03396692 	 460702.71875000 
0.209295 216.280792	0.05284867 	 170190.62500000 
0.211245 220.641296	0.03695663 	 390458.46875000 
0.204967 203.199295	0.03410151 	 442477.15625000 
0.214885 242.443802	0.04417857 	 275711.09375000 
0.202276 193.606201	0.05109348 	 162124.81250000 
0.218681 258.141602	0.02269457 	1414818.50000000 
0.200237 196.222504	0.01496736 	3330752.25000000 
0.213671 233.722794	0.02336919 	1254664.37500000 
0.216701 243.315903	0.05660549 	 157002.20312500 
0.205498 215.408691	0.03825957 	 365316.18750000 
0.220301 252.036896	0.04271831 	 294896.65625000 
0.214132 231.978592	0.04319529 	 281925.65625000 
0.218285 246.804306	0.06023560 	 138628.81250000 
0.207145 212.792404	0.04441711 	 246224.35937500 
0.214227 237.211197	0.03494494 	 469141.71875000 
0.214635 245.932205	0.02758842 	 911086.37500000 
0.208864 218.024994	0.03249958 	 531072.68750000 
0.211861 229.362305	0.02267015 	1356486.00000000 
0.221943 256.397400	0.01938489 	2047635.37500000 
0.211789 220.641296	0.02228077 	1370190.75000000 
0.222111 252.908997	0.02419932 	1147317.87500000 
0.211837 220.641296	0.02495727 	1027022.50000000 
0.206000 209.304001	0.01262953 	5618234.50000000 
0.214203 236.339096	0.04065582 	 316961.75000000 
0.206618 211.048203	0.04029763 	 311037.34375000 
0.212914 229.362305	0.02223957 	1405499.25000000 
0.215922 247.676392	0.01764234 	2633622.75000000 
0.212925 240.699600	0.01837469 	2436450.50000000 
0.215157 237.211197	0.02369718 	1205647.62500000 
0.214331 235.466995	0.01505185 	3745147.00000000 
0.210446 220.641296	0.04105989 	 292071.25000000 
0.213786 256.397400	0.01527394 	4138522.75000000 
0.216797 233.722794	0.03196926 	 596117.68750000 
0.200752 191.862000	0.02477672 	 905583.43750000 
0.210223 222.385498	0.01518022 	3888923.00000000 
0.211973 229.362305	0.02779777 	 783576.00000000 
0.212224 227.618103	0.02701564 	 914928.31250000 
0.221090 257.269501	0.01104879 	9474863.00000000 
0.215633 262.502106	0.00703334 	33918368.00000000 
0.195384 183.141006	0.05939701 	 116338.70312500 
0.215051 227.618103	0.04829622 	 223025.20312500 
0.215156 237.211197	0.01771962 	2590761.75000000 
0.217342 237.211197	0.02751342 	 840462.56250000 
0.205109 197.966705	0.04829480 	 198696.51562500 
0.197060 191.862000	0.08343104 	  57997.46093750 
0.207073 215.408691	0.02619935 	 885280.62500000 
0.219118 249.420593	0.02399582 	1216228.00000000 
0.219493 243.315903	0.03315519 	 534755.43750000 
0.215696 241.571701	0.01736922 	2722074.75000000 
0.200928 197.094604	0.04450762 	 228797.53125000 
0.190010 180.524704	0.02090283 	1248792.50000000 
0.217998 245.060104	0.02976205 	 715233.31250000 
0.211879 232.850693	0.02513198 	1087459.50000000 
0.221275 253.781097	0.01378528 	5101806.00000000 
0.210119 220.641296	0.01484544 	3824133.50000000 
0.199028 183.141006	0.01682196 	2353742.75000000 
0.201066 195.350403	0.02553178 	 866390.81250000 
0.211265 224.129700	0.03101679 	 606997.43750000 
0.219420 251.164795	0.02740493 	 868257.81250000 
0.217011 252.908997	0.01974724 	2066958.75000000 
0.213505 234.594894	0.02673619 	 877151.43750000 
0.216894 240.699600	0.02530681 	1085290.50000000 
0.209065 233.722794	0.01608441 	3386955.25000000 
0.210093 224.129700	0.02269303 	1295797.37500000 
0.205771 205.815598	0.02886159 	 662855.56250000 
0.206263 206.687698	0.05047002 	 180043.98437500 
0.210319 225.873901	0.01634275 	3092482.25000000 
0.211107 227.618103	0.05259151 	 179750.64062500 
0.196973 187.501495	0.01987202 	1655403.00000000 
0.216270 245.060104	0.02666371 	1009205.12500000 
0.212223 226.746002	0.06231778 	 122380.70312500 
0.201179 189.245697	0.05341591 	 151893.62500000 
0.212766 232.850693	0.03463360 	 461907.65625000 
0.215473 234.594894	0.02555181 	1000874.06250000 
0.214404 237.211197	0.02591652 	 973155.12500000 
0.217052 258.141602	0.02261752 	1543647.00000000 
0.214813 238.083298	0.01676101 	2881436.00000000 
0.220370 252.036896	0.03231547 	 588414.43750000 
0.208793 221.513397	0.02456477 	1073032.50000000 
0.212161 233.722794	0.01648412 	2957379.50000000 
0.214279 237.211197	0.01829351 	2299388.50000000 
0.204048 204.071396	0.04017435 	 294542.68750000 
0.204093 195.350403	0.04451292 	 237639.07812500 
0.216839 239.827499	0.03651765 	 431203.40625000 
0.198486 180.524704	0.02449496 	 914972.12500000 
0.211278 224.129700	0.06544702 	 106829.00781250 
0.201434 198.838806	0.02842616 	 680107.81250000 
0.196709 184.013092	0.02059794 	1406757.62500000 
0.210060 218.897095	0.04116357 	 312484.25000000 
0.208893 219.769196	0.03573497 	 445101.84375000 
0.195526 179.652603	0.03197713 	 442719.00000000 
0.211307 230.234406	0.01647283 	3036354.00000000 
0.208962 214.536606	0.02525297 	 955166.75000000 
0.202991 194.478302	0.03094265 	 529130.75000000 
0.204735 204.071396	0.02111422 	1375578.25000000 
0.202171 197.094604	0.03720172 	 359124.31250000 
0.205756 209.304001	0.03060865 	 598646.25000000 
0.204790 213.664505	0.01884488 	1986527.87500000 
0.205400 212.792404	0.03811050 	 365121.25000000 
0.205163 202.327194	0.01482021 	3665481.25000000 
0.206687 211.920303	0.02538915 	 960164.68750000 
0.197088 184.885193	0.03669710 	 336078.53125000 
0.205205 204.071396	0.02304935 	1173640.87500000 
0.198279 178.780502	0.00709637 	24275186.00000000 
0.199477 190.989899	0.02578091 	 822776.37500000 
0.207329 211.920303	0.03929322 	 329406.59375000 
0.208084 222.385498	0.03027226 	 648114.00000000 
0.204931 213.664505	0.01997044 	1742247.62500000 
0.210136 218.024994	0.06404316 	 110195.39843750 
0.203849 197.966705	0.03231262 	 488719.93750000 
0.214974 229.362305	0.01874863 	2153820.25000000 
0.196291 178.780502	0.05271716 	 143444.56250000 
0.213781 229.362305	0.02615097 	 925183.81250000 
0.213264 238.955399	0.02249434 	1409012.00000000 
0.198147 184.013092	0.03150276 	 487226.78125000 
0.208889 220.641296	0.01746370 	2493350.75000000 
0.210711 220.641296	0.02981674 	 662749.50000000 
0.207561 210.176102	0.01711700 	2571342.00000000 
0.207423 235.466995	0.03328460 	 552980.93750000 
0.204829 211.048203	0.03068619 	 590013.50000000 
0.208335 212.792404	0.03518375 	 439035.93750000 
0.199500 196.222504	0.02866660 	 655263.43750000 
0.194987 177.036301	0.03420155 	 387401.09375000 
0.208048 212.792404	0.04160459 	 271472.56250000 
0.207857 211.048203	0.02934741 	 690857.12500000 
0.211146 225.873901	0.02712576 	 837837.93750000 
0.198478 192.734100	0.01983314 	1598732.00000000 
0.207292 209.304001	0.01548715 	3302906.00000000 
0.205855 213.664505	0.03135761 	 574898.12500000 
0.197547 189.245697	0.02270593 	1096687.37500000 
0.211858 238.083298	0.03312434 	 494022.46875000 
0.198993 190.989899	0.02298130 	1098515.50000000 
0.209940 219.769196	0.01493450 	3852820.00000000 
0.214024 236.339096	0.01813183 	2306416.50000000 
0.207836 210.176102	0.01680932 	2659541.00000000 
0.201357 189.245697	0.07352043 	  76522.89062500 
0.209054 216.280792	0.02729153 	 849814.18750000 
0.212583 229.362305	0.03470552 	 451767.56250000 
0.202782 205.815598	0.01838597 	2137000.75000000 
0.213822 230.234406	0.02312722 	1235115.62500000 
0.200264 191.862000	0.01549025 	3204193.75000000 
0.200263 198.838806	0.02179476 	1277932.25000000 
0.198258 179.652603	0.06641114 	  89103.81250000 
0.208937 218.024994	0.03103885 	 617155.50000000 
0.209244 217.152893	0.01451219 	4100385.00000000 
0.205746 206.687698	0.04223305 	 272997.87500000 
0.203238 202.327194	0.04010870 	 335927.84375000 
0.210417 216.280792	0.03730777 	 383052.96875000 
0.208807 231.978592	0.02018201 	1797621.62500000 
0.211199 222.385498	0.04408774 	 271904.09375000 
0.194512 178.780502	0.03457750 	 381045.87500000 
0.206202 204.943497	0.03043236 	 611727.06250000 
0.199949 186.629395	0.02310224 	1079950.75000000 
0.215182 233.722794	0.02368544 	1224095.50000000 
0.203268 203.199295	0.03410029 	 445805.81250000 
0.210066 218.897095	0.01992352 	1804501.25000000 
0.207172 217.152893	0.02164781 	1513206.37500000 
0.205006 202.327194	0.03339711 	 447714.75000000 
0.205449 204.943497	0.02788356 	 746292.56250000 
0.204077 206.687698	0.01669026 	2660889.50000000 
0.210541 224.129700	0.01803983 	2458653.00000000 
0.198193 186.629395	0.01893982 	1746422.00000000 
0.211190 222.385498	0.02235208 	1346240.00000000 
0.211048 219.769196	0.02341671 	1146345.37500000 
0.200688 200.582993	0.02151162 	1273603.62500000 
0.209047 217.152893	0.03445710 	 460251.46875000 
0.204525 206.687698	0.03492174 	 442384.53125000 
0.204893 205.815598	0.01789596 	2218716.00000000 
0.202875 204.071396	0.03621884 	 394727.81250000 
0.195863 183.141006	0.02535198 	 879379.25000000 
0.193748 178.780502	0.03593875 	 363263.46875000 
0.206008 201.455093	0.01896918 	1900700.00000000 
0.202703 205.815598	0.02538142 	 934820.43750000 
0.201183 199.710892	0.02183309 	1339908.75000000 
0.206293 210.176102	0.04319904 	 267401.90625000 
0.211782 227.618103	0.03444647 	 513074.28125000 
0.205671 208.431900	0.02519223 	 954330.87500000 
0.204533 200.582993	0.01855561 	2022006.62500000 
0.205863 217.152893	0.02759522 	 756622.93750000 
0.208884 218.897095	0.02961702 	 653846.68750000 
0.203007 197.966705	0.09001505 	  52835.62890625 
0.197687 178.780502	0.01545539 	2895250.75000000 
0.203171 204.071396	0.01333560 	5041054.00000000 
0.198723 205.815598	0.04334003 	 262623.56250000 
0.201269 193.606201	0.02557603 	 888237.81250000 
0.204393 207.559799	0.03646296 	 378541.25000000 
0.202128 207.559799	0.00903919 	13762599.00000000 
0.205437 209.304001	0.04999502 	 190447.07812500 
0.195864 189.245697	0.02086806 	1379589.87500000 
0.205306 208.431900	0.02898786 	 718599.37500000 
0.201675 191.862000	0.02059775 	1460059.87500000 
0.201471 196.222504	0.02779465 	 712535.00000000 
0.206603 214.536606	0.01383597 	4531324.00000000 
0.206137 212.792404	0.03044873 	 592006.75000000 
0.199000 190.989899	0.01036650 	8579946.00000000 
0.194456 178.780502	0.04472209 	 222295.14062500 
0.199531 190.989899	0.01010300 	9759935.00000000 
0.195229 179.652603	0.03707647 	 335473.37500000 
0.205592 209.304001	0.01275667 	5629206.00000000 
0.197947 179.652603	0.04984428 	 162007.06250000 
0.202211 211.048203	0.02926252 	 641152.93750000 
0.199535 190.117798	0.02308663 	1087031.25000000 
0.200019 205.815598	0.01639102 	2725506.25000000 
0.198114 184.013092	0.01142455 	6369564.50000000 
0.195590 175.292099	0.02878680 	 574117.68750000 
0.199631 213.664505	0.03312129 	 492208.81250000 
0.195803 177.036301	0.04381603 	 219895.73437500 
0.202752 190.117798	0.01610211 	2866591.75000000 
0.201009 202.327194	0.03205574 	 514118.03125000 
0.211895 226.746002	0.01941885 	1952707.37500000 
0.203390 199.710892	0.02850581 	 665295.43750000 
0.205181 203.199295	0.00915381 	13225365.00000000 
0.197034 181.396805	0.04326487 	 229131.60937500 
0.196082 180.524704	0.00395686 	123351976.00000000 
0.196365 177.908401	0.10498279 	  36224.50781250 
0.204801 196.222504	0.03049823 	 551086.37500000 
0.201825 203.199295	0.00963575 	11655871.00000000 
0.195447 177.908401	0.02379941 	 926853.31250000 
0.198996 195.350403	0.02025321 	1560179.25000000 
0.204462 215.408691	0.02848129 	 752156.93750000 
0.199453 179.652603	0.02241862 	1083863.00000000 
0.196003 181.396805	0.02297732 	 977285.31250000 
0.206299 205.815598	0.05505244 	 147817.76562500 
0.199853 214.536606	0.04313033 	 269238.28125000 
0.197806 188.373596	0.01727544 	2165458.00000000 
0.192410 175.292099	0.01392931 	3783655.25000000 
0.198643 191.862000	0.04018326 	 300038.59375000 
0.199212 185.757294	0.02089000 	1374961.75000000 
0.197438 190.989899	0.01848763 	1860762.50000000 
0.206347 220.641296	0.02186115 	1454139.62500000 
0.194780 179.652603	0.07104073 	  73717.02343750 
0.195097 182.268906	0.02960108 	 552299.00000000 
0.192767 204.943497	0.02687221 	 844327.00000000 
0.201832 193.606201	0.01339730 	4526042.00000000 
0.208443 216.280792	0.01529486 	3563728.00000000 
0.203443 204.943497	0.03885134 	 337593.18750000 
0.202144 194.478302	0.02637190 	 769622.68750000 
0.202588 196.222504	0.03660277 	 368140.71875000 
0.202520 198.838806	0.02369607 	1107024.75000000 
0.193754 177.036301	0.03505117 	 366884.00000000 
0.196532 196.222504	0.01767197 	2246827.00000000 
0.196083 182.268906	0.09240955 	  46768.75781250 
0.194301 178.780502	0.03451684 	 369820.50000000 
0.203075 197.966705	0.01750267 	2308018.25000000 
0.206215 208.431900	0.01724121 	2550472.00000000 
0.201990 196.222504	0.01883486 	1922235.25000000 
0.199255 184.885193	0.01293249 	4704456.50000000 
0.205096 203.199295	0.01371224 	4416125.00000000 
0.190054 177.036301	0.03219655 	 464508.68750000 
0.201914 198.838806	0.01517997 	3479204.75000000 
0.201731 197.966705	0.02276479 	1144900.50000000 
0.200282 197.094604	0.05958132 	 116170.18750000 
0.202497 198.838806	0.03273306 	 478771.43750000 
0.194441 178.780502	0.03271153 	 451566.71875000 
0.208093 208.431900	0.03906989 	 325359.12500000 
0.197136 191.862000	0.01520636 	3085185.25000000 
0.201480 192.734100	0.02986547 	 592307.87500000 
0.197718 184.013092	0.02454862 	 880607.75000000 
0.197965 184.885193	0.01977007 	1541908.12500000 
0.199002 197.094604	0.03141226 	 524346.06250000 
0.194474 177.908401	0.01948892 	1595208.50000000 
0.200629 201.455093	0.01630892 	2893421.75000000 
0.196116 179.652603	0.01444464 	3460280.75000000 
0.203353 204.071396	0.01866724 	1979521.50000000 
0.202275 202.327194	0.01613470 	2900049.50000000 
0.196416 184.885193	0.03816731 	 304294.62500000 
0.199583 202.327194	0.03692337 	 372165.90625000 
0.199814 191.862000	0.01681546 	2442481.50000000 
0.196204 184.013092	0.02479394 	 879614.25000000 
0.195593 177.036301	0.02968771 	 542630.62500000 
0.201273 191.862000	0.01276067 	4956487.00000000 
0.203950 195.350403	0.03302518 	 468944.96875000 
0.198871 184.885193	0.06662826 	  87501.46093750 
0.204027 202.327194	0.02641292 	 841029.06250000 
0.193201 175.292099	0.01046779 	8047794.00000000 
0.197016 180.524704	0.02331411 	1000561.56250000 
0.197049 182.268906	0.01528523 	2847477.25000000 
0.200217 188.373596	0.01815883 	1971658.37500000 
0.194205 184.885193	0.01188704 	6013175.50000000 
0.196235 179.652603	0.02072941 	1326086.00000000 
0.199508 189.245697	0.02585826 	 803652.50000000 
0.195651 177.908401	0.04404296 	 217747.51562500 
0.199264 190.989899	0.02447196 	 921265.81250000 
0.200155 191.862000	0.02552009 	 840527.12500000 
0.204799 204.943497	0.01349859 	4631185.00000000 
0.204108 198.838806	0.03261606 	 486809.50000000 
0.194796 178.780502	0.05468554 	 138779.10937500 
0.202452 201.455093	0.01064132 	8568839.00000000 
0.198237 192.734100	0.02890664 	 639629.00000000 
0.199593 187.501495	0.04179658 	 262105.68750000 
0.197797 187.501495	0.01649291 	2550025.25000000 
0.196368 177.908401	0.02163352 	1203145.25000000 
0.199305 183.141006	0.02166876 	1260811.37500000 
0.204406 204.943497	0.04315456 	 278587.46875000 
0.189242 177.908401	0.02174924 	1221711.25000000 
0.201161 192.734100	0.01769921 	2258477.25000000 
0.194028 177.908401	0.03131483 	 488839.28125000 
0.195863 184.885193	0.01698538 	2289844.25000000 
0.197692 182.268906	0.03894786 	 290646.50000000 
0.194421 189.245697	0.01266275 	4947187.00000000 
0.192434 188.373596	0.02899858 	 630626.18750000 
0.197811 185.757294	0.01777898 	2113934.75000000 
0.203567 190.117798	0.03135214 	 529807.93750000 
0.191553 175.292099	0.03362653 	 397988.62500000 
0.197626 184.013092	0.04484273 	 235780.51562500 
0.198180 184.885193	0.02646017 	 722503.81250000 
0.198501 184.013092	0.01136666 	6569971.00000000 
0.202592 198.838806	0.01790095 	2373334.00000000 
0.196603 191.862000	0.02201319 	1296793.00000000 
0.198100 184.013092	0.01336571 	4341459.00000000 
0.197102 181.396805	0.02020476 	1432710.50000000 
0.193606 179.652603	0.02028887 	1428114.87500000 
0.201857 197.966705	0.01941231 	1746515.00000000 
0.197647 180.524704	0.01468016 	3247779.50000000 
0.200059 185.757294	0.01781578 	1928416.87500000 
0.191578 177.036301	0.01600758 	2638123.00000000 
0.195703 177.036301	0.01324478 	4182183.75000000 
0.197974 187.501495	0.01585506 	2877789.25000000 
0.194417 182.268906	0.01531146 	2838331.75000000 
0.199996 196.222504	0.03406117 	 443389.03125000 
0.199984 191.862000	0.01365576 	4376012.00000000 
0.199512 190.989899	0.01859466 	1953678.50000000 
0.197421 177.036301	0.02036043 	1489772.37500000 
0.197803 185.757294	0.01668603 	2444772.25000000 
0.192170 177.036301	0.00974272 	10310321.00000000 
0.196271 184.885193	0.02140647 	1312371.25000000 
0.197415 176.164200	0.02018746 	1492970.75000000 
0.193543 179.652603	0.00846751 	14769139.00000000 
0.197462 183.141006	0.04041088 	 265359.56250000 
0.194155 176.164200	0.01373733 	3824735.25000000 
0.198459 185.757294	0.01735896 	2125415.75000000 
0.199123 188.373596	0.02192526 	1329042.50000000 
0.197034 184.885193	0.03257221 	 447875.15625000 
0.192689 178.780502	0.02659846 	 742476.00000000 
0.196172 188.373596	0.01518529 	3045070.75000000 
0.196792 184.013092	0.00981120 	10375251.00000000 
0.193677 178.780502	0.00851691 	14106993.00000000 
0.192346 177.036301	0.03333936 	 439531.71875000 
0.184488 175.292099	0.02212023 	1166719.37500000 
