#npart f_downsample c_low c_med c_up c_vel
265 1000.0 6.28147906435 6.35605639394 6.43248636408 5.84826487204
265 1000.0 6.18323782659 6.25171685209 6.30878618694 6.39531183838
265 1000.0 5.02619637957 5.09201361287 5.14528197556 5.38875672531
265 1000.0 4.4482722515 4.50938440154 4.56692530593 6.28254723461
265 1000.0 10.4321229623 10.5583608476 10.6745419969 11.9682850794
265 1000.0 7.53538482403 7.62590293897 7.71168323575 8.96061453975
265 1000.0 6.4998337435 6.56774411329 6.61067579274 8.45815545981
265 1000.0 6.20273470008 6.26557788049 6.35145960823 7.4517103016
265 1000.0 7.05908154294 7.14723926208 7.23970094979 10.2496990579
265 1000.0 6.70830170886 6.77134437798 6.84922819148 8.9331434711
265 1000.0 6.51555872975 6.58819518019 6.64788735708 8.5512095871
265 1000.0 8.68317718951 8.7813092086 8.85172426193 11.5745241483
265 1000.0 5.04174939059 5.10611643172 5.17314734559 5.86130512006
265 1000.0 8.09148863137 8.19695684663 8.32659010719 7.83994172049
265 1000.0 6.72956719087 6.78774275687 6.88369615318 7.34378423751
265 1000.0 5.95736502078 6.02257845147 6.09387616507 7.05410432078
265 1000.0 5.1368004981 5.20073850502 5.26102714097 5.80960092235
265 1000.0 6.72208025779 6.77093122757 6.85212539711 8.09056061299
265 1000.0 7.48880362126 7.5735369033 7.64660827633 9.0548846833
265 1000.0 6.76179222678 6.83132789414 6.89955539431 6.98290320908
265 1000.0 6.87855996473 6.9574796382 7.04487470762 7.99256508385
265 1000.0 8.68038776994 8.83128357635 8.90721083139 8.75308188346
265 1000.0 5.06911544355 5.11483799664 5.1595933131 5.42874032781
265 1000.0 5.93694911922 6.00079095983 6.05509034809 6.67846838022
265 1000.0 6.13269373736 6.19048471016 6.25948559609 7.3301630165
265 1000.0 6.61981807369 6.68778490584 6.77908496596 7.72797676028
265 1000.0 5.8939286619 5.97023538894 6.02756798342 6.71725354705
265 1000.0 4.64607435653 4.71352889938 4.76379405491 6.12944644001
265 1000.0 5.71190036578 5.76970947496 5.83330879573 7.34408514145
265 1000.0 6.51285364166 6.59412074539 6.69068734374 7.34348195766
265 1000.0 6.0720202971 6.16030231811 6.23617019426 6.51770629637
265 1000.0 7.06728971043 7.14029237583 7.22715220751 8.24502673414
265 1000.0 7.72736817754 7.81955889606 7.8967378731 9.53071555069
265 1000.0 5.38812201085 5.4450189188 5.50976550204 7.15088104662
265 1000.0 5.25885383704 5.33686146554 5.38982259344 7.06394014633
265 1000.0 6.16824330066 6.27094275184 6.32418001489 7.37251064873
265 1000.0 6.55926935143 6.63993961508 6.71832444642 7.03564640466
265 1000.0 6.64558864947 6.73067420193 6.80100560856 7.90474753288
265 1000.0 4.81017110834 4.85274987021 4.92726845188 6.51303134481
265 1000.0 4.84163956825 4.91198297622 4.96273006875 5.49872119838
265 1000.0 5.81004244075 5.88407787315 5.95621857029 6.93335036676
265 1000.0 9.33251484386 9.46459782509 9.59336955951 13.6758645749
265 1000.0 3.89900966607 3.93542210737 3.99642847771 4.84460380833
265 1000.0 6.84865483119 6.92954574886 7.00303138252 7.38403319462
265 1000.0 5.97106055182 6.04374512504 6.11627299638 9.07344137484
265 1000.0 5.01461818057 5.06447276495 5.10665014226 6.71613853537
265 1000.0 5.10058359586 5.17433067291 5.23101896312 6.47975818351
265 1000.0 6.04205817165 6.1037138742 6.16582310871 6.74928533604
265 1000.0 6.18217924284 6.25343236483 6.30824608439 7.74942156907
265 1000.0 5.9141523693 5.98299453085 6.02988352873 7.00198823496
265 1000.0 5.35250815354 5.4127537691 5.48020852309 5.79588757529
265 1000.0 5.32901193848 5.38407831062 5.45425842008 5.94291772295
265 1000.0 6.82562911987 6.93302808277 7.01251783318 7.92670495818
265 1000.0 6.73099103584 6.80842523996 6.86423309657 7.39120684506
265 1000.0 6.20395731776 6.2644029732 6.33546163289 6.76197421644
265 1000.0 7.08307165793 7.17091538618 7.23742962824 7.71205302417
265 1000.0 5.92626473542 5.98701134366 6.07235323592 8.30239164093
265 1000.0 7.16357543763 7.27729416438 7.34163631376 8.18687825058
265 1000.0 6.20875895883 6.28294870159 6.34857382965 8.13808358506
265 1000.0 6.84438559512 6.91174735017 6.98873220265 6.59929869121
265 1000.0 7.45603053898 7.53718188374 7.59987413372 7.47821813003
265 1000.0 4.71737593272 4.75737367643 4.81197266091 5.90903057356
265 1000.0 7.29878561489 7.37938259979 7.43790471776 7.94870739303
265 1000.0 5.94969001066 6.01503323226 6.08334668263 7.61517850767
265 1000.0 6.99977154612 7.09143795243 7.16391679967 8.40549093602
265 1000.0 7.73089743847 7.81507170254 7.91052080892 8.71346442934
265 1000.0 6.92170249951 7.01702283933 7.10970624813 7.96431517343
265 1000.0 5.69168079323 5.75391833999 5.82692816183 6.79288451031
265 1000.0 7.16506074765 7.23333324911 7.30323355792 10.1804748865
265 1000.0 5.02001194095 5.07534176181 5.12883877936 5.03618066801
265 1000.0 5.79627451577 5.86041179667 5.91842369474 7.83791901751
265 1000.0 5.85742126277 5.90608644993 6.00434221735 6.86383494614
265 1000.0 7.06502948755 7.15150343117 7.25954161405 8.59265435529
265 1000.0 6.15142335891 6.23655662449 6.29915467284 7.59715206277
265 1000.0 6.41804349489 6.47993378525 6.56196884203 9.01792126844
265 1000.0 6.94735609756 7.01638656842 7.10632165711 8.53448637461
265 1000.0 6.26483984284 6.34457096057 6.43040790109 7.30847211769
265 1000.0 5.94853626804 6.01412974224 6.10511298822 7.57742283469
265 1000.0 5.45796224447 5.52660196528 5.59383831064 5.53067422811
265 1000.0 3.68908038073 3.71908243504 3.76101341921 5.52218114928
265 1000.0 6.73206520465 6.81191077247 6.90165744279 8.81321752575
265 1000.0 7.27249516064 7.3389779218 7.44372281955 8.39278707653
265 1000.0 6.40127694891 6.4861497656 6.57937460698 7.3803476336
265 1000.0 8.07497683063 8.23435853653 8.31742181314 9.59316340208
265 1000.0 8.94992187037 9.04863522311 9.14046383689 10.7341058987
265 1000.0 6.55431897175 6.63810155804 6.70431845868 7.26661251961
265 1000.0 8.04162630426 8.1216075645 8.20669106222 8.98269485808
265 1000.0 6.71519503045 6.77234909088 6.84638046329 7.93142405093
265 1000.0 5.75225446471 5.82125976014 5.88451305494 6.38821069237
265 1000.0 7.65193809647 7.76536974446 7.84891509869 9.23827673868
265 1000.0 5.21597585262 5.26886967013 5.31412102357 6.39352087895
265 1000.0 6.31076012789 6.39163387158 6.45450519833 7.62315068914
265 1000.0 8.00177407525 8.10590351866 8.20440732695 9.30703771738
265 1000.0 6.34231963355 6.41557740242 6.46581135158 7.69779623908
265 1000.0 6.84921267374 6.91875402918 6.99830010898 9.49473585421
265 1000.0 5.3763552695 5.46159473648 5.52963713888 6.37216097385
265 1000.0 5.92339539305 5.98341231476 6.05264000898 5.93398602575
265 1000.0 4.48110258176 4.53099358974 4.5825336536 5.6504238772
265 1000.0 7.20942699691 7.29387111513 7.39968086654 7.82714500522
265 1000.0 4.8735992742 4.93092789289 4.99640185594 6.17418810367
572 464.158883361 7.32950653428 7.36702304545 7.39637879868 7.67650928407
572 464.158883361 5.14258285169 5.16821606848 5.19860383835 5.79244527536
572 464.158883361 6.53985398434 6.57964172673 6.62390532066 8.08980386371
572 464.158883361 6.50151259194 6.54191108309 6.57473720042 6.88802083438
572 464.158883361 6.02923548326 6.0622944761 6.0891355127 6.53138405616
572 464.158883361 7.98753555911 8.03624870878 8.07037685348 8.09478358091
572 464.158883361 6.49131485689 6.52790223894 6.56982582478 7.73482666792
572 464.158883361 6.43430706459 6.47887052205 6.51237107127 6.59929034074
572 464.158883361 5.64255138413 5.67539713154 5.70672429041 5.94739707685
572 464.158883361 10.8340172732 10.8882144912 10.9448738054 11.0528727163
572 464.158883361 5.52924530405 5.5625020155 5.58819256649 5.89372688155
572 464.158883361 5.88217196366 5.91069278438 5.93035128235 6.4440418933
572 464.158883361 6.99455558248 7.02718364414 7.06958867317 7.44790021905
572 464.158883361 6.34941235337 6.39195193182 6.42909985971 7.20961216533
572 464.158883361 5.76016440779 5.79557176587 5.82501938517 6.56344019548
572 464.158883361 5.24199201561 5.27194793618 5.29425463219 5.90030271588
572 464.158883361 5.62347116473 5.65753933141 5.69379347179 6.41677298112
572 464.158883361 5.69778437483 5.73162412179 5.76389797636 5.71750908777
572 464.158883361 6.14073249648 6.1756530183 6.20800640046 6.68701465845
572 464.158883361 6.59423717124 6.63712437151 6.65611600295 6.92903992757
572 464.158883361 6.93716261933 6.9728528457 7.02008964636 7.03862652781
572 464.158883361 6.66294044074 6.69548252182 6.73141401213 6.95156787356
572 464.158883361 7.39508169599 7.43919492819 7.47195744821 8.20793844807
572 464.158883361 5.9410421435 5.98807050153 6.01353510591 6.76349910142
572 464.158883361 6.00953783725 6.04312774875 6.07532472496 6.74824547671
572 464.158883361 6.72118548177 6.7591816322 6.78775489244 7.56333739553
572 464.158883361 6.74556556021 6.78582374187 6.83069174838 7.70215105349
572 464.158883361 5.28313288039 5.31183269855 5.33870128915 6.34967017594
572 464.158883361 5.54917759272 5.58275991055 5.61839863104 6.67529404251
572 464.158883361 5.98067194456 6.0154332142 6.04392903534 6.63451365714
572 464.158883361 6.64495195747 6.67334426476 6.70683962355 7.61841405586
572 464.158883361 6.95428082915 7.00549780159 7.03265145526 6.98927276572
572 464.158883361 6.5847168232 6.61979982776 6.65798686497 6.52378845964
572 464.158883361 6.18559204972 6.21234804887 6.24418090037 7.14214101319
572 464.158883361 6.39458050204 6.41854029805 6.45027944241 6.59869529726
572 464.158883361 6.41001826202 6.45167130941 6.48409443491 6.85876248338
572 464.158883361 7.72055513159 7.75683449733 7.80438269695 8.26816937863
572 464.158883361 5.61105342391 5.63266567713 5.65181837961 6.69384903589
572 464.158883361 6.80441133464 6.84641668033 6.88102771141 8.55015569111
572 464.158883361 5.84077518259 5.86989390266 5.89938849166 5.78589348674
572 464.158883361 7.19069980541 7.2350376345 7.26070646337 9.02730926918
572 464.158883361 6.88822112891 6.93472176033 6.96886529693 7.88540006401
572 464.158883361 5.61163843634 5.64948916842 5.68030365684 6.20214707939
572 464.158883361 7.03824094161 7.06910033591 7.1141947015 7.94155023937
572 464.158883361 5.80611449568 5.8456267691 5.87201169811 6.3843835862
572 464.158883361 6.24525422624 6.29577269574 6.33228301872 7.25088028052
572 464.158883361 5.68931892435 5.71831597582 5.7518695302 6.4627498373
572 464.158883361 6.24879271257 6.2847921666 6.31465866228 6.84994933307
572 464.158883361 7.56019375143 7.60183778453 7.64158138384 7.74473696255
572 464.158883361 7.53031330196 7.56957235458 7.61511040526 7.60443040105
572 464.158883361 7.03849038442 7.08097002734 7.1196768983 8.02216235507
572 464.158883361 5.46712286288 5.50459194124 5.53985295749 6.57639831385
572 464.158883361 6.01450355322 6.05354669009 6.08454362236 6.88600382266
572 464.158883361 6.00824733957 6.04432550127 6.07299986256 6.8276882749
572 464.158883361 5.36160865903 5.38828044753 5.41613971926 5.63042868792
572 464.158883361 6.84041865376 6.87325719725 6.91222129278 6.92032734157
572 464.158883361 7.16087459694 7.18991758291 7.21485449344 7.74112650634
572 464.158883361 6.45786807281 6.49066479994 6.52456382219 6.51176444979
572 464.158883361 7.31223497096 7.34309171989 7.38332538449 8.31485791771
572 464.158883361 6.46752630741 6.50255080143 6.54017044126 7.07178500648
572 464.158883361 7.81852433537 7.86112025523 7.89707992545 7.70903389983
572 464.158883361 6.9081848533 6.94705007794 6.96970376784 7.63331010192
572 464.158883361 6.47779236765 6.51863030831 6.55758738355 6.75210199044
572 464.158883361 4.50771530421 4.53099212101 4.5504540369 5.98019507274
572 464.158883361 6.66729490463 6.69398837222 6.71475549097 7.67258429613
572 464.158883361 6.51355012314 6.55941999335 6.59111722418 6.84337341123
572 464.158883361 5.13009490767 5.15300579713 5.184775438 6.22074863627
572 464.158883361 7.35460047158 7.4005175614 7.44538451046 7.83896439149
572 464.158883361 5.69135235588 5.73417274375 5.76055842188 6.62690960741
572 464.158883361 5.56605648819 5.60026698007 5.63956145324 5.9864327554
572 464.158883361 6.10270178435 6.13817916416 6.17231981753 6.59008773471
572 464.158883361 6.40208414904 6.42869847849 6.46935368173 6.52223401463
572 464.158883361 5.9805769639 6.01088781739 6.05351756437 6.9871857807
572 464.158883361 7.04615926827 7.09105194744 7.13634559437 8.05052677695
572 464.158883361 7.31658307019 7.35215144287 7.38950328588 7.63549598158
572 464.158883361 6.30351354868 6.34885977515 6.37117352203 7.49613502229
572 464.158883361 7.4870639272 7.52026741688 7.55394744227 7.73726178653
572 464.158883361 5.87194758754 5.89727175459 5.93576038513 7.05725735162
572 464.158883361 5.55584921214 5.59395884081 5.62565410893 6.30265817575
572 464.158883361 6.62230746138 6.6590877759 6.6874188527 8.31291598997
572 464.158883361 6.7322141212 6.766170054 6.81619815574 7.30739719778
572 464.158883361 5.64274051734 5.67748027829 5.70381515446 6.20265905383
572 464.158883361 5.80946802825 5.83804321276 5.8677932902 7.21255200188
572 464.158883361 5.92349920662 5.95216629292 5.98680420468 7.09064254563
572 464.158883361 5.36821434819 5.39324417307 5.42315932996 6.17535681061
572 464.158883361 6.02925793377 6.06735873823 6.09182760565 6.34408692399
572 464.158883361 5.90787202722 5.94125981384 5.97848222301 6.63513902316
572 464.158883361 6.18875851925 6.255444396 6.28555541125 6.50010422526
572 464.158883361 4.95391548511 4.97841023423 5.00329836687 6.00175230278
572 464.158883361 5.8568808042 5.90085466024 5.93005773903 7.09036606992
572 464.158883361 6.1532780704 6.18740150378 6.21849590276 6.29224875205
572 464.158883361 5.60703837956 5.63968624487 5.67357102424 6.07841904666
572 464.158883361 4.85068531556 4.87833305594 4.90770307235 5.87749604584
572 464.158883361 5.31392057973 5.34735063448 5.3794230594 6.16978960696
572 464.158883361 6.37920462834 6.41479842398 6.44201589743 7.24390900495
572 464.158883361 6.54639485184 6.58777313333 6.61590376152 6.94590847917
572 464.158883361 5.9800686756 6.01118240057 6.03927931035 6.46171282155
572 464.158883361 6.21384990415 6.24996357854 6.2832351794 6.27771808903
572 464.158883361 6.64035261633 6.68037730206 6.7057663221 6.66978830551
572 464.158883361 5.83433817513 5.86433959295 5.90524868324 6.83374908624
1233 215.443469003 6.92583833786 6.94334980712 6.95851657165 6.89098867812
1233 215.443469003 6.53336529476 6.55347371058 6.57132459513 7.19085281439
1233 215.443469003 6.00793274966 6.02748645804 6.04284501264 6.22333402886
1233 215.443469003 5.79338280216 5.80857371549 5.81846228035 6.15591399411
1233 215.443469003 7.15596305633 7.173350506 7.18648178033 7.1878223672
1233 215.443469003 6.84534295144 6.86780730462 6.88523861808 6.33092113896
1233 215.443469003 5.59054437428 5.60411500188 5.61581203492 6.39834657173
1233 215.443469003 6.90696291209 6.92361799767 6.94585062872 7.18669312653
1233 215.443469003 6.90309911942 6.92357208563 6.93978869682 7.20720787952
1233 215.443469003 6.47664552742 6.49966743886 6.5145576468 6.99298816929
1233 215.443469003 5.79948720262 5.81107700848 5.82560755273 6.31879730011
1233 215.443469003 7.53235460084 7.55995096553 7.57832239574 7.5141176968
1233 215.443469003 6.07155508247 6.08575108647 6.10018584903 6.98498873714
1233 215.443469003 6.7670176869 6.78594921212 6.80355941836 6.86962899161
1233 215.443469003 5.87896623977 5.89570765277 5.91072523418 6.52585239527
1233 215.443469003 6.47865042616 6.49945441291 6.51999975208 6.90381182992
1233 215.443469003 6.71540291333 6.7380660596 6.75343876546 7.40324189607
1233 215.443469003 6.05544962906 6.07215662534 6.08421349142 6.06253616528
1233 215.443469003 5.89808892188 5.91890614459 5.93844362771 6.97171019907
1233 215.443469003 5.85270194698 5.8680752592 5.88230669158 6.06336008099
1233 215.443469003 5.55703265186 5.57047852013 5.58188086713 6.43133127226
1233 215.443469003 6.14818084126 6.16211827808 6.17259368078 6.73980886715
1233 215.443469003 6.41590969368 6.43319363332 6.44759921605 6.62324619775
1233 215.443469003 6.98876203996 7.00774312968 7.02113624322 7.61961430755
1233 215.443469003 6.22388137904 6.23958102958 6.25554875613 6.51816390541
1233 215.443469003 5.83562828746 5.85142169429 5.86656851891 6.790303927
1233 215.443469003 6.05212428288 6.07125985953 6.08727954563 6.74828570508
1233 215.443469003 6.72965409191 6.74542595297 6.7639979571 6.92589562324
1233 215.443469003 6.85231808476 6.87145229403 6.89083465133 7.370087498
1233 215.443469003 6.4292639463 6.44423544086 6.45931275014 6.09311626844
1233 215.443469003 6.99531729098 7.01162198474 7.02441898915 7.05565910617
1233 215.443469003 6.56953725968 6.58830041427 6.60416248001 7.00584740608
1233 215.443469003 6.0808411966 6.09597160668 6.11165489873 6.72857852231
1233 215.443469003 7.17790592091 7.19752446601 7.21384714462 7.07712288844
1233 215.443469003 7.64298910603 7.66909919173 7.68644653279 9.15006459225
1233 215.443469003 6.51895777257 6.53648174864 6.55279334793 6.63831917463
1233 215.443469003 6.34559347063 6.36551240515 6.38086744252 6.90990498421
1233 215.443469003 6.54752149085 6.56719474071 6.58581695529 6.55499765836
1233 215.443469003 7.68707819464 7.70307819684 7.72513486982 7.97048180274
1233 215.443469003 7.49121572445 7.51720863765 7.53419231667 7.76273248733
1233 215.443469003 6.75072191142 6.76964685179 6.78792366188 7.51704825383
1233 215.443469003 7.25518578805 7.281195533 7.2949109198 7.21299483621
1233 215.443469003 7.81818948135 7.83986403616 7.86012389347 7.99704497692
1233 215.443469003 6.34312884676 6.36563014288 6.38505639166 6.95084713755
1233 215.443469003 6.08981623501 6.10513243401 6.12351721879 6.86185661326
1233 215.443469003 6.44118878201 6.46137183042 6.47964991639 6.66789387858
1233 215.443469003 6.41877214375 6.43429753873 6.45031028915 6.61839143792
1233 215.443469003 5.97915974904 5.9915251352 5.99811737532 6.1416101126
1233 215.443469003 6.06080738132 6.0752211368 6.08726692673 6.20616196277
1233 215.443469003 6.53581214872 6.55130505793 6.56649902833 6.58483567689
1233 215.443469003 6.32818016544 6.34575717283 6.36044657445 6.50818093219
1233 215.443469003 6.25095411785 6.27088988227 6.28314916255 7.64094748845
1233 215.443469003 6.69871492234 6.71576368334 6.73121302876 6.79035271763
1233 215.443469003 6.78429603969 6.80698792935 6.82312653263 6.94126004086
1233 215.443469003 5.99588885242 6.01185553686 6.03112646755 6.7710074538
1233 215.443469003 5.70079410255 5.7158341322 5.72519510744 6.05950902912
1233 215.443469003 6.60452927151 6.62473422773 6.63683621729 6.50164339258
1233 215.443469003 6.49315831582 6.51378939425 6.53127019691 6.52386850718
1233 215.443469003 6.15185530359 6.17241470007 6.18724949449 6.92355403312
1233 215.443469003 6.68672732206 6.70158020776 6.71609338759 6.50275957712
1233 215.443469003 6.24825018551 6.26357898884 6.27957606528 6.60897021992
1233 215.443469003 6.46116360034 6.47804586296 6.49440335309 6.46244801894
1233 215.443469003 7.1151892449 7.14205678511 7.15883659448 7.68774701242
1233 215.443469003 6.30083763007 6.32065811804 6.33409211005 6.64452773776
1233 215.443469003 6.16781095194 6.18425622185 6.19743993023 6.63088370971
1233 215.443469003 6.51962278762 6.53654837204 6.54824309445 6.97392880357
1233 215.443469003 6.8876671363 6.90139775599 6.91584202134 6.62214192754
1233 215.443469003 5.59651681846 5.61358352594 5.62647789561 6.15618050233
1233 215.443469003 5.50329497663 5.51730127036 5.5326696019 6.22633160808
1233 215.443469003 6.08883657194 6.10616008001 6.12023715059 6.91727030034
1233 215.443469003 6.34611868038 6.36041626726 6.37175958008 6.68763751873
1233 215.443469003 6.23556368054 6.25246923899 6.26637175479 7.36878268755
1233 215.443469003 6.37407147611 6.39044780739 6.40166992722 7.03097430304
1233 215.443469003 6.97567908708 6.99913588761 7.01522493067 7.1141802303
1233 215.443469003 7.33484155503 7.35482380404 7.37003405394 7.2632851326
1233 215.443469003 7.22611271133 7.24450750507 7.2642405294 7.20330295481
1233 215.443469003 7.09085311958 7.10790482046 7.12348934412 7.01720616459
1233 215.443469003 6.69941217274 6.71670816904 6.73257547361 7.52156305125
1233 215.443469003 6.64511838363 6.66054455645 6.67727200473 6.58097328817
1233 215.443469003 6.42956906347 6.44257677335 6.4612222807 6.89695079289
1233 215.443469003 7.61257811854 7.63617288109 7.65519501337 7.59322655919
1233 215.443469003 7.56298097284 7.58318977636 7.5960241684 8.0010434714
1233 215.443469003 6.57528623593 6.59092847567 6.60842121275 6.6914997763
1233 215.443469003 5.48046101328 5.48990326023 5.5029142917 6.00027468554
1233 215.443469003 6.98642901052 7.00518032449 7.0160757743 7.42366824942
1233 215.443469003 6.0245080608 6.04464667214 6.06155489933 7.00396688522
1233 215.443469003 6.93591421098 6.95483687941 6.96870288483 7.51534532462
1233 215.443469003 7.31990167645 7.34109060828 7.35908275856 7.39477473912
1233 215.443469003 7.16458255657 7.17632221692 7.19331199872 7.41936960847
1233 215.443469003 6.84588156268 6.86460143958 6.87946604702 7.48176419719
1233 215.443469003 7.18246510114 7.20197632285 7.21928124866 7.42355406263
1233 215.443469003 6.26270955439 6.2820291526 6.29629762457 6.75273495145
1233 215.443469003 6.78515389229 6.80733385658 6.82630676229 7.8946134263
1233 215.443469003 7.48216504563 7.50638181452 7.52087834186 8.11625409965
1233 215.443469003 6.51006542233 6.52393290879 6.5353114505 6.99659469976
1233 215.443469003 4.829403434 4.8401291653 4.85171750666 5.86148139136
1233 215.443469003 6.41535682421 6.42883408722 6.44353550611 6.7351805197
1233 215.443469003 5.64920282389 5.66452567273 5.67177697993 6.06562703859
1233 215.443469003 5.92646235414 5.94356020879 5.96123503722 5.97407532771
1233 215.443469003 6.50207286886 6.51672487193 6.53237457402 6.90981748998
2657 100.0 7.06539552925 7.07479137973 7.08388676959 7.16360986114
2657 100.0 6.62115161966 6.63106844773 6.63873549775 6.79021132077
2657 100.0 6.16634116484 6.17490885877 6.18296402112 6.54109531156
2657 100.0 6.52999162867 6.53766376752 6.54505566993 6.75022821599
2657 100.0 6.20605901594 6.21497628024 6.22288137365 6.16359203865
2657 100.0 6.4482262006 6.45577451582 6.46287560796 6.58254167344
2657 100.0 7.16078191062 7.16794670887 7.17711502374 7.19162878522
2657 100.0 6.3897993549 6.39712086584 6.40322880664 6.70939545025
2657 100.0 6.53444900162 6.5440946644 6.55349055871 6.38454113024
2657 100.0 5.69512637695 5.70347463276 5.7096071662 5.69677454519
2657 100.0 6.38685133523 6.39496107765 6.40442711916 6.47502774189
2657 100.0 5.76092090517 5.770363246 5.7771360235 6.13737810215
2657 100.0 5.97635709335 5.98360034651 5.9910533204 6.34461739424
2657 100.0 6.37609763967 6.38304721382 6.39009963213 6.60205614281
2657 100.0 5.97566902908 5.98391984266 5.98759017147 6.09062598506
2657 100.0 6.30258489607 6.31177143873 6.31920339637 6.09861351097
2657 100.0 6.2139815655 6.22107744783 6.22799241991 6.8475662106
2657 100.0 6.36294553808 6.37347776849 6.37991406545 5.99588860053
2657 100.0 5.79651128446 5.80328533212 5.810875741 6.01082628847
2657 100.0 6.7013216059 6.70986169359 6.7150863589 6.69060468721
2657 100.0 6.58290747518 6.59350133954 6.60011008534 6.70891648476
2657 100.0 6.70246214243 6.70997658181 6.71675995883 6.68771700245
2657 100.0 6.4878094047 6.49674338099 6.50388051971 6.79993459375
2657 100.0 6.30786939178 6.31365869344 6.32194947947 6.26121048359
2657 100.0 7.15395107446 7.16134429186 7.16857266039 7.68477179732
2657 100.0 6.23683984123 6.24442749507 6.25208228155 6.13757748919
2657 100.0 6.50985822523 6.51941865348 6.52542192487 6.68725873954
2657 100.0 6.31949481549 6.32834727692 6.33723148898 6.56061475397
2657 100.0 6.2472228495 6.25607806819 6.26341528173 6.21109583577
2657 100.0 6.29782086839 6.3054410644 6.31280281582 6.46488182253
2657 100.0 6.54788367957 6.55891153631 6.56840953535 6.90376201565
2657 100.0 6.41018680884 6.41888832415 6.4280317068 6.56192473074
2657 100.0 6.17433762334 6.18701965333 6.19323596477 5.85242217195
2657 100.0 6.02952349961 6.03859755048 6.04679430174 6.34901497934
2657 100.0 6.49740415377 6.50486909955 6.51256703488 6.10709972484
2657 100.0 6.34066591717 6.34819352349 6.35211986838 6.38621298902
2657 100.0 6.98530212572 6.99493934428 7.00266299235 6.65783176527
2657 100.0 6.63472267841 6.64390056694 6.65114450941 6.36131685158
2657 100.0 6.5875399692 6.59465089144 6.60303891509 6.50070007771
2657 100.0 6.36750056076 6.37580412259 6.38292175114 6.5511787772
2657 100.0 7.16575619759 7.17600627788 7.18112415116 7.28808682475
2657 100.0 6.47511938007 6.48343500672 6.4922232972 6.6832139419
2657 100.0 5.82424351026 5.8309819642 5.83730522355 6.25747491597
2657 100.0 6.08627263936 6.09550993069 6.10266628868 6.24700865121
2657 100.0 6.21488020689 6.22614896073 6.23263200777 6.21914866704
2657 100.0 6.45630277122 6.46402682076 6.47098628539 6.50436077528
2657 100.0 6.07059559107 6.07710679204 6.08542978955 6.02178475437
2657 100.0 6.66365555766 6.67189640586 6.67968108371 7.11960788462
2657 100.0 6.46110821554 6.4683133964 6.47557399542 6.66648064491
2657 100.0 5.99810283081 6.00778521036 6.01608025788 6.22978352784
2657 100.0 6.4183232061 6.42613108433 6.43393474327 6.4169656708
2657 100.0 6.77515580341 6.78432495067 6.79053747188 7.245719093
2657 100.0 6.18693094846 6.19727215028 6.2055926161 6.56794933022
2657 100.0 5.76601913438 5.77359210396 5.78005505084 6.19670045896
2657 100.0 6.4128720227 6.42463367485 6.43064100479 6.89187178587
2657 100.0 6.56989819325 6.57692151875 6.58424927034 6.60767547113
2657 100.0 6.6958301264 6.70534457369 6.71128996782 7.12086134635
2657 100.0 6.64079711168 6.65023421179 6.65664767308 6.75973632931
2657 100.0 6.14705892863 6.1542227908 6.16003575724 6.2406223983
2657 100.0 6.16441731691 6.17054370354 6.17862314629 6.54500555973
2657 100.0 6.52962283465 6.54014851776 6.54671113081 6.51629793293
2657 100.0 6.63268564173 6.64041384504 6.65036129558 6.79602334295
2657 100.0 6.17636286047 6.18307630225 6.19152873918 6.32829198202
2657 100.0 6.81018786578 6.818871573 6.82715714318 7.24112328399
2657 100.0 6.14750730809 6.15336614889 6.16009271321 6.57346647626
2657 100.0 6.42492483387 6.43357903114 6.44136508345 7.12642145012
2657 100.0 7.16649736044 7.17603099833 7.18436219834 7.07651169256
2657 100.0 6.63499954391 6.64289759994 6.65144802005 6.59630253251
2657 100.0 6.51910009398 6.52837316116 6.53539019312 6.87048248398
2657 100.0 6.22803415847 6.2371819775 6.24286904812 6.72480365753
2657 100.0 6.96290125014 6.97337793502 6.9808013543 7.56230450072
2657 100.0 6.222895397 6.23018748088 6.23783732545 6.33614285105
2657 100.0 6.54090903485 6.54712557854 6.5555861706 6.47666135477
2657 100.0 6.82226467891 6.83156754638 6.83693720034 6.85037130908
2657 100.0 6.90694630671 6.91540119793 6.9227770788 7.16617754554
2657 100.0 7.14615071554 7.15480604672 7.16316342219 6.83161763261
2657 100.0 6.13098599058 6.13715556839 6.1431113935 6.28102126267
2657 100.0 6.17512051983 6.18268355665 6.18995912516 6.41002158685
2657 100.0 5.90879637955 5.91829627464 5.92416829989 6.04610353452
2657 100.0 6.48034333082 6.49057035676 6.50047945207 6.55572929163
2657 100.0 7.54373042809 7.55530415295 7.56226767939 7.73543419664
2657 100.0 6.75288198631 6.76136530462 6.76943631318 6.7613999232
2657 100.0 6.74429312632 6.75254805633 6.76197679865 7.02968692788
2657 100.0 6.20566288012 6.21284277273 6.21919574286 6.91189710554
2657 100.0 6.8233294816 6.83205062208 6.84068568541 7.15458785567
2657 100.0 6.4828661036 6.49405839937 6.50079386317 6.63481586875
2657 100.0 6.56225267962 6.56920106593 6.5765445108 6.80128582491
2657 100.0 5.90358208162 5.91036506143 5.92085350469 6.15256368486
2657 100.0 6.38435224286 6.3912866936 6.39808980732 6.37897214315
2657 100.0 6.91070948254 6.92118269161 6.92713539785 6.98269213354
2657 100.0 6.85694283898 6.86887576121 6.87599441377 6.51272460494
2657 100.0 6.27215521513 6.28136074696 6.29138868786 5.83877477011
2657 100.0 6.38020997195 6.38728532991 6.39476922681 6.42647785727
2657 100.0 6.66399345429 6.67024170035 6.67837412055 6.46625443801
2657 100.0 6.40624089071 6.41200615332 6.42009257998 6.52230400112
2657 100.0 5.9176567624 5.92518922865 5.93118522157 6.30093837322
2657 100.0 7.05168521413 7.05910299768 7.06636772805 6.74309768909
2657 100.0 7.73510723701 7.74430320867 7.75355373177 7.45327723283
2657 100.0 6.83364149877 6.84340079325 6.85179848251 7.19438136951
2657 100.0 6.05251494446 6.06026389378 6.06662461901 6.35669367898
5724 46.4158883361 6.10958306908 6.11360896729 6.11594384973 6.41077485195
5724 46.4158883361 6.32007502111 6.32453962718 6.32698644395 6.3668221822
5724 46.4158883361 6.07557307751 6.07931768404 6.08228772126 6.22870163941
5724 46.4158883361 6.52723808814 6.53026653531 6.53453094019 6.4018508518
5724 46.4158883361 6.34732008841 6.35085459583 6.35437381384 6.53533293954
5724 46.4158883361 6.4940570418 6.49853399215 6.50180729585 6.32495944159
5724 46.4158883361 6.56285251304 6.56709368457 6.57064691438 6.64017703236
5724 46.4158883361 6.8231053269 6.82664591635 6.83041444845 7.05329453697
5724 46.4158883361 6.98308649086 6.9864352329 6.99028481561 6.97540849789
5724 46.4158883361 6.14770097685 6.15134399328 6.15446717964 6.49140975601
5724 46.4158883361 6.20431201341 6.20779000874 6.21086576199 6.39478394507
5724 46.4158883361 6.18191248035 6.18496090254 6.18962717096 6.4922484327
5724 46.4158883361 6.43564461707 6.43917454183 6.44191324426 6.56123521974
5724 46.4158883361 6.38106075958 6.38537455484 6.38796414618 6.54957733209
5724 46.4158883361 6.1463030272 6.15035555439 6.15290864413 6.33635813927
5724 46.4158883361 6.73746907122 6.74112154484 6.74494591453 6.92300566598
5724 46.4158883361 6.14015675059 6.14390446108 6.14667294589 6.18984507727
5724 46.4158883361 6.42612828171 6.4303525823 6.43256013777 6.5516994624
5724 46.4158883361 6.41230337801 6.4159363467 6.41930928525 6.51234285963
5724 46.4158883361 6.46634161299 6.47087453847 6.47343656702 6.49001818481
5724 46.4158883361 6.13928589817 6.14317485523 6.14659349191 6.17791251377
5724 46.4158883361 6.54931819944 6.55400210642 6.55738379065 6.694911647
5724 46.4158883361 6.05767520177 6.06060511104 6.06283082499 6.06885753009
5724 46.4158883361 6.69441415348 6.69703908889 6.70136648773 6.92522817763
5724 46.4158883361 6.29336043044 6.29745824068 6.30125954354 6.61579616133
5724 46.4158883361 6.58840722998 6.59012946329 6.59491109039 6.82571074983
5724 46.4158883361 6.48794856685 6.49147956677 6.49390022288 6.61348443483
5724 46.4158883361 6.95352397473 6.95866086784 6.96385414528 6.64225309415
5724 46.4158883361 6.11934516191 6.1229845932 6.12649970577 6.03027620071
5724 46.4158883361 6.6246266239 6.62796206695 6.63146836911 6.53096521654
5724 46.4158883361 6.32202171652 6.32571165786 6.32922228798 6.40937320333
5724 46.4158883361 6.74153477503 6.7442526034 6.74803013767 7.10823982091
5724 46.4158883361 6.14990568311 6.15386288106 6.15653128896 6.40637768327
5724 46.4158883361 6.00655182593 6.01027679385 6.01381811983 6.05443587967
5724 46.4158883361 6.33248222611 6.33634200662 6.34005327448 6.43944624146
5724 46.4158883361 6.44154070003 6.4441007092 6.44761873286 6.42493133337
5724 46.4158883361 6.89077341593 6.89428326481 6.8987485101 6.74436240733
5724 46.4158883361 6.50719991562 6.5113221257 6.51453236158 6.6280247999
5724 46.4158883361 6.36547210124 6.36915825589 6.37371329977 6.59093617671
5724 46.4158883361 6.32724854186 6.33167574955 6.334937927 6.68182989763
5724 46.4158883361 6.51297343152 6.51655938583 6.52044340164 6.69351763327
5724 46.4158883361 6.47657451345 6.48139411598 6.48473474281 6.80007100918
5724 46.4158883361 6.33350046277 6.3363813518 6.34039740055 6.38133174112
5724 46.4158883361 6.06605640937 6.06972630763 6.07355114835 6.23558471176
5724 46.4158883361 6.34472557028 6.34809022662 6.35196805489 6.75103410115
5724 46.4158883361 6.11555411939 6.11855284875 6.12160498036 6.19724687177
5724 46.4158883361 6.39281896761 6.39662477928 6.4002563557 6.79370166064
5724 46.4158883361 6.58380406545 6.58894658215 6.59240619002 6.7850744301
5724 46.4158883361 6.66526865668 6.66859624469 6.67251942643 6.89999329428
5724 46.4158883361 6.8342529174 6.83828558248 6.84214945303 6.79572417133
5724 46.4158883361 6.39578545705 6.39983608793 6.40298344998 6.9174058127
5724 46.4158883361 6.83052058722 6.83481631272 6.83826217626 6.96434478531
5724 46.4158883361 6.47895177638 6.48356410818 6.488854355 6.60030836631
5724 46.4158883361 5.90259656478 5.9058988779 5.90921292124 6.05040278678
5724 46.4158883361 6.00057794611 6.00383595477 6.00652434672 6.43149707944
5724 46.4158883361 6.40591696001 6.41026059718 6.41318695321 6.34994213688
5724 46.4158883361 6.25665601745 6.26088679571 6.26401780902 6.53472121831
5724 46.4158883361 6.69085267473 6.69400989018 6.69935204473 7.13066732799
5724 46.4158883361 6.710044515 6.71485635207 6.71788716021 7.00785817104
5724 46.4158883361 6.13055782255 6.13402055382 6.13770306876 6.47062456191
5724 46.4158883361 6.23283261581 6.23746429082 6.241374035 6.30477105897
5724 46.4158883361 6.98405572084 6.98827661138 6.99105968476 6.80976514057
5724 46.4158883361 6.4749251535 6.4782304154 6.48052958659 6.67208569015
5724 46.4158883361 6.23372869434 6.23827451489 6.24204203051 6.31869326785
5724 46.4158883361 6.10218738237 6.10440972259 6.10742362457 6.20530736708
5724 46.4158883361 6.59804363186 6.60320545712 6.606148169 6.91505468555
5724 46.4158883361 6.19129101337 6.19528190461 6.19863566415 6.06570240796
5724 46.4158883361 6.50578119641 6.51000376477 6.51288166703 6.65368353195
5724 46.4158883361 6.07198695817 6.07685216108 6.07985546902 6.28803861823
5724 46.4158883361 6.20537588513 6.20902970235 6.21193776362 6.39476208496
5724 46.4158883361 6.61036243117 6.61464651883 6.61784758199 6.77530079911
5724 46.4158883361 6.94259865842 6.94682087891 6.95025802011 6.94948170698
5724 46.4158883361 6.33186340893 6.33682126764 6.3398144316 6.39454883099
5724 46.4158883361 6.50681973534 6.51141976331 6.5142734568 6.84646628788
5724 46.4158883361 6.55292307714 6.55691541342 6.55977448022 6.52964356963
5724 46.4158883361 6.94388741242 6.94842593109 6.95163814225 6.85014010339
5724 46.4158883361 6.37768768368 6.38188199568 6.38562785927 6.12056224521
5724 46.4158883361 6.42374841116 6.42805630409 6.43120449316 6.56802889587
5724 46.4158883361 6.74117121672 6.74502633283 6.74843913451 6.97272663739
5724 46.4158883361 6.65633553029 6.66081506488 6.66453656747 7.05234304553
5724 46.4158883361 6.28886510757 6.29223598108 6.29545951702 6.30219669106
5724 46.4158883361 6.3255286261 6.3311080048 6.33529839566 6.20414720518
5724 46.4158883361 6.60969126119 6.6148537549 6.61954228005 6.53148748341
5724 46.4158883361 6.31822765029 6.32162730832 6.32446560016 6.34318372792
5724 46.4158883361 6.37909109945 6.38334432467 6.38716388035 6.62795204018
5724 46.4158883361 6.8317822554 6.83492611647 6.84002881505 6.74300277847
5724 46.4158883361 6.38834986586 6.39214725669 6.39439264541 6.45095018673
5724 46.4158883361 6.79073897503 6.79631946601 6.80007589658 6.97019582894
5724 46.4158883361 6.25418949514 6.25812036442 6.2602882419 6.0567503747
5724 46.4158883361 6.13667326113 6.1405138403 6.14385493328 6.27395794433
5724 46.4158883361 6.16611165087 6.16830929158 6.1712299388 6.37299884213
5724 46.4158883361 6.65166706165 6.65596956393 6.66144660123 6.36497346215
5724 46.4158883361 6.58688411728 6.59114751845 6.59474098116 6.45677422116
5724 46.4158883361 6.64997490278 6.65576636652 6.65984618799 6.69950380777
5724 46.4158883361 6.63840979766 6.64147468648 6.6453432025 6.50185011599
5724 46.4158883361 6.48076911987 6.48453697619 6.48824021267 6.73740862191
5724 46.4158883361 6.00065642216 6.00364385009 6.0074941996 6.3727185786
5724 46.4158883361 6.57892265712 6.58200564815 6.58508894535 6.73578827181
5724 46.4158883361 6.40669235797 6.41157021851 6.41570395781 6.57010585776
5724 46.4158883361 6.50702986033 6.51177680261 6.51569182347 6.78468151752
12333 21.5443469003 6.7773820375 6.77897140024 6.78075292591 6.69881600326
12333 21.5443469003 6.25334375989 6.25528947118 6.2569069961 6.3706072533
12333 21.5443469003 6.37626589998 6.37797711216 6.37922796497 6.46570013514
12333 21.5443469003 6.43685577273 6.43851086155 6.43999797343 6.60687338284
12333 21.5443469003 6.34569357926 6.3477473284 6.34935757563 6.38616530281
12333 21.5443469003 6.36197742383 6.3635024335 6.36531637282 6.17962177125
12333 21.5443469003 6.47621989733 6.47831190266 6.47940393647 6.45144486683
12333 21.5443469003 6.54041451813 6.5425071278 6.5439771093 6.58614278323
12333 21.5443469003 6.71499130072 6.71649087415 6.71825424683 6.7761338485
12333 21.5443469003 6.43760173548 6.4392603495 6.44069770499 6.39274734601
12333 21.5443469003 6.68282024616 6.68514127019 6.68677588942 6.60855130981
12333 21.5443469003 6.18858923317 6.1905752195 6.19197363841 6.42626604441
12333 21.5443469003 6.38346728562 6.38493562278 6.38659168017 6.29660466062
12333 21.5443469003 6.56295545686 6.56476519106 6.56642564874 6.6553353178
12333 21.5443469003 6.43528689458 6.43644995168 6.43821996821 6.24814157909
12333 21.5443469003 6.47621125789 6.4778385099 6.47905599801 6.56501526164
12333 21.5443469003 6.21609615666 6.21818340601 6.21940623168 6.23004691984
12333 21.5443469003 6.73175442209 6.7346080701 6.73599884788 6.76718471665
12333 21.5443469003 6.36837692379 6.36939894922 6.37047539517 6.37168130992
12333 21.5443469003 6.50903393559 6.51137056478 6.51286981465 6.42200532679
12333 21.5443469003 6.43777790521 6.43955017446 6.44128750525 6.41729891067
12333 21.5443469003 6.46343583387 6.46515102652 6.46686297688 6.4932700219
12333 21.5443469003 6.31887716576 6.32086356284 6.32231167286 6.50661942036
12333 21.5443469003 6.42445913735 6.42675423293 6.42806839968 6.36360761544
12333 21.5443469003 6.26683565072 6.26917756794 6.27029096931 6.36845394776
12333 21.5443469003 6.24155364409 6.24356842125 6.24477321252 6.28887688523
12333 21.5443469003 6.63203808812 6.63407449623 6.63575274181 6.53735214368
12333 21.5443469003 6.6023616805 6.60376276707 6.60556269359 6.55688868517
12333 21.5443469003 6.31159176183 6.31410194798 6.31609992184 6.31979054066
12333 21.5443469003 6.52392957256 6.52517154911 6.52699002039 6.67649001151
12333 21.5443469003 6.58643760289 6.58778902701 6.58925017701 6.52938643374
12333 21.5443469003 6.32407283374 6.32589059952 6.32726879878 6.2724998964
12333 21.5443469003 6.32179397673 6.32343627252 6.32466908468 6.60731696004
12333 21.5443469003 6.46674420929 6.46894116155 6.47044364238 6.46964814353
12333 21.5443469003 6.43471505316 6.43649659696 6.43827997669 6.57571386265
12333 21.5443469003 6.53332526702 6.53544992151 6.53686898882 6.57669183161
12333 21.5443469003 6.57228242273 6.57489002367 6.57595724191 6.59538009099
12333 21.5443469003 6.54775763604 6.54970879692 6.55159187878 6.54522233968
12333 21.5443469003 6.60691747323 6.60863172804 6.61006303725 6.66816646961
12333 21.5443469003 6.22277310684 6.22438323372 6.2258899582 6.15412679991
12333 21.5443469003 6.46672791965 6.46869065426 6.47023560244 6.41384695936
12333 21.5443469003 6.40171031737 6.40391532652 6.40544898166 6.34290364338
12333 21.5443469003 6.34354939832 6.34566767002 6.34722140228 6.29830322555
12333 21.5443469003 6.45539546357 6.45721684786 6.45924153805 6.5831578841
12333 21.5443469003 6.54801414102 6.55026471459 6.55149410723 6.59194937451
12333 21.5443469003 6.49610643655 6.49830029965 6.50011612694 6.51905044646
12333 21.5443469003 6.3634110189 6.36560747974 6.36727066161 6.21460199102
12333 21.5443469003 6.41466319997 6.41665526156 6.41844857826 6.3833899798
12333 21.5443469003 6.45584954111 6.45751537863 6.45857983528 6.53995845273
12333 21.5443469003 6.95341335974 6.95520828046 6.95681513279 6.82059131945
12333 21.5443469003 6.62537972794 6.62717844763 6.62881247437 6.54883928713
12333 21.5443469003 6.32470720933 6.32690466363 6.32845391467 6.23474322641
12333 21.5443469003 6.5519475784 6.55310504029 6.55488218854 6.35252375329
12333 21.5443469003 6.30302956364 6.30460713767 6.3063375763 6.6355996123
12333 21.5443469003 6.59450326714 6.59658161016 6.59923323618 6.63224327049
12333 21.5443469003 6.60907345015 6.61110070059 6.61269080831 6.7765091937
12333 21.5443469003 6.44046021431 6.44229251507 6.44397975717 6.25693386328
12333 21.5443469003 6.37772161309 6.37967513991 6.38154794634 6.46353908805
12333 21.5443469003 6.4339749398 6.43558145814 6.43727796011 6.49733636496
12333 21.5443469003 6.57023301313 6.57181447274 6.57412452096 6.66608059187
12333 21.5443469003 6.60688630226 6.60869287255 6.61037225959 6.33619725407
12333 21.5443469003 6.70329212761 6.70508183846 6.70728465033 6.72735902623
12333 21.5443469003 6.62029600464 6.62182144827 6.62328487079 6.53317865875
12333 21.5443469003 6.54368477511 6.54559188356 6.54724936812 6.53272503559
12333 21.5443469003 6.73674402439 6.73850868012 6.7396396651 6.67245556759
12333 21.5443469003 6.81578866679 6.81765178299 6.81960566859 6.85412338774
12333 21.5443469003 6.41898571188 6.42039387316 6.42191822382 6.66111836318
12333 21.5443469003 6.22168990955 6.22372754476 6.22537637619 6.31648272923
12333 21.5443469003 6.4807297827 6.48309364962 6.48493535753 6.46286840108
12333 21.5443469003 6.61766318678 6.61967317152 6.62127611336 6.73169003069
12333 21.5443469003 6.61578928208 6.61765336289 6.61919673962 6.65838266927
12333 21.5443469003 6.30289001737 6.30565866637 6.30724479925 6.25990173431
12333 21.5443469003 6.59627843356 6.59797809968 6.59941319246 6.8598767488
12333 21.5443469003 6.2322446969 6.23441877121 6.23616220276 6.25823555336
12333 21.5443469003 6.44505059712 6.44704595139 6.44886427622 6.43098366034
12333 21.5443469003 6.38969651268 6.39121533805 6.39277824699 6.54220408301
12333 21.5443469003 6.51740446539 6.51901940667 6.52071824871 6.60983912211
12333 21.5443469003 6.43460715079 6.43672923163 6.4381459754 6.46203115338
12333 21.5443469003 6.64737763333 6.64954171931 6.65041125652 6.76646829562
12333 21.5443469003 6.18745847629 6.18981331337 6.19134975283 6.23212012332
12333 21.5443469003 6.54575872021 6.54792782177 6.54962318024 6.59077836584
12333 21.5443469003 6.63128500217 6.6333157543 6.63519714814 6.67035209563
12333 21.5443469003 6.5737901672 6.57613919044 6.57780509355 6.60039185987
12333 21.5443469003 6.26809747241 6.26949827263 6.27078156875 6.17005928209
12333 21.5443469003 6.63324856707 6.6355299029 6.63718730148 6.61575765605
12333 21.5443469003 6.46166638816 6.46346638795 6.46474265624 6.50246873724
12333 21.5443469003 6.50205052073 6.5042963272 6.50608958229 6.67012318363
12333 21.5443469003 6.31635589017 6.31794675158 6.31965381906 6.48602669142
12333 21.5443469003 6.62081204111 6.62297412712 6.62467653897 6.62251309222
12333 21.5443469003 6.2725501704 6.27403522318 6.27630291543 6.41225760857
12333 21.5443469003 6.56675469297 6.56854296098 6.57009347903 6.60398154697
12333 21.5443469003 6.71160607852 6.71324399702 6.71519651687 6.62341188263
12333 21.5443469003 6.55720297683 6.55901215545 6.56069699466 6.57523115924
12333 21.5443469003 6.52689976115 6.5285464327 6.53051888755 6.44393855526
12333 21.5443469003 6.62809168264 6.63022667941 6.63198836375 6.53997452033
12333 21.5443469003 6.46671458711 6.46841988133 6.46998612861 6.56836508008
12333 21.5443469003 6.57455456473 6.57689343536 6.57843236731 6.79750980471
12333 21.5443469003 6.71817166509 6.71979560122 6.72113803291 6.50895086646
12333 21.5443469003 6.55180876938 6.55382272296 6.55510130748 6.40951580854
12333 21.5443469003 6.72315070351 6.72510896875 6.7268953225 6.72913342894
26571 10.0 6.57346763197 6.57492284689 6.57559199981 6.36289437214
26571 10.0 6.60429959619 6.60514378462 6.60588470789 6.55631005067
26571 10.0 6.49052863725 6.49157902628 6.49211746802 6.52358888126
26571 10.0 6.43539780799 6.43612617577 6.43698724693 6.32612119369
26571 10.0 6.34166037116 6.3426573931 6.34343460748 6.39183775654
26571 10.0 6.34791529933 6.34890224129 6.34946961727 6.4726697639
26571 10.0 6.69170091321 6.69246869979 6.69328090219 6.62243965692
26571 10.0 6.48150597539 6.48239428032 6.48315712335 6.44867795779
26571 10.0 6.50224043595 6.50307184357 6.5040248038 6.41753337757
26571 10.0 6.49458134021 6.49561863796 6.49646241617 6.42287011806
26571 10.0 6.57479598247 6.57587654573 6.57667923744 6.38467839348
26571 10.0 6.46707561047 6.46806500004 6.46873517658 6.46657091117
26571 10.0 6.46704807215 6.46807094103 6.46880411063 6.40884530262
26571 10.0 6.39751382674 6.39848155618 6.3990747335 6.37562980191
26571 10.0 6.58794808419 6.58911184399 6.5897294314 6.44896421748
26571 10.0 6.46175344189 6.46299995614 6.46384034952 6.49269998315
26571 10.0 6.41768343401 6.4184620308 6.41910072383 6.41843045955
26571 10.0 6.36774540094 6.36852004573 6.36919612555 6.2772244261
26571 10.0 6.42365944246 6.42444812423 6.42539525072 6.49611289188
26571 10.0 6.6665321368 6.66759598074 6.66837497233 6.61145517961
26571 10.0 6.40588889809 6.40677704675 6.4075459952 6.51303616423
26571 10.0 6.57195072082 6.57255981099 6.57349888071 6.56607849304
26571 10.0 6.45627417086 6.45715868757 6.458223022 6.35808998728
26571 10.0 6.58392415761 6.58475982458 6.58564546812 6.51520486103
26571 10.0 6.38684334354 6.38727343086 6.38813590699 6.42405300912
26571 10.0 6.28680155796 6.28767278134 6.28841455093 6.16652808482
26571 10.0 6.33897028823 6.33967789288 6.34048739728 6.40299240447
26571 10.0 6.37413531687 6.37501385784 6.37567381661 6.4738655282
26571 10.0 6.42567007841 6.42660990226 6.42739880001 6.40285112577
26571 10.0 6.48568619688 6.48623646687 6.48711626052 6.45165624153
26571 10.0 6.40312881952 6.40409529352 6.40483526938 6.46180780772
26571 10.0 6.51399580878 6.51500987191 6.51582392387 6.49562076985
26571 10.0 6.501841825 6.50279548823 6.50360647686 6.53825383626
26571 10.0 6.5133918817 6.51428344247 6.51503159035 6.4396020025
26571 10.0 6.63992217523 6.64064013123 6.6416005344 6.60369876857
26571 10.0 6.38972369207 6.39059961939 6.39129599264 6.32319806676
26571 10.0 6.53969702373 6.54059914585 6.54147666517 6.57104878544
26571 10.0 6.38659507806 6.38744303371 6.38817355432 6.35459004861
26571 10.0 6.43464758698 6.4358502832 6.43681795103 6.34775688239
26571 10.0 6.39898558631 6.40001915982 6.40077043849 6.44931033509
26571 10.0 6.62026888052 6.62131433651 6.62198851133 6.36420862524
26571 10.0 6.53212020284 6.53302095612 6.53384933432 6.48309210551
26571 10.0 6.52093344121 6.52206189366 6.52297786389 6.31407924045
26571 10.0 6.54473599701 6.545814022 6.54665135773 6.5535430364
26571 10.0 6.61791374335 6.61891634006 6.61955599715 6.50855811165
26571 10.0 6.4982245218 6.49903438695 6.49971550769 6.46385712096
26571 10.0 6.36387131202 6.36475251833 6.36559624284 6.2383327108
26571 10.0 6.43064036496 6.43140995668 6.43210537619 6.39804054543
26571 10.0 6.4063710851 6.40739237899 6.4083411943 6.50602912617
26571 10.0 6.23446184983 6.23538167148 6.23607901234 6.22915190991
26571 10.0 6.51134606227 6.51217613133 6.5127653278 6.35688953894
26571 10.0 6.5190097655 6.51989803044 6.5206007518 6.517733684
26571 10.0 6.52073022718 6.52191036862 6.52249959583 6.45020633336
26571 10.0 6.367093245 6.36769114648 6.36855127488 6.49627034943
26571 10.0 6.50356385409 6.50499715822 6.50570954172 6.50982422563
26571 10.0 6.57424424442 6.57519457437 6.57577040476 6.48420688609
26571 10.0 6.41203561621 6.41317657889 6.4140199593 6.29343683636
26571 10.0 6.43833720693 6.43901701113 6.43977234758 6.47119116643
26571 10.0 6.62170762168 6.62267774256 6.62329582589 6.60149036583
26571 10.0 6.54904389812 6.5500945137 6.5508015921 6.24436902752
26571 10.0 6.34226086516 6.34323803076 6.34389621351 6.47792599095
26571 10.0 6.46235638028 6.46356680065 6.46416775855 6.40614927992
26571 10.0 6.60447624335 6.60571193371 6.60656778937 6.56756163117
26571 10.0 6.44085205041 6.44171710813 6.44250999603 6.32822211316
26571 10.0 6.57597265299 6.57697877203 6.57788759335 6.61073316679
26571 10.0 6.47893221716 6.47967149883 6.48031342154 6.51352221499
26571 10.0 6.49981885863 6.50064310331 6.50108219386 6.31219731591
26571 10.0 6.30384161512 6.30474626234 6.30551652433 6.32150103603
26571 10.0 6.31768561219 6.31832050665 6.31974417161 6.47180499417
26571 10.0 6.47683857595 6.47780151997 6.47862780636 6.40911209493
26571 10.0 6.69977890566 6.7007387778 6.70156190887 6.61650163166
26571 10.0 6.5618446291 6.56279775099 6.56362192764 6.47211403248
26571 10.0 6.32690901054 6.32780793318 6.32843375166 6.20844789525
26571 10.0 6.30592414638 6.30725929183 6.30782953185 6.3443535261
26571 10.0 6.53624561119 6.53699583543 6.53786808265 6.36237602306
26571 10.0 6.72756676751 6.72843172759 6.72959806517 6.6433281745
26571 10.0 6.49983553035 6.50079876001 6.50140783683 6.47793575339
26571 10.0 6.69458508024 6.69549634348 6.69625884709 6.72984067924
26571 10.0 6.44307663442 6.44410056379 6.44464598449 6.46228405421
26571 10.0 6.46996071532 6.47081965833 6.47142810718 6.46953386341
26571 10.0 6.54081932084 6.54136052634 6.5419693203 6.42386044107
26571 10.0 6.53673456363 6.53786964134 6.53872386253 6.55475526309
26571 10.0 6.51737160575 6.51827772505 6.5191604289 6.47857620878
26571 10.0 6.50820096677 6.509114348 6.50993410979 6.69390073101
26571 10.0 6.61773175929 6.61841765381 6.61919403282 6.69357311565
26571 10.0 6.56584863005 6.56667130112 6.56728630146 6.39266743796
26571 10.0 6.50935202354 6.51017434671 6.51090507123 6.62986887009
26571 10.0 6.13381525423 6.13463258186 6.13532723835 6.11459016658
26571 10.0 6.73270672079 6.73379691729 6.73453552617 6.44210142648
26571 10.0 6.3512238361 6.35225813399 6.35275541478 6.58912655102
26571 10.0 6.43790205917 6.43882236476 6.43970764396 6.43816714608
26571 10.0 6.56463554153 6.56558778454 6.56637219151 6.50294977151
26571 10.0 6.41178588903 6.41254830312 6.41357332134 6.34256414255
26571 10.0 6.44350165675 6.44466189289 6.44532606943 6.56006993092
26571 10.0 6.39948656758 6.40027904337 6.40101298634 6.24681620714
26571 10.0 6.35875840695 6.35966268972 6.36041233256 6.34925105051
26571 10.0 6.40680293789 6.407818548 6.40846162578 6.26416774721
26571 10.0 6.53554203182 6.53658946252 6.53734644492 6.48754891743
26571 10.0 6.46840825302 6.46942387519 6.47023450308 6.38576970617
26571 10.0 6.64602219017 6.64684741255 6.6478793408 6.55890751596
