#npart f_downsample c_low c_med c_up c_vel
330 1000.0 5.95526331105 6.00271687661 6.0493187514 7.36192690964
330 1000.0 6.10620637596 6.1434548944 6.21798148833 6.30443008106
330 1000.0 7.53187862765 7.59742865103 7.66157471546 9.41539140631
330 1000.0 7.47098525019 7.54890020089 7.62395100634 8.57740655751
330 1000.0 6.15178979242 6.21763018348 6.25218194831 8.10923121592
330 1000.0 5.22885365021 5.27549081839 5.33063783174 5.84710668177
330 1000.0 5.40596612726 5.47084947575 5.50887370212 6.18124224034
330 1000.0 6.04971548166 6.11688364694 6.17631863792 7.42578093056
330 1000.0 7.01198851213 7.08893943983 7.14795109108 7.87255523646
330 1000.0 6.51203033497 6.56614717679 6.62636880834 7.06781914092
330 1000.0 7.98340030787 8.07893659097 8.14872560146 8.28317026455
330 1000.0 7.72283906014 7.81291254051 7.85739352464 8.45906262784
330 1000.0 6.5506260629 6.62097734919 6.68096077308 7.89338657863
330 1000.0 5.77222133029 5.82690114216 5.88038871901 8.07453511341
330 1000.0 4.95730358665 5.00739534778 5.04879891061 5.59394917126
330 1000.0 6.26700344177 6.32833232629 6.37826838725 7.05775780795
330 1000.0 8.67068461139 8.75666021301 8.82778750845 10.8198271141
330 1000.0 6.17646145321 6.22785896331 6.28125575501 6.37598876379
330 1000.0 6.76529209788 6.84204202501 6.90457806289 7.90720980725
330 1000.0 5.26675901502 5.32305212589 5.37432181512 6.98099818941
330 1000.0 5.79479278075 5.86585932798 5.92967222537 7.37547178399
330 1000.0 7.02168980136 7.08246802691 7.16014997965 7.1864799567
330 1000.0 8.11218392426 8.20008237923 8.27221012687 8.31225896106
330 1000.0 5.57731938263 5.62870391084 5.67549481101 6.55872060432
330 1000.0 5.65496620319 5.69761181631 5.74757628575 8.50726624107
330 1000.0 6.01172170092 6.0778114389 6.14289322049 8.66585474696
330 1000.0 6.00879433304 6.07299517205 6.12799483588 6.59977863425
330 1000.0 6.37063243691 6.45537138829 6.50359753205 7.69104354201
330 1000.0 7.21723393148 7.2903579153 7.37318340891 7.95151384104
330 1000.0 5.45316805279 5.51009852317 5.54738849504 6.30679876495
330 1000.0 6.21543560784 6.3031092678 6.36568307169 6.44108990869
330 1000.0 6.56994209208 6.63601333379 6.69878352818 6.85307478381
330 1000.0 6.18174589662 6.24136659409 6.29190326162 6.59922322101
330 1000.0 7.41887241959 7.49420461664 7.5617636737 7.90631082775
330 1000.0 6.07283040766 6.12347513109 6.19404443855 6.78042805619
330 1000.0 7.07629808048 7.14254414954 7.19700312363 8.66584435125
330 1000.0 6.70646716706 6.77100462359 6.82709926588 7.46372491555
330 1000.0 6.20407753638 6.25070912475 6.3065726225 7.97909571411
330 1000.0 6.28022753655 6.34700068877 6.40393105016 6.2857754185
330 1000.0 9.65660704889 9.74881696273 9.84170746531 10.5063282163
330 1000.0 8.32951206863 8.39787148924 8.46898026123 9.64208182883
330 1000.0 6.13914244366 6.19539111141 6.25759898613 6.76045009164
330 1000.0 4.92979735852 4.97500093685 5.01915078234 7.21934004755
330 1000.0 6.73405363134 6.80133175658 6.86547506019 8.36696844381
330 1000.0 6.30319349344 6.37319387582 6.43823491374 6.77392434088
330 1000.0 5.60245357727 5.65562529857 5.71290989218 6.46141372592
330 1000.0 6.6712787829 6.72648412077 6.78040339425 8.98058154528
330 1000.0 5.2883717292 5.34617268999 5.37241993545 5.69389216583
330 1000.0 6.29781228212 6.35540235848 6.40166123785 6.9296549919
330 1000.0 6.0276202143 6.0830864943 6.15156979234 8.56778577909
330 1000.0 7.71064148178 7.79741359074 7.87353311622 9.5895654504
330 1000.0 6.73518338825 6.80380671633 6.85344775496 8.17278759554
330 1000.0 5.99703720847 6.04192725413 6.10507829352 7.3560300506
330 1000.0 6.52304283792 6.5764616985 6.64652094323 7.34197737545
330 1000.0 4.43343091226 4.4713734098 4.51371689637 4.63155928028
330 1000.0 7.23662068985 7.30009865678 7.38212264447 8.67455294721
330 1000.0 6.32010969198 6.3807949379 6.41805578845 8.26264433978
330 1000.0 7.16540170507 7.25697971325 7.32635955391 6.80564658967
330 1000.0 4.29517741309 4.33787354382 4.37154355918 5.03034820668
330 1000.0 5.76081429329 5.81856367024 5.87304630535 7.61401532804
330 1000.0 4.67990132786 4.72630347156 4.77889924955 7.05827900663
330 1000.0 6.24369436329 6.31663091595 6.38409606743 7.20129996393
330 1000.0 5.85334556096 5.9102836872 5.9523788401 7.25136822219
330 1000.0 7.24909851937 7.30585255419 7.35995939614 7.39557017875
330 1000.0 8.26132735062 8.33835119642 8.41422520648 9.95855699062
330 1000.0 5.73522636387 5.78481215963 5.81759086221 6.80929366309
330 1000.0 4.47252782859 4.50989741617 4.5412848648 6.31700554433
330 1000.0 7.14951952486 7.22924078488 7.29352189572 7.95716300992
330 1000.0 6.8175309905 6.87698087618 6.93586740057 7.61204234833
330 1000.0 7.69942303144 7.75307137227 7.80369788804 8.69335917095
330 1000.0 6.69403130538 6.74617047567 6.80577715679 7.17798994715
330 1000.0 5.28009764389 5.31963703443 5.36893271128 5.36545085332
330 1000.0 5.30197484261 5.3471505588 5.40121603835 6.80189084305
330 1000.0 7.38018597508 7.44688490995 7.477940708 8.81253778372
330 1000.0 8.08472593991 8.17285431194 8.22193487704 8.62361041882
330 1000.0 6.0183339382 6.07658370726 6.11820894944 7.31343557577
330 1000.0 6.03007211423 6.07699603489 6.13829050598 7.00119886373
330 1000.0 7.45141804632 7.54464687264 7.61012590257 9.23141464163
330 1000.0 6.21556696734 6.28669178909 6.34245941392 6.15770969679
330 1000.0 8.08987897867 8.17390853618 8.2235862103 8.0346687692
330 1000.0 8.41036860651 8.49499890256 8.55036352141 8.63137992364
330 1000.0 6.53372465513 6.59784209916 6.67574819935 7.54928829894
330 1000.0 6.67369329406 6.75084734138 6.80635484251 6.77506718297
330 1000.0 6.59515497159 6.65716006029 6.71066753529 7.78787706664
330 1000.0 8.6749745855 8.7421921648 8.82367611778 8.96034154209
330 1000.0 5.71914311143 5.76447774056 5.8112643729 7.02833172625
330 1000.0 5.5219761683 5.58200542482 5.62250507776 6.70559757466
330 1000.0 6.69439132772 6.76266144503 6.82472828465 6.82164333595
330 1000.0 6.18139268266 6.26082462331 6.29750844329 7.43956163166
330 1000.0 4.9497154509 4.99223904127 5.04208265005 6.62457207407
330 1000.0 6.25501783196 6.32055518931 6.3878726111 7.23250279354
330 1000.0 8.10064275703 8.19236702755 8.28035130942 8.28200180262
330 1000.0 7.27893226541 7.36826457564 7.43519639186 9.41660411636
330 1000.0 7.21555557504 7.29488818145 7.3820235603 6.92517922484
330 1000.0 6.00359745409 6.06452238595 6.11058185805 6.37876475381
330 1000.0 5.63743918076 5.67906843906 5.72941137615 7.41693225887
330 1000.0 6.09186166213 6.16001494214 6.21238770823 6.47821471859
330 1000.0 6.54227994185 6.61196777696 6.68192242855 8.05628800868
330 1000.0 6.00943266976 6.08267787667 6.13447538752 5.79528893287
330 1000.0 6.84379563322 6.91763959731 6.97676429794 6.86486359718
711 464.158883361 5.82381749585 5.84952592627 5.87497510562 7.11430354039
711 464.158883361 6.7625096901 6.79381546403 6.81856216925 7.33634887051
711 464.158883361 7.04099626877 7.08820535818 7.11750645975 6.63333253663
711 464.158883361 6.2558720603 6.28237524469 6.31017829405 6.09786993099
711 464.158883361 5.12064224441 5.14107944531 5.16059008981 6.0283156185
711 464.158883361 5.77991475851 5.80712008885 5.83365240692 5.68529460703
711 464.158883361 7.49785034672 7.52773936822 7.55404007377 9.05569524402
711 464.158883361 7.05865806018 7.08749610102 7.11746612649 7.50887020699
711 464.158883361 6.25731564889 6.28873598217 6.31728507754 6.64067411691
711 464.158883361 6.87994744722 6.91670653347 6.94584293936 7.70897463211
711 464.158883361 6.95825433853 6.98737967082 7.01813915796 7.97330373154
711 464.158883361 6.64015701744 6.65788230306 6.69005214619 7.73442384541
711 464.158883361 6.79338253823 6.8251035721 6.85325052206 6.8541425517
711 464.158883361 7.39059772476 7.42635599847 7.45426616634 7.6881699744
711 464.158883361 6.39247928221 6.41367624646 6.45565220988 7.52367195473
711 464.158883361 7.22733754028 7.26055907713 7.29005509366 7.00861340068
711 464.158883361 7.4114538081 7.44407737981 7.47648434321 7.73925986792
711 464.158883361 7.39546928 7.43867480833 7.46574012988 8.80792184624
711 464.158883361 6.99019551417 7.03047261032 7.06359961973 6.9951234412
711 464.158883361 7.76254230423 7.80146662129 7.83438230573 8.00089928895
711 464.158883361 6.17883012885 6.21223538958 6.23815081353 6.34119939246
711 464.158883361 6.44944793707 6.48377731561 6.51474606353 6.12607916981
711 464.158883361 7.00471729513 7.04728251706 7.06835994082 8.27555786563
711 464.158883361 7.306314457 7.34868115891 7.37486898244 6.99191517054
711 464.158883361 5.72189137386 5.74740494761 5.77154907377 6.46304327596
711 464.158883361 5.66986735896 5.70118577757 5.72703662882 7.33798504053
711 464.158883361 5.71642082708 5.74490061978 5.77891514805 6.6895247505
711 464.158883361 6.75288046012 6.77790424567 6.80693106111 7.65986290424
711 464.158883361 5.80473518982 5.82977642921 5.84750066715 6.63841840902
711 464.158883361 8.52671700919 8.56493717713 8.59886103693 9.19186006826
711 464.158883361 5.91205604906 5.94168771411 5.96593006005 6.81067523729
711 464.158883361 8.33240960068 8.36412455029 8.39295026853 9.09673103954
711 464.158883361 7.70712038513 7.74671444694 7.78775459021 8.76184917769
711 464.158883361 6.65962811707 6.68410605032 6.71549324305 6.88110988418
711 464.158883361 6.69990620079 6.72401931569 6.74392948221 7.16493400326
711 464.158883361 7.21146707663 7.2446044185 7.27441693464 7.37326509204
711 464.158883361 6.02537399788 6.05689018914 6.08633939976 6.54499876855
711 464.158883361 6.58398365601 6.61753251178 6.64634680099 6.76348279051
711 464.158883361 5.9685758834 6.00041653696 6.01602243433 6.41697243173
711 464.158883361 6.83076544814 6.86275675079 6.88759922584 5.99032506667
711 464.158883361 7.11014578923 7.13968240037 7.16724658895 8.74648645574
711 464.158883361 6.53820840855 6.57007592743 6.60069780413 5.87965045298
711 464.158883361 7.5634418674 7.58372260356 7.6089759551 8.18640502952
711 464.158883361 6.89411086727 6.92318987168 6.95201936786 7.24173716107
711 464.158883361 6.29403968293 6.31161445332 6.35322048585 7.17898885575
711 464.158883361 6.17347654864 6.19124013054 6.22221180854 6.924179348
711 464.158883361 6.60602174916 6.63462189425 6.65316324208 6.67692385847
711 464.158883361 7.20547391544 7.23840198937 7.26499369829 8.80509347871
711 464.158883361 5.51589416826 5.54201787855 5.5662202105 6.38553905456
711 464.158883361 7.89985968332 7.94227410404 7.97971921123 8.81496416493
711 464.158883361 5.7981571435 5.8303153909 5.84707654532 5.97309588386
711 464.158883361 6.9823710332 7.01716537465 7.04757237639 7.05304471748
711 464.158883361 6.29948128898 6.32134400275 6.35694338368 7.23061822852
711 464.158883361 6.28217534178 6.30952029974 6.33304817848 6.78157979274
711 464.158883361 5.81203553258 5.8330300432 5.85281264301 6.695041939
711 464.158883361 7.45889900833 7.49341450696 7.52630452713 8.43733795133
711 464.158883361 5.48833286733 5.51547299638 5.54323543891 5.68412475894
711 464.158883361 7.50794256593 7.54584445214 7.58072033425 7.6217446427
711 464.158883361 6.70605985142 6.73518601081 6.76877826049 7.26198021663
711 464.158883361 6.84721063924 6.87603127582 6.91413115496 8.12544774004
711 464.158883361 6.24764455356 6.27933211007 6.3123125913 6.75808848579
711 464.158883361 7.87403558341 7.90976346538 7.93976447629 7.67857224559
711 464.158883361 6.93779473271 6.96674377918 7.00756851336 6.17174761651
711 464.158883361 6.69039115462 6.71762973908 6.73981006426 6.52116842529
711 464.158883361 6.36079604669 6.38420428461 6.41057547208 6.62903381309
711 464.158883361 6.78421279552 6.81755523726 6.85341150871 7.2986986449
711 464.158883361 7.1273842777 7.16765072675 7.20169102466 7.55421908021
711 464.158883361 6.55672434461 6.58799190119 6.61677446885 7.23306034206
711 464.158883361 6.14297243164 6.17611412414 6.20780889497 6.51653114161
711 464.158883361 6.22081561151 6.25204561361 6.27837104184 7.52772518933
711 464.158883361 6.5927763372 6.61781456254 6.64233225348 6.59766188392
711 464.158883361 5.4466946138 5.47132604565 5.49360741011 5.61816200363
711 464.158883361 7.15472229147 7.18302410652 7.21080132704 7.75669559882
711 464.158883361 7.10732030922 7.14368714649 7.17016588695 7.92646265224
711 464.158883361 6.85624002474 6.88721935984 6.91675866037 7.23031403447
711 464.158883361 5.55316151298 5.58349274682 5.60488242496 6.78799009963
711 464.158883361 5.85452269084 5.89095787325 5.90961664154 7.01863828116
711 464.158883361 6.73440921243 6.76208940999 6.79166001887 7.4737068395
711 464.158883361 7.11419712093 7.14723636113 7.17520235774 7.88999494136
711 464.158883361 7.47246746052 7.510153824 7.54359113726 7.933019105
711 464.158883361 5.17481123698 5.1978121809 5.22484681484 5.10151586107
711 464.158883361 6.56594645895 6.58853399198 6.61608137846 6.36717124746
711 464.158883361 6.26147139512 6.29411290545 6.31865364826 6.30422325827
711 464.158883361 5.77775675064 5.80833653495 5.83553683892 5.7723898143
711 464.158883361 5.86224846055 5.8878440981 5.91384806804 6.50114858775
711 464.158883361 6.83084390013 6.86480558378 6.89220039043 7.09737074072
711 464.158883361 6.43552665829 6.45993389241 6.49345806069 7.32221428737
711 464.158883361 7.29978258333 7.34338639653 7.38032825777 7.06198832133
711 464.158883361 7.00431490632 7.04350253226 7.07040684955 7.3890012726
711 464.158883361 6.66424261408 6.69181988378 6.71772562551 7.07766714629
711 464.158883361 6.93921662145 6.95936734204 6.98663387413 7.65673984834
711 464.158883361 6.8523622865 6.88208480694 6.90707183256 7.67442025095
711 464.158883361 6.82769762592 6.8642240972 6.88845720054 6.77637583566
711 464.158883361 7.0624226643 7.09368897566 7.12361145706 7.03582416183
711 464.158883361 5.64933823845 5.67433742488 5.69825114199 7.47742866096
711 464.158883361 6.59416174042 6.62159467682 6.64543649125 7.30970163634
711 464.158883361 8.25030123459 8.27747377427 8.31701793196 9.02243161832
711 464.158883361 6.12717845238 6.15323053729 6.18313137002 7.30721013165
711 464.158883361 6.1061883726 6.13644720384 6.15965605557 6.55551612511
711 464.158883361 6.30970949357 6.34162045257 6.36229794912 6.57832983163
1533 215.443469003 7.49234860791 7.50510493333 7.51800540364 7.10022923016
1533 215.443469003 6.22556504728 6.23946190355 6.25608294093 6.16104826363
1533 215.443469003 7.54074713024 7.55702638436 7.5723529705 7.97507459155
1533 215.443469003 6.42152403805 6.43331590683 6.44967597707 6.57020803538
1533 215.443469003 6.12360597384 6.13629155441 6.15141045023 6.56666698011
1533 215.443469003 6.65964824465 6.67591086076 6.69168474252 7.02985781742
1533 215.443469003 6.22896479358 6.23980667762 6.25690251237 6.97468390646
1533 215.443469003 7.78742796618 7.80298244428 7.81836883515 8.52196794851
1533 215.443469003 7.17039698622 7.18704895721 7.19851128831 7.16684609247
1533 215.443469003 7.07007550916 7.08369754955 7.09688281323 7.26078888513
1533 215.443469003 7.29920002893 7.31754212979 7.33042320924 7.68421619402
1533 215.443469003 6.60754258552 6.62518302565 6.63566585186 6.63823758492
1533 215.443469003 5.67924585907 5.687885486 5.70133176611 6.31883608341
1533 215.443469003 7.20435983947 7.22308215828 7.23976290866 7.17896689414
1533 215.443469003 6.12292164118 6.13620843752 6.15113092704 6.50984153395
1533 215.443469003 6.64392904815 6.65913737366 6.66939358857 6.6915936528
1533 215.443469003 6.92417005506 6.94025869306 6.95509836185 7.96432892644
1533 215.443469003 7.96020409259 7.97843955286 7.99681179385 8.67753381695
1533 215.443469003 6.68007187792 6.69759225841 6.7098399459 7.32709441141
1533 215.443469003 6.84370201566 6.85736628864 6.87124959958 7.40842535156
1533 215.443469003 6.67938351859 6.69821845107 6.71258343928 7.14037369174
1533 215.443469003 5.85038005356 5.8624684153 5.87465893719 6.25745329061
1533 215.443469003 6.287626806 6.29999807183 6.3125164784 6.98732679428
1533 215.443469003 8.11294612608 8.13067353276 8.14446594005 8.24053965262
1533 215.443469003 7.8154033268 7.83033363159 7.84322930719 7.95816614537
1533 215.443469003 6.58945476231 6.60669383795 6.6200018361 7.07291919865
1533 215.443469003 6.79332481482 6.81446291013 6.82874466312 7.44635085264
1533 215.443469003 7.72931633493 7.74576642103 7.76410324056 8.22676091038
1533 215.443469003 7.09098452413 7.10700727259 7.12273324273 7.75535419911
1533 215.443469003 7.12915278201 7.14522206732 7.15573071664 7.42030815982
1533 215.443469003 7.24060197948 7.25643033396 7.27118477057 7.65501965111
1533 215.443469003 6.95662475512 6.97556918194 6.98902079676 7.12151832794
1533 215.443469003 6.89790797593 6.9132208094 6.92416230513 6.96700974331
1533 215.443469003 6.87217012295 6.8895692455 6.89849816387 7.06881348722
1533 215.443469003 7.48349304188 7.50343470953 7.51883454055 7.79026385518
1533 215.443469003 7.43528560438 7.45297591176 7.46620464108 7.37517903014
1533 215.443469003 6.98204820675 6.99363455706 7.00608992961 7.20134232561
1533 215.443469003 6.98626074095 7.00136515561 7.01424045524 7.67811054654
1533 215.443469003 6.96565968033 6.98450017885 7.00060805655 7.40114262714
1533 215.443469003 6.57937395777 6.58943880359 6.604646064 7.02174822282
1533 215.443469003 7.70166042654 7.71506267811 7.7284282758 8.24060552728
1533 215.443469003 6.43539330741 6.44821336281 6.46062346971 6.6790847735
1533 215.443469003 6.40733779505 6.42498856088 6.43689649696 6.54205783618
1533 215.443469003 6.64315337925 6.66160957313 6.68576962113 6.77343989965
1533 215.443469003 7.06040006671 7.07498302121 7.08665543879 7.34633930585
1533 215.443469003 6.54335556908 6.55336107159 6.56541790264 6.39983810874
1533 215.443469003 7.14680661489 7.16013500066 7.17378995144 7.975845094
1533 215.443469003 6.31188490978 6.32688186282 6.33880278331 6.38018143479
1533 215.443469003 6.25340127739 6.26627061514 6.27746092003 6.76310936053
1533 215.443469003 6.32336066679 6.3344762495 6.34617512478 6.46494774462
1533 215.443469003 7.24004326789 7.25229298345 7.27338718618 7.59091150622
1533 215.443469003 6.67320711762 6.68740834021 6.70059816639 6.70207255978
1533 215.443469003 6.82354618981 6.83947632636 6.85475261878 6.56426019547
1533 215.443469003 6.93209787191 6.94545652552 6.95792656085 8.05382527477
1533 215.443469003 6.96966397456 6.990202246 6.99995573243 6.86821600267
1533 215.443469003 7.13774422076 7.15562841772 7.1696429369 7.5963288867
1533 215.443469003 6.53918726733 6.55579067134 6.5660886586 6.40771750676
1533 215.443469003 6.29861858977 6.31093548805 6.32131137622 6.67404179288
1533 215.443469003 8.53767609755 8.55360547595 8.56681205969 8.11656544572
1533 215.443469003 6.77245821091 6.78613309263 6.79782765165 6.64941990321
1533 215.443469003 6.09654580675 6.10967140322 6.12634128929 6.45434788524
1533 215.443469003 5.72958520232 5.7397394223 5.75238277461 5.863437739
1533 215.443469003 6.34260557276 6.35742841784 6.37130912184 6.97924885239
1533 215.443469003 7.3281742141 7.3436533134 7.35719083961 7.47995199555
1533 215.443469003 7.48993532151 7.50195400353 7.52107396029 7.32075212519
1533 215.443469003 7.33092633716 7.34438198819 7.35951244356 7.76582618169
1533 215.443469003 6.87886028511 6.89483475314 6.90808678443 7.15886427969
1533 215.443469003 7.52831809213 7.54455079076 7.55732235646 7.81444439846
1533 215.443469003 6.5747533046 6.58831055469 6.60296069048 6.62947169924
1533 215.443469003 7.43965258534 7.45806350027 7.47404036883 7.67377922902
1533 215.443469003 6.03816612518 6.04650211595 6.06175942246 6.39693470071
1533 215.443469003 7.62350579279 7.64558326608 7.66041911732 7.98122946209
1533 215.443469003 6.30825447216 6.32360408958 6.33674005979 7.0414820903
1533 215.443469003 6.10107154707 6.1135217816 6.12476530894 6.97574573603
1533 215.443469003 7.20566345556 7.21900023984 7.2372665828 7.87954697698
1533 215.443469003 6.79629359051 6.80806674648 6.82026714514 6.95340525379
1533 215.443469003 6.2689129663 6.2819505336 6.29146736831 6.468939602
1533 215.443469003 6.14554982315 6.15805161061 6.17198270517 6.44314113373
1533 215.443469003 6.58976431205 6.60346539238 6.61680594192 7.33180834962
1533 215.443469003 6.47119623706 6.4864651441 6.50189169579 6.5201970184
1533 215.443469003 6.77387385727 6.78340452002 6.79036441604 6.83658165994
1533 215.443469003 6.56676624922 6.58471596978 6.6014037241 7.2146930119
1533 215.443469003 6.86596459493 6.88079285903 6.89411159349 7.12872912053
1533 215.443469003 6.98066012201 6.99447073508 7.01103424186 6.65765666881
1533 215.443469003 7.15305671296 7.1661556811 7.1837856483 7.21894894457
1533 215.443469003 6.85507162569 6.87213093301 6.88622177196 7.51645640357
1533 215.443469003 6.63820483796 6.64866007767 6.66152616796 6.66592701278
1533 215.443469003 5.64315539955 5.65614039135 5.66859551463 5.65023738821
1533 215.443469003 7.00876036208 7.0237011533 7.04008609764 6.77545498963
1533 215.443469003 7.00877273893 7.01775904922 7.03543178954 7.79124239816
1533 215.443469003 6.32287204108 6.33192887658 6.34283964309 6.87429316836
1533 215.443469003 6.52022076024 6.53277937335 6.54641983958 6.67794047685
1533 215.443469003 6.12551796222 6.13967938664 6.14829563283 6.38837722583
1533 215.443469003 7.32487388925 7.33899116688 7.35698818064 8.0761182346
1533 215.443469003 7.52562222125 7.54191992722 7.55616573144 8.32718830299
1533 215.443469003 5.93723428398 5.94921511804 5.96001408274 6.33702317711
1533 215.443469003 6.84831571516 6.8651494242 6.87928644164 7.242376503
1533 215.443469003 6.04071915427 6.0549527277 6.06528583533 6.26764801091
1533 215.443469003 6.54433058334 6.55799780228 6.56961717048 6.50412352257
1533 215.443469003 7.15157817383 7.17005558914 7.18374300326 7.51835622993
3303 100.0 6.8165890659 6.82186913561 6.82950706633 6.9881906141
3303 100.0 6.51556548421 6.52121679403 6.52742570054 6.5102376498
3303 100.0 6.58430508097 6.59119949678 6.59701029728 6.68079197792
3303 100.0 6.74633511831 6.75253466753 6.75881265085 6.59507831219
3303 100.0 6.64307044077 6.64856729445 6.65461196818 6.99002886176
3303 100.0 6.42031910775 6.42798428151 6.43414467913 6.93087892332
3303 100.0 7.23356549544 7.24114606251 7.24966057138 7.12341250873
3303 100.0 6.38889072242 6.39246863869 6.39824908968 6.47662924698
3303 100.0 6.82674903477 6.83219526082 6.83745658923 7.01655736595
3303 100.0 6.30138722264 6.30814504399 6.31428575464 6.94753839871
3303 100.0 6.77574122758 6.78167574703 6.78863192956 7.16729360888
3303 100.0 6.31964464372 6.32677723331 6.33283282754 6.58323872382
3303 100.0 6.95744102643 6.96545125475 6.97340048084 6.83703116997
3303 100.0 6.90876591091 6.9139696509 6.91896105396 6.94565114633
3303 100.0 6.45921556136 6.4666815454 6.47290261585 6.64561389936
3303 100.0 7.19005343207 7.19844471478 7.20448894192 7.06195275053
3303 100.0 6.49004215352 6.49712319955 6.50131430961 6.6023905925
3303 100.0 7.23962494366 7.24832642704 7.25580607088 7.41530369439
3303 100.0 7.14270525341 7.14991046023 7.15607128684 6.97426438428
3303 100.0 6.26588068046 6.27199902621 6.27810624926 6.21302440148
3303 100.0 6.98412615746 6.99227235004 6.99878391963 7.14696437262
3303 100.0 6.2810371869 6.28585227096 6.29180397333 6.63285635329
3303 100.0 6.96963066309 6.97708380028 6.9836955234 7.21027139579
3303 100.0 6.34973152386 6.35864353598 6.36318255424 6.48554316361
3303 100.0 6.51106905371 6.51542143081 6.5215931354 6.80969641944
3303 100.0 6.90308793499 6.91070532361 6.91945174005 7.28255293216
3303 100.0 6.62625329678 6.63341663053 6.63898663611 6.77528267475
3303 100.0 7.22954945442 7.23849206034 7.24632025195 7.31369175764
3303 100.0 7.04732707261 7.05507144344 7.06212543137 6.92198330993
3303 100.0 7.28192751963 7.290178177 7.29526588407 7.53238438286
3303 100.0 7.15950475626 7.16654691152 7.17292685224 7.58009598322
3303 100.0 6.54326626782 6.55097412431 6.55746385182 7.13340677594
3303 100.0 6.96870394407 6.97639879238 6.98633571766 6.91009679199
3303 100.0 7.19631175857 7.20409938579 7.20954139297 7.3430448318
3303 100.0 6.28442064209 6.29079117786 6.29616181995 6.34316173049
3303 100.0 6.78683040711 6.7932523033 6.79982758629 7.22109317769
3303 100.0 6.70196281048 6.71088858469 6.71458582052 6.62822699728
3303 100.0 7.15177935836 7.15841761654 7.16535815705 7.19852442185
3303 100.0 6.37675702413 6.38398688468 6.38911378563 6.51358358797
3303 100.0 7.16125679276 7.17041962051 7.17466867601 7.47869413028
3303 100.0 6.24474642926 6.25218742891 6.25863300193 6.39962350609
3303 100.0 6.38604494806 6.39154553245 6.39887300611 6.55185893869
3303 100.0 7.53107712608 7.53913859409 7.54586959825 7.5305711995
3303 100.0 6.56045730402 6.5655890206 6.57093345922 6.89489868012
3303 100.0 6.81100786793 6.81944342074 6.82451307377 6.69120876538
3303 100.0 6.60144542347 6.60763443308 6.61488403308 6.72557542138
3303 100.0 6.09399903575 6.10205387 6.10693416872 6.55707330744
3303 100.0 6.72362449943 6.73030884176 6.73538757633 6.64510137733
3303 100.0 6.88619745809 6.89246272013 6.89729366643 7.35690384873
3303 100.0 5.98815047206 5.99348297908 6.00002845061 6.33742333234
3303 100.0 7.05510552593 7.06247860126 7.06902996926 6.97493755779
3303 100.0 6.43241197508 6.43893833845 6.44562024618 7.00382551519
3303 100.0 6.88371244532 6.8890965787 6.89441066044 7.00000187979
3303 100.0 6.45207156448 6.45993524033 6.46689778583 6.47325785125
3303 100.0 6.58879691803 6.59490567095 6.60143481129 7.23485867909
3303 100.0 6.20522736115 6.21177200207 6.21932038675 6.27666154461
3303 100.0 6.58939211563 6.59641178258 6.60389432329 6.70645086776
3303 100.0 6.60182852604 6.61121642313 6.61731150981 6.74769296663
3303 100.0 6.65364400008 6.6590587514 6.66627475887 7.12524363913
3303 100.0 7.11069681045 7.11870115024 7.12357981582 6.89070909688
3303 100.0 6.62729969623 6.63352391181 6.64244625636 6.88273723006
3303 100.0 6.81992389831 6.8273599021 6.83405947767 6.89309234406
3303 100.0 6.3414733133 6.34829928849 6.35352597175 6.75127583911
3303 100.0 6.64857635849 6.65554001294 6.6605992565 6.46239916864
3303 100.0 6.79475054174 6.80240046802 6.80954965899 7.02992400116
3303 100.0 6.46444506326 6.47221815431 6.47855416217 7.10843940672
3303 100.0 6.77017373181 6.7760738497 6.78246046139 6.8741504844
3303 100.0 7.26818913291 7.27518476307 7.28254437161 7.271961041
3303 100.0 6.39893152302 6.40496812147 6.4106221408 6.86884197916
3303 100.0 7.05043542756 7.05677390938 7.06310960303 6.90575678603
3303 100.0 6.85634266625 6.86417672294 6.87119015154 6.91579651934
3303 100.0 6.76319450517 6.77044836879 6.77640794044 6.87076926961
3303 100.0 7.02693377638 7.03546631199 7.04360724113 6.96447794555
3303 100.0 7.08605677636 7.09251638737 7.09719927172 7.43197088422
3303 100.0 6.87360189361 6.87976072622 6.88707554554 7.16620480671
3303 100.0 6.70182785988 6.70735683386 6.7160204136 6.85743181657
3303 100.0 6.34624727083 6.35341964742 6.35983876244 6.49618340859
3303 100.0 6.62865289117 6.63603735627 6.64067294964 6.44709156714
3303 100.0 6.87759963824 6.88439593534 6.89089658982 7.25827778029
3303 100.0 6.60900948578 6.61880544859 6.62654142014 6.8866830693
3303 100.0 7.31922303259 7.32541121459 7.33138458384 7.30656920597
3303 100.0 7.03691438765 7.0443811555 7.050180503 6.9006539938
3303 100.0 6.06302317071 6.07015663474 6.07658911479 6.71617705059
3303 100.0 6.52055380535 6.52820556796 6.5338077511 6.71868746387
3303 100.0 6.39969426512 6.40713967716 6.41177694837 6.80253610409
3303 100.0 6.61852933562 6.62491801064 6.63103012109 6.49757318736
3303 100.0 5.9323703772 5.9378291179 5.94203625875 6.18914048702
3303 100.0 6.77767812355 6.78567625505 6.79323161065 7.35011371956
3303 100.0 7.11001650836 7.1171455295 7.12560526145 6.84173640944
3303 100.0 6.66075544688 6.66851649169 6.67438389426 6.52907072382
3303 100.0 6.83190971522 6.840308129 6.84631704611 7.02203546915
3303 100.0 6.97054691502 6.9784209007 6.98637697336 6.96385353306
3303 100.0 7.07507641836 7.08423893339 7.08908680464 6.76920209764
3303 100.0 7.10620550845 7.11203801362 7.12006672203 7.39987184098
3303 100.0 7.16759384871 7.17436403748 7.17999953881 7.42868025219
3303 100.0 6.80658339858 6.81580192533 6.82310286076 7.33443505289
3303 100.0 6.66688836806 6.67534887056 6.68272058869 7.02926410372
3303 100.0 6.63843859105 6.64691793323 6.65252348865 6.88962162355
3303 100.0 7.60053637511 7.60791855686 7.61612253945 8.29842578589
3303 100.0 6.98104945078 6.98754692434 6.99449332611 6.74667667387
7117 46.4158883361 7.29182061531 7.29594651165 7.29890850268 7.24109926235
7117 46.4158883361 6.92497047866 6.92854017402 6.93163008726 6.78455314122
7117 46.4158883361 7.03744925542 7.04207368237 7.04446518209 7.30597717184
7117 46.4158883361 7.08637725829 7.09008779722 7.09334974804 6.94398382419
7117 46.4158883361 6.78238978984 6.78494712469 6.78825233305 6.60620073145
7117 46.4158883361 6.64216798751 6.6452830817 6.64787800548 6.99737389547
7117 46.4158883361 6.98888339259 6.99229545159 6.99539676715 6.8589868463
7117 46.4158883361 6.92924193525 6.93317504919 6.93594979973 7.15428023142
7117 46.4158883361 6.86254801532 6.86572560023 6.86847565083 7.01171105202
7117 46.4158883361 7.04264819189 7.04579721079 7.04991563907 7.05115461499
7117 46.4158883361 6.75582995542 6.75879205322 6.76215085388 6.82662965849
7117 46.4158883361 6.70608626803 6.70969581242 6.71315293266 6.63916565485
7117 46.4158883361 6.91956998355 6.92361981207 6.92697028199 6.96217756916
7117 46.4158883361 7.06145785575 7.06411783368 7.06722568782 7.05823863352
7117 46.4158883361 6.68101425871 6.68531711438 6.68820535254 6.71232003438
7117 46.4158883361 6.91377274726 6.91649667006 6.91948568319 7.19623148439
7117 46.4158883361 6.46611372768 6.46927898742 6.47159719716 6.50643670207
7117 46.4158883361 6.72638886523 6.73034646239 6.73299396093 6.65493775007
7117 46.4158883361 6.96820865161 6.97203210702 6.97443815105 6.95970962758
7117 46.4158883361 6.83345566506 6.83639398213 6.8395033509 6.92942671456
7117 46.4158883361 6.49589738443 6.49990962873 6.50294720601 6.32733363982
7117 46.4158883361 7.44297064169 7.44662017635 7.44920195614 7.63975742581
7117 46.4158883361 7.3281768534 7.33118248255 7.33448926125 7.23176461781
7117 46.4158883361 6.9222160952 6.92555326249 6.92828366858 7.17984934829
7117 46.4158883361 7.00402295773 7.00676573476 7.01006375396 7.04276477276
7117 46.4158883361 6.47981466866 6.48217152269 6.48469586376 6.56546382985
7117 46.4158883361 6.86994120367 6.8732612797 6.87727909492 6.81160718434
7117 46.4158883361 6.76733593787 6.77178551083 6.77497700859 6.77315648385
7117 46.4158883361 7.20698014284 7.21030773485 7.21348656332 7.59742445723
7117 46.4158883361 6.663866551 6.66751190454 6.67055610679 6.90404728043
7117 46.4158883361 6.94253365635 6.9465358032 6.94932465194 7.07793234642
7117 46.4158883361 6.65968958486 6.66315032386 6.66577956546 6.80259005935
7117 46.4158883361 6.68328947489 6.68574725415 6.68807874194 6.89211016108
7117 46.4158883361 7.02922670482 7.03229324752 7.03607874408 6.94381353467
7117 46.4158883361 6.88804741572 6.89117985255 6.894074779 7.1870189471
7117 46.4158883361 6.933733271 6.93688398235 6.94006674409 6.96736622317
7117 46.4158883361 6.88010004463 6.88291155241 6.88594254688 6.78548057104
7117 46.4158883361 6.71650828652 6.71973589887 6.72215101671 6.81177585247
7117 46.4158883361 6.66493966152 6.66825698352 6.67129082322 6.6983429665
7117 46.4158883361 6.68136947182 6.68533439035 6.68845694765 6.68476647456
7117 46.4158883361 6.89930443788 6.90358684661 6.90643392641 7.20010191611
7117 46.4158883361 6.89464146467 6.89892393414 6.90180607128 7.06216161636
7117 46.4158883361 6.56136649491 6.56486591936 6.56770994336 6.36669889648
7117 46.4158883361 7.11336035577 7.11650903782 7.11960043499 7.19936712488
7117 46.4158883361 6.75588869483 6.75900835078 6.76148517132 6.81824818172
7117 46.4158883361 6.86469784257 6.86759906513 6.8707752373 7.09785628161
7117 46.4158883361 7.22992865326 7.23503584308 7.23746053846 7.28912329326
7117 46.4158883361 6.55184653418 6.55506201954 6.55854556824 6.57212126093
7117 46.4158883361 6.88709241312 6.89058164448 6.89387238207 6.73972321023
7117 46.4158883361 6.64676975013 6.65030787158 6.65393387702 6.64990154212
7117 46.4158883361 6.54068438016 6.54383300319 6.54651146877 6.78783763489
7117 46.4158883361 6.96111111751 6.96489039504 6.96813898834 6.77373992431
7117 46.4158883361 6.94584142127 6.94944607822 6.95282220746 7.3146699677
7117 46.4158883361 6.59395187769 6.5974319103 6.60107525828 6.80565483203
7117 46.4158883361 6.4980437094 6.50161140603 6.50549772868 6.63423623198
7117 46.4158883361 6.86131094964 6.86467157157 6.86763524008 6.96879426874
7117 46.4158883361 6.96832675116 6.97259293858 6.97463894947 7.0568310092
7117 46.4158883361 6.51017653738 6.51292193877 6.51571796634 6.59245849709
7117 46.4158883361 7.01305785464 7.01668766505 7.01923470988 7.12738767833
7117 46.4158883361 6.89967094233 6.90337903359 6.90641379403 6.81760369538
7117 46.4158883361 6.80694344443 6.80917174347 6.81181757279 6.83329433159
7117 46.4158883361 6.91864557835 6.92231449335 6.92561664778 7.20252991211
7117 46.4158883361 7.00052118021 7.00464770707 7.00789836455 7.20116143271
7117 46.4158883361 7.41892563756 7.42192353236 7.42529201515 7.31393565612
7117 46.4158883361 6.79196753842 6.79512986216 6.79739660504 6.85739504241
7117 46.4158883361 6.70377178029 6.70764784801 6.71046323488 6.85819182052
7117 46.4158883361 6.90394803053 6.90721222954 6.90993292672 7.12273576158
7117 46.4158883361 6.80487883843 6.80779378852 6.81108194115 6.6633841204
7117 46.4158883361 7.01890727562 7.02189843597 7.02540304565 6.94755512717
7117 46.4158883361 6.76275981309 6.76615582716 6.76889369084 6.90341533647
7117 46.4158883361 6.97604423731 6.97989643902 6.98277032302 6.66383373403
7117 46.4158883361 6.51817114204 6.52169527962 6.52414759006 6.74832490103
7117 46.4158883361 6.67295125711 6.67546450883 6.67808865001 6.81553328964
7117 46.4158883361 6.71975463235 6.72314921219 6.72558203211 6.69612620729
7117 46.4158883361 6.68588216399 6.68866670096 6.691722987 6.98787643812
7117 46.4158883361 6.84233831373 6.84586995597 6.84808144349 7.24096927651
7117 46.4158883361 7.07873980988 7.08345673604 7.08633464823 7.29798094374
7117 46.4158883361 6.86884933797 6.87303772445 6.87583474357 6.8887977771
7117 46.4158883361 7.31703466363 7.32055472817 7.32338429856 7.47503314647
7117 46.4158883361 6.77695766049 6.78054767113 6.78403956181 6.60242066011
7117 46.4158883361 6.47698321243 6.47951853439 6.48344654225 6.74611669511
7117 46.4158883361 6.85788787384 6.86157755837 6.86497399613 7.05772331029
7117 46.4158883361 6.82638389387 6.83016330968 6.83392402801 6.86356607408
7117 46.4158883361 6.99955173786 7.00268575043 7.00529361035 7.34446724032
7117 46.4158883361 7.05468204386 7.05775809643 7.06043293996 7.10135719776
7117 46.4158883361 6.60916432131 6.61339224904 6.61571909442 6.62707284192
7117 46.4158883361 7.03856555912 7.04258295364 7.04547192412 7.20685027747
7117 46.4158883361 6.83121745714 6.83476233371 6.8386304295 6.76383829504
7117 46.4158883361 7.16791380509 7.17143251111 7.17485202685 7.1513694878
7117 46.4158883361 6.88886746542 6.89149720771 6.89455332819 6.96456426657
7117 46.4158883361 6.77231898507 6.77536137854 6.77756720437 6.95378954312
7117 46.4158883361 6.73216010373 6.73586172135 6.73858296629 6.95745812908
7117 46.4158883361 6.68687403434 6.68945487154 6.69265307484 6.77792033042
7117 46.4158883361 7.04982712898 7.05305630861 7.05647461993 7.07804853191
7117 46.4158883361 6.55386666045 6.556939307 6.55939783823 6.92146818213
7117 46.4158883361 6.60613532263 6.60909381185 6.6123555629 6.95977156916
7117 46.4158883361 7.08541766256 7.0894792484 7.09251106967 7.02122381921
7117 46.4158883361 6.66387346266 6.66678905153 6.6695687385 7.06688698648
7117 46.4158883361 6.76713252485 6.77040670206 6.77316926802 7.0234639198
7117 46.4158883361 6.721110068 6.72444762307 6.72723408628 6.62764436143
15333 21.5443469003 6.89068299649 6.89232436746 6.89382133044 6.98306707732
15333 21.5443469003 6.65798799289 6.65917898087 6.6606296312 6.69346047819
15333 21.5443469003 6.66155506113 6.66305360241 6.6647557625 6.61879701139
15333 21.5443469003 6.7693066495 6.7706795228 6.77199667896 6.66211233843
15333 21.5443469003 7.12473012376 7.126743662 7.12792285551 7.36304596925
15333 21.5443469003 7.03875585005 7.04077776457 7.04196694312 6.98632780766
15333 21.5443469003 6.94201524335 6.94374336479 6.94521212308 7.03045125432
15333 21.5443469003 6.47602094226 6.47736234069 6.47857004223 6.67150097877
15333 21.5443469003 6.62021715355 6.62280719228 6.62396539289 6.65522402803
15333 21.5443469003 6.68124091739 6.68356212079 6.68522434495 6.80583276313
15333 21.5443469003 6.80735898598 6.80855712879 6.80989069248 6.75577151687
15333 21.5443469003 6.87968253227 6.88123548965 6.88255357139 7.02489359702
15333 21.5443469003 6.41918712738 6.42137815417 6.42239181587 6.55505929222
15333 21.5443469003 6.78532578147 6.78694060439 6.78819889538 6.90516519268
15333 21.5443469003 6.87619253883 6.87800478612 6.87941261317 6.92402404318
15333 21.5443469003 6.77387137229 6.77528674754 6.77707005137 7.09577119102
15333 21.5443469003 6.7450148615 6.74643892895 6.74782629276 6.840867205
15333 21.5443469003 6.73364548462 6.73542945052 6.73655348222 6.83274977566
15333 21.5443469003 6.88177152893 6.88347982305 6.88488133258 6.82570156633
15333 21.5443469003 6.7801532061 6.78183647343 6.78320244523 6.75915035771
15333 21.5443469003 6.96901632135 6.97023413645 6.97144530008 7.12392592392
15333 21.5443469003 6.81552869027 6.8167410963 6.81850444373 6.92680444226
15333 21.5443469003 6.76925961194 6.77100874232 6.7724621827 6.76678716444
15333 21.5443469003 6.87254764651 6.87442029535 6.87591685082 7.08581175622
15333 21.5443469003 6.91677718509 6.91864998251 6.91995676232 6.9336417551
15333 21.5443469003 6.70911323607 6.71065909346 6.71210726069 6.69385037942
15333 21.5443469003 6.61748863097 6.61904126268 6.62013672967 6.61550620881
15333 21.5443469003 6.6355828251 6.63696668317 6.63860516569 6.75324921337
15333 21.5443469003 6.54914796526 6.55082511819 6.55209796125 6.61911044026
15333 21.5443469003 6.80897274285 6.81151335407 6.81311924055 6.94746089482
15333 21.5443469003 7.00029415352 7.00154808362 7.0028479515 7.1277303722
15333 21.5443469003 6.58104952216 6.58295273229 6.58426599253 6.43045180255
15333 21.5443469003 6.73498002643 6.73664110906 6.73786015948 6.61945418195
15333 21.5443469003 6.59824113359 6.60009438541 6.6016169873 6.69676854218
15333 21.5443469003 6.44045110636 6.44208216902 6.44312842754 6.53743297788
15333 21.5443469003 6.94252091465 6.94420184057 6.94535298112 6.96754304245
15333 21.5443469003 6.68068405486 6.68172240589 6.68270956411 6.94004283623
15333 21.5443469003 7.25262172576 7.25442433981 7.25607590734 7.19198815439
15333 21.5443469003 6.77018250869 6.77170737318 6.7734593328 6.6972336437
15333 21.5443469003 6.92856388456 6.93018596063 6.93155452394 6.81588725116
15333 21.5443469003 6.64942272074 6.65082076467 6.6522461822 6.84473761058
15333 21.5443469003 6.89193009723 6.8940403914 6.89522073959 6.80147469729
15333 21.5443469003 6.71826538829 6.71937359524 6.7206730968 6.71015220283
15333 21.5443469003 6.49587929467 6.49754427514 6.49888044263 6.5845512784
15333 21.5443469003 6.61094085318 6.61258134293 6.61399076022 6.77986700858
15333 21.5443469003 6.90023128908 6.90187961009 6.9032435667 6.98376041188
15333 21.5443469003 6.81001663553 6.81153554055 6.81310797255 6.97135853034
15333 21.5443469003 6.83796061232 6.83976037727 6.84080821049 6.85726465885
15333 21.5443469003 6.60794891088 6.60948313335 6.61063589663 6.7628643525
15333 21.5443469003 6.65824090933 6.65931809058 6.66065654811 6.80066189528
15333 21.5443469003 6.76397178731 6.76543118458 6.76670277527 6.84460961915
15333 21.5443469003 6.73497161162 6.73641534544 6.73797385798 6.79908513233
15333 21.5443469003 6.65147924306 6.65262384859 6.65393782274 6.95746633498
15333 21.5443469003 6.76925019665 6.77056004278 6.77162996943 6.76385399567
15333 21.5443469003 6.77719326632 6.77944992488 6.78072416654 6.81809019698
15333 21.5443469003 6.84631035356 6.84758148926 6.84885752444 7.06591503867
15333 21.5443469003 6.95144636856 6.95404711746 6.95546572026 6.79372072386
15333 21.5443469003 6.91284210351 6.91438116382 6.91586188828 6.92440556799
15333 21.5443469003 6.844499882 6.84577219957 6.84727951266 6.82223578592
15333 21.5443469003 6.83098381187 6.83235157859 6.83362984007 6.91444068747
15333 21.5443469003 6.72850647671 6.72995698115 6.73140053708 6.85553676954
15333 21.5443469003 6.80021024125 6.80139281326 6.80332834041 6.90561420334
15333 21.5443469003 6.52870683775 6.53046658827 6.53188907705 6.80429622145
15333 21.5443469003 6.69037421607 6.69180501311 6.69306140378 6.735890503
15333 21.5443469003 6.87261275274 6.87368009755 6.87485684814 7.17506756741
15333 21.5443469003 6.88835181433 6.88960331658 6.89113291915 7.13295597385
15333 21.5443469003 6.72468933427 6.72671943174 6.72775921673 6.8439115865
15333 21.5443469003 6.78506862365 6.7864326184 6.78756671224 6.76322130106
15333 21.5443469003 6.60963997545 6.61124686138 6.612540513 6.83068869797
15333 21.5443469003 6.78656462867 6.788391996 6.78949341066 6.79378532831
15333 21.5443469003 6.68438570146 6.6860166588 6.68732949419 6.70296836394
15333 21.5443469003 6.77842812433 6.7800352053 6.78136982414 6.68831240547
15333 21.5443469003 6.8308305762 6.83267018361 6.83397011295 6.86978956544
15333 21.5443469003 6.77062134307 6.77247236193 6.77429990461 6.82324618958
15333 21.5443469003 6.75547034411 6.75729816798 6.75883535416 6.76449885596
15333 21.5443469003 6.85336077027 6.85437620861 6.8558550192 6.90889163094
15333 21.5443469003 6.71942812056 6.7209711691 6.72191776356 6.64264198266
15333 21.5443469003 6.95739190845 6.95882597888 6.96016863443 6.99006159758
15333 21.5443469003 6.69937244058 6.70103434544 6.70220776919 6.89771449156
15333 21.5443469003 6.70348350124 6.70454933789 6.70609408402 6.82250607985
15333 21.5443469003 6.74873988057 6.75004006416 6.75144545169 6.81641490196
15333 21.5443469003 6.99304819576 6.99496578712 6.99637493928 6.97198092276
15333 21.5443469003 6.81267943522 6.81455472456 6.81630807066 6.85836562073
15333 21.5443469003 6.70441775142 6.70601361646 6.70755217058 6.68963864987
15333 21.5443469003 7.05151767273 7.05304795739 7.0542003078 6.85338290326
15333 21.5443469003 6.72584883442 6.72735404892 6.72875745194 6.74330896142
15333 21.5443469003 6.99977431062 7.00158593506 7.00340201226 6.83407886959
15333 21.5443469003 6.83256729768 6.83413904903 6.83542990621 6.87439368659
15333 21.5443469003 6.8473450798 6.84926387906 6.8505341646 6.91847325286
15333 21.5443469003 6.98689133674 6.98893694252 6.99004082651 7.08094370049
15333 21.5443469003 6.77355502646 6.77541745293 6.77681701623 6.76571698059
15333 21.5443469003 6.72823673289 6.72968607015 6.73113947664 6.88294302181
15333 21.5443469003 6.57893671637 6.58009543994 6.58178452566 6.76932310634
15333 21.5443469003 6.69446893459 6.69569915655 6.69726695252 6.86979784064
15333 21.5443469003 6.63103936977 6.63255101094 6.63429323643 6.75504824778
15333 21.5443469003 6.93605484126 6.93747157584 6.93882314726 6.89051803341
15333 21.5443469003 6.89512847203 6.89645307598 6.89813425784 6.86354687308
15333 21.5443469003 6.88702855561 6.8883579665 6.88989992678 7.03552825664
15333 21.5443469003 6.8482851895 6.85014811877 6.85185804483 7.0580622666
15333 21.5443469003 7.09582652168 7.09758921969 7.09898230285 7.23637799901
33036 10.0 6.56463063362 6.56558140944 6.56606658996 6.73845138865
33036 10.0 6.83762340276 6.83830766077 6.83883491311 6.80504873468
33036 10.0 6.69800179571 6.69901778537 6.69973043107 6.68499932096
33036 10.0 6.93941105341 6.94019168593 6.94093575181 6.83569851958
33036 10.0 6.72343379472 6.72403146291 6.72443347351 6.78557228584
33036 10.0 6.76895078755 6.76994156645 6.77045692437 6.7443409713
33036 10.0 6.74821540978 6.7486732864 6.74942389724 6.80637432714
33036 10.0 6.90315732275 6.9039122807 6.90472726162 6.92204255176
33036 10.0 6.6100360633 6.61095426156 6.61169061265 6.68206809565
33036 10.0 6.91960592528 6.92044463486 6.92104927013 6.84658431421
33036 10.0 6.87673506242 6.87754857884 6.87824916691 6.84975902996
33036 10.0 6.7967160861 6.79771387144 6.79842480555 6.93639098184
33036 10.0 6.78918344846 6.78983157692 6.79049351523 6.84187927982
33036 10.0 6.77094908295 6.77158696657 6.77219011237 6.61639431476
33036 10.0 6.8274319805 6.8281371313 6.82873979947 6.83929037509
33036 10.0 6.85214087835 6.85303147802 6.85360788288 6.80729184708
33036 10.0 6.86154785068 6.86227362756 6.86267475988 6.82117793882
33036 10.0 6.78805888725 6.78877200334 6.78939959379 6.90201043805
33036 10.0 6.66961218264 6.67035731251 6.67095491186 6.68562681043
33036 10.0 6.82233931184 6.82314201368 6.82379880892 6.84217791515
33036 10.0 6.80782726309 6.80857316743 6.80926250631 6.83633664152
33036 10.0 6.65936954227 6.65999045772 6.66042093586 6.72776351001
33036 10.0 6.74449051335 6.74525219014 6.7459614083 6.79548025887
33036 10.0 6.72963683508 6.73058315492 6.73101741055 6.6769010904
33036 10.0 6.89331507268 6.89395094315 6.8946961887 6.9320376046
33036 10.0 6.61761326157 6.61856589826 6.61915704871 6.70120016554
33036 10.0 6.79347816846 6.79458276112 6.79503844275 6.88631150349
33036 10.0 6.95382984591 6.95468553948 6.95541402266 6.8874956467
33036 10.0 6.85232994307 6.85307449621 6.85366485142 6.89660469858
33036 10.0 6.77854060938 6.77943671407 6.78008001615 6.8728749412
33036 10.0 6.8245603967 6.82516991212 6.82578978857 6.80096963043
33036 10.0 6.81875398748 6.81968181354 6.820339814 6.64470011596
33036 10.0 6.93719956574 6.93788096587 6.93851453639 6.79074680323
33036 10.0 6.76405810693 6.76459726271 6.76528639956 6.85572556327
33036 10.0 6.71553087038 6.71600863051 6.71670356392 6.77674993053
33036 10.0 6.77821933913 6.77970127301 6.78024932894 6.87148288448
33036 10.0 6.7475331614 6.74833768285 6.74913846319 6.74443310872
33036 10.0 6.90370958957 6.90488020196 6.90536924523 6.95323612143
33036 10.0 6.71553311386 6.71635672894 6.71699440817 6.74574789206
33036 10.0 6.78637888085 6.7870436435 6.78764429878 6.95350842601
33036 10.0 6.8829523364 6.88370075083 6.8841940031 6.93713588984
33036 10.0 6.8766140707 6.87727709049 6.87790220869 6.91760112118
33036 10.0 6.79516898226 6.79588534443 6.79655352763 6.94350777285
33036 10.0 6.75130923363 6.7520922948 6.75270567395 6.74355933634
33036 10.0 6.82276797228 6.82351260901 6.82416538843 6.94113051007
33036 10.0 6.90177992959 6.90269537968 6.90325381031 6.91847799654
33036 10.0 6.83426352247 6.83478514469 6.83559683298 6.77800639175
33036 10.0 6.66698720342 6.66769599959 6.66841306709 6.85423386006
33036 10.0 6.98356523847 6.98426818518 6.98502339975 7.05668581718
33036 10.0 6.91722311818 6.91808622282 6.91860158955 6.97250429907
33036 10.0 6.82933193811 6.83001165357 6.8306451928 6.80430975108
33036 10.0 6.96785331065 6.9687542277 6.96931043367 7.09357455056
33036 10.0 6.72302771031 6.72374673044 6.72416257876 6.64280993352
33036 10.0 6.78311489674 6.78382325649 6.78451199459 6.71058673227
33036 10.0 6.5944465228 6.59525217767 6.59587920583 6.59949183063
33036 10.0 6.90362908414 6.90440361546 6.90514669952 7.09949899048
33036 10.0 6.78377969996 6.78472880525 6.78531414581 6.88452579064
33036 10.0 6.80945595478 6.81007638384 6.81100892369 6.84917863584
33036 10.0 6.95550306769 6.95618346421 6.95687762219 7.04175283294
33036 10.0 6.87725636897 6.87786284532 6.87837159936 6.83581310574
33036 10.0 6.75730703085 6.75809120984 6.75872692286 6.85106722719
33036 10.0 6.81282532945 6.8135049732 6.81425844756 6.79438872551
33036 10.0 6.51645281018 6.51740094723 6.51804186042 6.65211558396
33036 10.0 6.65799745129 6.65872033101 6.65944690708 6.67590828397
33036 10.0 6.95975688944 6.96050626815 6.96102555641 6.98188545797
33036 10.0 6.74359603164 6.74449458664 6.74509943321 6.75673497366
33036 10.0 7.08084245285 7.08196804358 7.08267675385 6.94504694709
33036 10.0 6.72159192791 6.72219238125 6.72291965181 6.82798002335
33036 10.0 6.70905924047 6.70962874905 6.71042395485 6.85554838097
33036 10.0 6.81387248206 6.81484344217 6.81561369196 6.72969061123
33036 10.0 6.82636522955 6.82741271439 6.82788559581 6.85927244824
33036 10.0 6.78951232445 6.79061579492 6.79130474763 6.84150655925
33036 10.0 6.70857139156 6.70968590504 6.71028317655 6.68589817031
33036 10.0 6.81175205057 6.81291289536 6.81356461388 6.89379421276
33036 10.0 6.74849342942 6.74942016089 6.7502407808 6.76185419455
33036 10.0 6.65913909544 6.66002727627 6.66047199362 6.8238568818
33036 10.0 6.93385673286 6.93476775025 6.93543474958 7.02701929142
33036 10.0 6.67060984079 6.67128330504 6.6718659696 6.75215090594
33036 10.0 7.00079410269 7.00179700961 7.00230226998 6.86832174837
33036 10.0 6.74840314945 6.74927332859 6.74993720879 6.73801149913
33036 10.0 6.70085483523 6.7012955132 6.70196780715 6.60919717986
33036 10.0 6.87379314818 6.87428813368 6.87489121203 6.83983152805
33036 10.0 6.70933504396 6.7101932863 6.71091836682 6.87626520326
33036 10.0 6.66834778304 6.66902175362 6.66965234297 6.62634150986
33036 10.0 6.71443912297 6.71512648871 6.71559867768 6.73337384617
33036 10.0 6.95843940542 6.95925751811 6.95987441715 7.00357276607
33036 10.0 6.7938791053 6.79468944945 6.7952756753 6.85385555386
33036 10.0 6.94817461158 6.94879509831 6.9493765726 6.81206590453
33036 10.0 6.78799675983 6.78856580248 6.78933344107 6.81029138277
33036 10.0 6.93734723604 6.93803903819 6.93876389186 7.10290100629
33036 10.0 6.93303924178 6.93380958554 6.93455924302 6.91693998544
33036 10.0 6.79670628224 6.79748438681 6.79827372529 6.84058478803
33036 10.0 6.84442390486 6.8450057265 6.84583256066 6.91318634881
33036 10.0 6.83797059291 6.8389326486 6.83956964226 6.81766454541
33036 10.0 6.96347302972 6.96432937171 6.96512018181 7.04626464021
33036 10.0 6.91291504276 6.91385732622 6.91441275034 6.9533269223
33036 10.0 6.66393198557 6.66450385114 6.66512605879 6.58356267633
33036 10.0 6.69197345035 6.69270706261 6.69336455821 6.76464869679
33036 10.0 6.95523307688 6.95591957122 6.95656572619 6.92538352307
33036 10.0 6.71465013149 6.71511618425 6.71558676093 6.74615190612
