#ID, Rs, Dc, R200, Mvir, xoff, rho_rms, niter
sample_000.dat   8.18787813e-02   4.37836992e+04   6.00477457e-01   4.84899998e+00   2.62333546e-02   4.21698004e-01           25
sample_001.dat   1.07432768e-01   2.26629844e+04   6.00848079e-01   4.84899998e+00   4.38859724e-02   3.71907681e-01           21
sample_002.dat   7.84210563e-02   4.99142656e+04   6.02447748e-01   4.84899998e+00   2.91311927e-02   4.89832908e-01           26
sample_003.dat   1.00261390e-01   2.70939180e+04   6.02422893e-01   4.84899998e+00   2.11392213e-02   4.84178901e-01           24
sample_004.dat   8.08205679e-02   4.56615977e+04   6.02689624e-01   4.84899998e+00   3.57482545e-02   2.64157861e-01           28
sample_005.dat   9.75671485e-02   2.89470957e+04   6.01432681e-01   4.84899998e+00   3.04343030e-02   2.61910021e-01           28
sample_006.dat   1.04807392e-01   2.43736914e+04   6.01612449e-01   4.84899998e+00   1.75719056e-02   2.61172086e-01           24
sample_007.dat   9.79714543e-02   2.83924336e+04   5.98735213e-01   4.84899998e+00   3.45156970e-03   1.98364958e-01           26
sample_008.dat   1.06547065e-01   2.43331328e+04   5.97969174e-01   4.84899998e+00   2.69817095e-02   3.32191050e-01           25
sample_009.dat   9.55467895e-02   3.04777188e+04   5.98350585e-01   4.84899998e+00   3.75796258e-02   1.69902712e-01           27
sample_010.dat   8.88207555e-02   3.56146445e+04   6.02239013e-01   4.84899998e+00   5.54901175e-02   3.11796308e-01           25
sample_011.dat   8.52016360e-02   4.02738242e+04   6.01938903e-01   4.84899998e+00   3.76159772e-02   3.31226230e-01           25
sample_012.dat   7.62295946e-02   5.22176211e+04   6.02172077e-01   4.84899998e+00   1.41504919e-02   3.71950179e-01           24
sample_013.dat   1.04398608e-01   2.52457383e+04   6.01710618e-01   4.84899998e+00   1.56683419e-02   2.57136315e-01           28
sample_014.dat   9.67599228e-02   2.97377715e+04   6.01283073e-01   4.84899998e+00   3.51737030e-02   1.76933914e-01           26
sample_015.dat   8.45726579e-02   4.06026289e+04   5.93178153e-01   4.84899998e+00   2.36594323e-02   3.01781237e-01           28
sample_016.dat   9.35046971e-02   3.16112871e+04   6.01728320e-01   4.84899998e+00   2.08015479e-02   3.21752071e-01           26
sample_017.dat   7.94863254e-02   4.69375977e+04   6.02672517e-01   4.84899998e+00   4.85120267e-02   2.80065894e-01           26
sample_018.dat   6.15063868e-02   8.79084297e+04   6.02350473e-01   4.84899998e+00   1.58974417e-02   6.03943110e-01           23
sample_019.dat   8.44354704e-02   4.08638633e+04   6.02090836e-01   4.84899998e+00   4.97442968e-02   2.29455858e-01           23
sample_020.dat   7.84152597e-02   4.98480703e+04   5.99373221e-01   4.84899998e+00   2.72166766e-02   3.96542966e-01           25
sample_021.dat   7.77805969e-02   4.98371719e+04   5.96841514e-01   4.84899998e+00   1.84539743e-02   2.68396974e-01           27
sample_022.dat   9.21965912e-02   3.34854258e+04   6.02200031e-01   4.84899998e+00   2.02831961e-02   4.28826183e-01           25
sample_023.dat   8.22227523e-02   4.31320391e+04   5.96414566e-01   4.84899998e+00   3.88861783e-02   1.63201526e-01           27
sample_024.dat   1.00627378e-01   2.71276074e+04   5.99382460e-01   4.84899998e+00   4.07397524e-02   3.78097087e-01           23
sample_025.dat   1.06843770e-01   2.34123867e+04   6.02625251e-01   4.84899998e+00   4.33361866e-02   2.56504864e-01           24
sample_026.dat   6.22537509e-02   8.57211172e+04   5.98882854e-01   4.84899998e+00   2.33138539e-02   6.24720633e-01           24
sample_027.dat   8.06726441e-02   4.61753008e+04   6.01777613e-01   4.84899998e+00   2.96353530e-02   3.45378488e-01           24
sample_028.dat   1.32155508e-01   1.41293271e+04   6.02665067e-01   4.84899998e+00   4.49624211e-02   1.19708747e-01           24
sample_029.dat   7.26678744e-02   5.96875156e+04   6.01116776e-01   4.84899998e+00   1.76402945e-02   3.18910360e-01           27
sample_030.dat   1.04425810e-01   2.43258379e+04   5.98430991e-01   4.84899998e+00   4.14484069e-02   2.44777188e-01           23
sample_031.dat   7.54230842e-02   5.31929219e+04   6.00830793e-01   4.84899998e+00   1.12209190e-02   2.69139737e-01           27
sample_032.dat   1.18607223e-01   1.92910879e+04   5.94161570e-01   4.84899998e+00   2.24692803e-02   4.24405932e-01           27
sample_033.dat   9.43866894e-02   3.11103652e+04   6.01598561e-01   4.84899998e+00   1.52268726e-02   3.17387313e-01           23
sample_034.dat   1.28781289e-01   1.49447275e+04   6.01216495e-01   4.84899998e+00   4.98074964e-02   2.57775277e-01           23
sample_035.dat   9.43976119e-02   3.15468574e+04   5.98940492e-01   4.84899998e+00   1.60108730e-02   2.52900481e-01           27
sample_036.dat   7.64842406e-02   5.24491211e+04   6.01552248e-01   4.84899998e+00   2.96915788e-02   2.24794239e-01           26
sample_037.dat   9.08252001e-02   3.39232578e+04   6.00821078e-01   4.84899998e+00   1.30481347e-02   1.42987102e-01           26
sample_038.dat   6.81970194e-02   6.90897734e+04   5.92461228e-01   4.84899998e+00   2.90639643e-02   3.37037653e-01           28
sample_039.dat   1.26555324e-01   1.59210947e+04   6.00905359e-01   4.84899998e+00   3.32193896e-02   2.79862732e-01           24
sample_040.dat   8.45835358e-02   4.15847148e+04   6.01512611e-01   4.84899998e+00   3.93784307e-02   4.26023811e-01           28
sample_041.dat   8.95177275e-02   3.46390391e+04   5.99945188e-01   4.84899998e+00   2.73583736e-02   9.28668678e-02           25
sample_042.dat   7.46178851e-02   5.39792734e+04   6.01428270e-01   4.84899998e+00   4.94754575e-02   2.68734694e-01           25
sample_043.dat   6.70932978e-02   7.07827578e+04   5.99235654e-01   4.84899998e+00   4.57788557e-02   4.68120933e-01           26
sample_044.dat   1.00784689e-01   2.74019316e+04   6.02099121e-01   4.84899998e+00   2.88763400e-02   4.55073148e-01           24
sample_045.dat   7.19509721e-02   6.07091211e+04   6.00916564e-01   4.84899998e+00   3.66673917e-02   2.90013582e-01           27
sample_046.dat   9.88593921e-02   2.91774668e+04   6.00603819e-01   4.84899998e+00   3.66552286e-02   4.67679739e-01           25
sample_047.dat   9.68268290e-02   2.92179316e+04   5.98048747e-01   4.84899998e+00   2.61067934e-02   4.54008013e-01           22
sample_048.dat   7.86239877e-02   4.80760781e+04   6.01647913e-01   4.84899998e+00   2.99088396e-02   3.19228590e-01           28
sample_049.dat   7.99900293e-02   4.65110469e+04   6.02669179e-01   4.84899998e+00   6.70227082e-03   4.36103493e-01           24
sample_050.dat   9.63191167e-02   2.97404863e+04   5.99288583e-01   4.84899998e+00   2.59461068e-02   3.56678158e-01           24
sample_051.dat   9.48270485e-02   3.18381426e+04   5.97631812e-01   4.84899998e+00   4.46041711e-02   2.55601466e-01           26
sample_052.dat   5.90125471e-02   9.84181562e+04   6.00876093e-01   4.84899998e+00   2.04412378e-02   6.22436464e-01           23
sample_053.dat   6.28807917e-02   8.67974609e+04   5.97920239e-01   4.84899998e+00   2.16606576e-02   4.06624913e-01           25
sample_054.dat   8.99248794e-02   3.55507695e+04   5.99744856e-01   4.84899998e+00   1.94857866e-02   1.69498116e-01           26
sample_055.dat   9.35369432e-02   3.22172168e+04   5.96866786e-01   4.84899998e+00   2.41572354e-02   2.81856805e-01           28
sample_056.dat   7.35251978e-02   5.69712578e+04   5.98826289e-01   4.84899998e+00   2.70166192e-02   2.21520528e-01           24
sample_057.dat   8.04297775e-02   4.63531094e+04   6.01169944e-01   4.84899998e+00   1.46904150e-02   3.16516489e-01           27
sample_058.dat   7.81809166e-02   4.92541719e+04   5.99503815e-01   4.84899998e+00   2.69144755e-02   3.09921622e-01           25
sample_059.dat   7.98823684e-02   4.59521914e+04   5.95909834e-01   4.84899998e+00   1.75442621e-02   3.65545452e-01           26
sample_060.dat   8.53778869e-02   4.06740547e+04   6.01493359e-01   4.84899998e+00   2.47797351e-02   4.84738231e-01           26
sample_061.dat   1.01232983e-01   2.68402480e+04   6.01168156e-01   4.84899998e+00   1.80319976e-02   3.70142668e-01           25
sample_062.dat   8.94098654e-02   3.64634375e+04   6.00649118e-01   4.84899998e+00   2.59789247e-02   2.60651082e-01           27
sample_063.dat   7.97817335e-02   4.62883945e+04   5.99922061e-01   4.84899998e+00   3.79610583e-02   1.04274929e+00           23
sample_064.dat   9.86498445e-02   2.86250176e+04   5.97520888e-01   4.84899998e+00   2.31024846e-02   2.15442598e-01           27
sample_065.dat   1.01025611e-01   2.64126777e+04   5.98447859e-01   4.84899998e+00   3.45487371e-02   3.51900548e-01           22
sample_066.dat   8.95955488e-02   3.53846367e+04   5.99922061e-01   4.84899998e+00   1.20811779e-02   2.10597605e-01           25
sample_067.dat   9.30001959e-02   3.17415059e+04   6.00843370e-01   4.84899998e+00   2.80395895e-02   2.06886411e-01           29
sample_068.dat   8.22290927e-02   4.52804531e+04   6.00448310e-01   4.84899998e+00   2.70236507e-02   6.26771212e-01           26
sample_069.dat   8.37868378e-02   4.17345898e+04   6.01878166e-01   4.84899998e+00   6.43635020e-02   3.04884225e-01           24
sample_070.dat   9.01104659e-02   3.50538398e+04   6.01792037e-01   4.84899998e+00   5.74349947e-02   2.81239152e-01           27
sample_071.dat   9.90724042e-02   2.76895469e+04   6.01333320e-01   4.84899998e+00   1.70513336e-02   3.96592021e-01           25
sample_072.dat   9.34384689e-02   3.23312109e+04   6.00977123e-01   4.84899998e+00   3.08283214e-02   2.11710304e-01           26
sample_073.dat   9.20031071e-02   3.34271680e+04   6.02189362e-01   4.84899998e+00   3.03536113e-02   2.06912547e-01           26
sample_074.dat   1.02407202e-01   2.54292383e+04   6.01200342e-01   4.84899998e+00   4.10276130e-02   3.46319288e-01           24
sample_075.dat   9.31528062e-02   3.27650957e+04   6.01820827e-01   4.84899998e+00   3.22614349e-02   3.14110875e-01           25
sample_076.dat   7.72669464e-02   5.07423633e+04   6.02042317e-01   4.84899998e+00   4.73280773e-02   4.87780958e-01           27
sample_077.dat   8.73196423e-02   3.82479141e+04   5.97078085e-01   4.84899998e+00   1.59668308e-02   5.96553922e-01           23
sample_078.dat   9.14464220e-02   3.36403281e+04   5.99612772e-01   4.84899998e+00   1.54629741e-02   2.04618201e-01           27
sample_079.dat   8.30597207e-02   4.47203867e+04   6.01541102e-01   4.84899998e+00   4.18685451e-02   4.14712518e-01           27
sample_080.dat   9.41466540e-02   3.12137441e+04   6.02668345e-01   4.84899998e+00   8.95541906e-03   3.50516468e-01           26
sample_081.dat   1.09315805e-01   2.17432949e+04   6.01572692e-01   4.84899998e+00   3.45359556e-02   3.53917778e-01           22
sample_082.dat   7.15253428e-02   6.17138867e+04   6.02175057e-01   4.84899998e+00   3.44006121e-02   5.08018970e-01           27
sample_083.dat   1.04623556e-01   2.42542090e+04   6.00962639e-01   4.84899998e+00   2.63719279e-02   7.96071514e-02           24
sample_084.dat   7.91471675e-02   4.66809102e+04   6.01380765e-01   4.84899998e+00   3.22610885e-02   3.06541473e-01           24
sample_085.dat   7.82056674e-02   4.86412500e+04   6.02235258e-01   4.84899998e+00   1.31200142e-02   1.59438059e-01           24
sample_086.dat   9.92823541e-02   2.70890977e+04   5.96665442e-01   4.84899998e+00   3.13584246e-02   2.92859048e-01           26
sample_087.dat   8.82121027e-02   3.69483125e+04   6.01535380e-01   4.84899998e+00   1.29572703e-02   1.82334885e-01           22
sample_088.dat   8.63588452e-02   3.84850430e+04   5.98983288e-01   4.84899998e+00   4.36655618e-02   4.10714775e-01           24
sample_089.dat   8.92373100e-02   3.60322930e+04   6.01744294e-01   4.84899998e+00   2.20950078e-02   2.39349753e-01           26
sample_090.dat   7.91214034e-02   4.83370859e+04   6.01824999e-01   4.84899998e+00   2.39109341e-02   1.62686810e-01           24
sample_091.dat   7.35300556e-02   5.81336953e+04   6.01824939e-01   4.84899998e+00   2.91398969e-02   7.72762060e-01           27
sample_092.dat   1.18410401e-01   1.93013320e+04   5.99791110e-01   4.84899998e+00   9.30048153e-03   2.89361358e-01           25
sample_093.dat   8.87220204e-02   3.56360820e+04   5.98182857e-01   4.84899998e+00   1.60750486e-02   2.42491469e-01           24
sample_094.dat   7.68034458e-02   5.03816328e+04   6.02633178e-01   4.84899998e+00   1.23979431e-02   5.12077451e-01           25
sample_095.dat   8.77306014e-02   3.74778984e+04   6.00979865e-01   4.84899998e+00   1.37080550e-02   5.93327224e-01           26
sample_096.dat   6.41867071e-02   7.98943672e+04   6.02542877e-01   4.84899998e+00   4.10878956e-02   5.53025424e-01           22
sample_097.dat   8.48853141e-02   3.93690586e+04   6.01856411e-01   4.84899998e+00   3.12281772e-02   1.20733760e-01           22
sample_098.dat   6.57365546e-02   7.48694609e+04   6.02130234e-01   4.84899998e+00   3.12693492e-02   2.68622220e-01           26
sample_099.dat   7.02239573e-02   6.32711836e+04   6.02566838e-01   4.84899998e+00   3.90644372e-02   3.15773308e-01           26
sample_100.dat   9.25433785e-02   6.90224531e+04   5.99839032e-01   1.05430002e+01   1.54290171e-02   4.37737495e-01           26
sample_101.dat   8.71073529e-02   8.16176484e+04   6.01676524e-01   1.05430002e+01   3.09383068e-02   3.39129269e-01           27
sample_102.dat   1.02050252e-01   5.55189453e+04   5.97078085e-01   1.05430002e+01   2.54659913e-02   5.69188356e-01           25
sample_103.dat   9.68770236e-02   6.23843594e+04   6.01588130e-01   1.05430002e+01   1.09362006e-02   2.50615895e-01           28
sample_104.dat   1.00660168e-01   5.76126328e+04   6.02299869e-01   1.05430002e+01   1.66591909e-02   4.28896338e-01           24
sample_105.dat   8.25659260e-02   9.14637266e+04   6.02418959e-01   1.05430002e+01   2.69904342e-02   3.25794220e-01           30
sample_106.dat   9.72964466e-02   6.25230312e+04   6.02211654e-01   1.05430002e+01   2.57477574e-02   2.83400685e-01           28
sample_107.dat   1.00950554e-01   5.65939531e+04   6.01944506e-01   1.05430002e+01   2.97220368e-02   2.41096094e-01           27
sample_108.dat   1.04976401e-01   5.15410273e+04   6.02094531e-01   1.05430002e+01   2.36881096e-02   1.25676543e-01           27
sample_109.dat   8.98270160e-02   7.47930547e+04   6.01750433e-01   1.05430002e+01   1.29229743e-02   3.17393571e-01           22
sample_110.dat   9.23498496e-02   6.94064141e+04   6.01523042e-01   1.05430002e+01   2.10296810e-02   5.16280591e-01           24
sample_111.dat   1.23730905e-01   3.50597852e+04   6.01673782e-01   1.05430002e+01   7.55420933e-03   1.64085582e-01           27
sample_112.dat   1.15857877e-01   4.12270273e+04   6.02215946e-01   1.05430002e+01   2.67688595e-02   3.28922689e-01           26
sample_113.dat   1.01210415e-01   5.68592500e+04   6.02119744e-01   1.05430002e+01   4.98856232e-02   1.88661084e-01           26
sample_114.dat   8.70334655e-02   8.13237344e+04   6.02495790e-01   1.05430002e+01   1.78757533e-02   2.89665103e-01           29
sample_115.dat   9.98464525e-02   5.81709180e+04   5.97918630e-01   1.05430002e+01   3.52171063e-02   2.15481669e-01           27
sample_116.dat   1.03077061e-01   5.43678711e+04   6.02105498e-01   1.05430002e+01   2.42601335e-02   1.61520928e-01           23
sample_117.dat   8.70994031e-02   8.09215156e+04   6.00235522e-01   1.05430002e+01   3.82848233e-02   5.44716656e-01           26
sample_118.dat   8.21663812e-02   9.16848359e+04   6.02119923e-01   1.05430002e+01   1.54455537e-02   1.69412240e-01           26
sample_119.dat   8.26332793e-02   8.94527344e+04   6.02118254e-01   1.05430002e+01   2.38896031e-02   3.51194650e-01           28
sample_120.dat   1.02753401e-01   5.48793789e+04   6.01477325e-01   1.05430002e+01   1.79532785e-02   2.55991191e-01           26
sample_121.dat   9.76879820e-02   6.11707930e+04   6.02683067e-01   1.05430002e+01   2.94706170e-02   4.94370490e-01           26
sample_122.dat   9.95640233e-02   5.86230000e+04   6.02404475e-01   1.05430002e+01   2.73658168e-02   2.66716331e-01           28
sample_123.dat   1.14903271e-01   4.15749062e+04   6.00395679e-01   1.05430002e+01   1.38634825e-02   1.02330163e-01           25
sample_124.dat   9.89858434e-02   6.01041367e+04   6.02250755e-01   1.05430002e+01   2.47726720e-02   5.25929093e-01           25
sample_125.dat   1.35608837e-01   2.91203516e+04   6.01704299e-01   1.05430002e+01   1.04340883e-02   1.78073511e-01           26
sample_126.dat   1.12975121e-01   4.34318633e+04   6.00141346e-01   1.05430002e+01   1.19457915e-02   2.65478164e-01           26
sample_127.dat   1.14084676e-01   4.32200781e+04   6.02280378e-01   1.05430002e+01   1.69374645e-02   1.24372721e-01           27
sample_128.dat   9.03810337e-02   7.26435156e+04   6.00333750e-01   1.05430002e+01   2.25144159e-02   1.74080521e-01           29
sample_129.dat   9.72086936e-02   6.20126055e+04   6.01218402e-01   1.05430002e+01   2.30557714e-02   1.39842808e-01           27
sample_130.dat   8.44792128e-02   8.66963438e+04   6.01990283e-01   1.05430002e+01   3.23224105e-02   4.38268811e-01           27
sample_131.dat   1.02756441e-01   5.40121758e+04   6.02625191e-01   1.05430002e+01   7.26253865e-03   1.32781848e-01           27
sample_132.dat   1.03747472e-01   5.27078320e+04   6.02071226e-01   1.05430002e+01   1.64697357e-02   3.12384903e-01           28
sample_133.dat   9.84946713e-02   6.03019805e+04   6.02455437e-01   1.05430002e+01   1.11223878e-02   3.04123372e-01           28
sample_134.dat   8.31432268e-02   9.04058359e+04   6.00490034e-01   1.05430002e+01   1.97474882e-02   1.57425791e-01           27
sample_135.dat   8.27208757e-02   9.01466094e+04   6.01986706e-01   1.05430002e+01   1.36439502e-02   4.53284025e-01           23
sample_136.dat   8.98220465e-02   7.57268438e+04   6.01271868e-01   1.05430002e+01   2.58985218e-02   1.79605052e-01           24
sample_137.dat   9.75342244e-02   6.07999062e+04   6.02542877e-01   1.05430002e+01   1.69899426e-02   1.74152449e-01           28
sample_138.dat   9.51945633e-02   6.58854453e+04   6.02568567e-01   1.05430002e+01   8.97537824e-03   4.21524584e-01           26
sample_139.dat   9.73439291e-02   6.17204570e+04   5.99072218e-01   1.05430002e+01   3.18118073e-02   3.61400932e-01           23
sample_140.dat   9.49281529e-02   6.51592305e+04   5.98769367e-01   1.05430002e+01   2.09669303e-02   1.12297744e-01           29
sample_141.dat   9.42602605e-02   6.55594688e+04   6.01044595e-01   1.05430002e+01   3.00086327e-02   2.60258079e-01           24
sample_142.dat   1.13371693e-01   4.29009258e+04   6.01298451e-01   1.05430002e+01   3.41275372e-02   2.37474188e-01           22
sample_143.dat   9.61442068e-02   6.33928672e+04   6.01647973e-01   1.05430002e+01   1.12014851e-02   4.78968173e-01           22
sample_144.dat   8.92415345e-02   7.60870781e+04   5.99653065e-01   1.05430002e+01   2.30139866e-02   2.86937654e-01           25
sample_145.dat   1.04573809e-01   5.15237539e+04   6.01103842e-01   1.05430002e+01   2.06553228e-02   1.16560414e-01           25
sample_146.dat   1.01928882e-01   5.57654375e+04   6.02610409e-01   1.05430002e+01   1.36775207e-02   2.59996861e-01           26
sample_147.dat   8.23613256e-02   9.17623125e+04   6.02625191e-01   1.05430002e+01   1.22774020e-02   4.63698596e-01           28
sample_148.dat   7.91652203e-02   1.00136078e+05   6.01661503e-01   1.05430002e+01   2.27557663e-02   5.25285304e-01           27
sample_149.dat   1.09236740e-01   4.64560039e+04   5.99974394e-01   1.05430002e+01   2.74876524e-02   3.02761704e-01           24
sample_150.dat   9.34879854e-02   6.77603047e+04   6.00033164e-01   1.05430002e+01   1.59831867e-02   3.74818772e-01           27
sample_151.dat   9.04061794e-02   7.37371484e+04   6.01740062e-01   1.05430002e+01   1.81431454e-02   3.00331742e-01           26
sample_152.dat   1.08659461e-01   4.79261602e+04   6.00860834e-01   1.05430002e+01   7.96347763e-03   4.09499973e-01           26
sample_153.dat   1.30335674e-01   3.17845527e+04   6.01386786e-01   1.05430002e+01   9.68775898e-03   4.86750185e-01           23
sample_154.dat   1.11772291e-01   4.47587305e+04   6.01590514e-01   1.05430002e+01   2.55474634e-02   2.64608920e-01           28
sample_155.dat   8.83951560e-02   7.79908047e+04   6.00738883e-01   1.05430002e+01   2.06421930e-02   1.00125313e-01           25
sample_156.dat   9.61718634e-02   6.54260586e+04   6.01554573e-01   1.05430002e+01   1.52804675e-02   2.25401700e-01           30
sample_157.dat   1.03505440e-01   5.34043906e+04   6.02486312e-01   1.05430002e+01   1.62585787e-02   1.83044046e-01           26
sample_158.dat   1.07522398e-01   4.95997930e+04   6.02365851e-01   1.05430002e+01   3.02331578e-02   2.35814303e-01           28
sample_159.dat   1.03696622e-01   5.25125664e+04   5.99124968e-01   1.05430002e+01   2.11953875e-02   5.65214515e-01           22
sample_160.dat   1.06209330e-01   5.02165781e+04   6.02172077e-01   1.05430002e+01   3.34220454e-02   7.56774127e-01           25
sample_161.dat   9.89838764e-02   5.89772305e+04   6.01341724e-01   1.05430002e+01   2.05181520e-02   2.61496663e-01           27
sample_162.dat   9.00357217e-02   7.36195391e+04   6.02324486e-01   1.05430002e+01   2.16687657e-02   6.18607461e-01           25
sample_163.dat   1.08136714e-01   4.82443164e+04   5.99125445e-01   1.05430002e+01   2.31094416e-02   2.33049020e-01           28
sample_164.dat   7.69275129e-02   1.09783555e+05   6.00905657e-01   1.05430002e+01   1.33701917e-02   2.29961023e-01           27
sample_165.dat   1.06941998e-01   5.06150977e+04   6.01525128e-01   1.05430002e+01   2.18177587e-02   2.83078641e-01           28
sample_166.dat   1.12776451e-01   4.45454648e+04   6.02345049e-01   1.05430002e+01   7.29497569e-03   2.63386637e-01           25
sample_167.dat   9.27492529e-02   6.98628906e+04   6.02102220e-01   1.05430002e+01   2.32171621e-02   3.99290532e-01           28
sample_168.dat   8.39072242e-02   8.84026484e+04   6.02295578e-01   1.05430002e+01   2.88896281e-02   5.79664707e-01           27
sample_169.dat   9.84573737e-02   5.98678789e+04   6.02549374e-01   1.05430002e+01   2.41148639e-02   3.51656228e-01           24
sample_170.dat   9.55914259e-02   6.34415977e+04   6.02002680e-01   1.05430002e+01   2.96376962e-02   5.69502771e-01           23
sample_171.dat   1.07208028e-01   4.88499102e+04   6.02052331e-01   1.05430002e+01   1.84501968e-02   1.04227461e-01           27
sample_172.dat   8.79195184e-02   7.88436562e+04   6.01385772e-01   1.05430002e+01   3.16144340e-02   1.49372205e-01           29
sample_173.dat   1.00979358e-01   5.70219727e+04   6.02137268e-01   1.05430002e+01   1.47253331e-02   2.32654601e-01           30
sample_174.dat   1.08375706e-01   4.85123633e+04   6.00935042e-01   1.05430002e+01   1.73023380e-02   3.97546053e-01           25
sample_175.dat   1.16269022e-01   4.09204258e+04   6.02548182e-01   1.05430002e+01   3.21885310e-02   5.80658853e-01           28
sample_176.dat   9.39355865e-02   6.73444922e+04   6.01599932e-01   1.05430002e+01   2.31186692e-02   7.73725331e-01           24
sample_177.dat   8.19564387e-02   9.39848594e+04   6.02115631e-01   1.05430002e+01   2.56900210e-02   2.17803165e-01           29
sample_178.dat   1.01792336e-01   5.57442070e+04   6.02092087e-01   1.05430002e+01   2.30133869e-02   7.45775253e-02           23
sample_179.dat   1.07252508e-01   4.96985078e+04   6.02441609e-01   1.05430002e+01   1.37669221e-02   3.22280884e-01           29
sample_180.dat   7.52894878e-02   1.14848445e+05   6.00462258e-01   1.05430002e+01   1.24793071e-02   2.02189520e-01           26
sample_181.dat   9.67011675e-02   6.41026289e+04   6.02422357e-01   1.05430002e+01   1.12463627e-02   2.35385612e-01           27
sample_182.dat   9.36197266e-02   6.88718984e+04   6.01661503e-01   1.05430002e+01   9.63715557e-03   3.01633418e-01           28
sample_183.dat   1.30547255e-01   3.16826914e+04   6.01569295e-01   1.05430002e+01   2.66311411e-02   4.94007051e-01           26
sample_184.dat   9.51808766e-02   6.49665664e+04   6.00617111e-01   1.05430002e+01   3.70428921e-03   1.36873201e-01           26
sample_185.dat   1.12852305e-01   4.36380664e+04   6.02682412e-01   1.05430002e+01   1.71554331e-02   1.47394657e-01           28
sample_186.dat   1.02174401e-01   5.49888203e+04   5.99649310e-01   1.05430002e+01   4.35462184e-02   2.10901275e-01           26
sample_187.dat   9.07505825e-02   7.28942734e+04   6.02280855e-01   1.05430002e+01   1.88704617e-02   3.13604385e-01           28
sample_188.dat   9.11257863e-02   7.33392500e+04   5.98131597e-01   1.05430002e+01   1.45778302e-02   2.70550251e-01           26
sample_189.dat   1.00678273e-01   5.73407852e+04   6.02198064e-01   1.05430002e+01   3.36387381e-02   2.07883611e-01           24
sample_190.dat   1.02992408e-01   5.44797930e+04   6.01997197e-01   1.05430002e+01   1.82907563e-02   3.42290342e-01           25
sample_191.dat   1.16307452e-01   4.10350547e+04   6.02519751e-01   1.05430002e+01   2.04951540e-02   2.90495604e-01           28
sample_192.dat   1.01861596e-01   5.60474375e+04   6.01777613e-01   1.05430002e+01   2.12065093e-02   3.85654032e-01           29
sample_193.dat   8.84202197e-02   7.76475234e+04   6.01571202e-01   1.05430002e+01   3.32433283e-02   2.17504501e-01           26
sample_194.dat   1.02045417e-01   5.51430820e+04   6.02450907e-01   1.05430002e+01   2.15541944e-02   2.97731608e-01           27
sample_195.dat   9.53440368e-02   6.61932344e+04   6.01525128e-01   1.05430002e+01   3.26580890e-02   2.60755420e-01           27
sample_196.dat   1.02131411e-01   5.53848438e+04   6.02669179e-01   1.05430002e+01   2.09243391e-02   5.91615021e-01           27
sample_197.dat   8.77205804e-02   7.91513594e+04   6.02167666e-01   1.05430002e+01   2.73286700e-02   1.70221418e-01           26
sample_198.dat   1.02300555e-01   5.46619258e+04   6.00110590e-01   1.05430002e+01   2.45373100e-02   2.38064915e-01           26
sample_199.dat   8.94223601e-02   7.49872656e+04   6.01428568e-01   1.05430002e+01   8.79510213e-03   2.91743279e-01           26
sample_200.dat   1.08024359e-01   1.02495617e+05   6.02018774e-01   2.25550003e+01   2.30130777e-02   2.41485059e-01           25
sample_201.dat   9.48309451e-02   1.38735812e+05   6.02128029e-01   2.25550003e+01   1.45751499e-02   4.72124368e-01           28
sample_202.dat   9.82714891e-02   1.27056078e+05   6.02670193e-01   2.25550003e+01   1.92770083e-02   1.03362024e-01           27
sample_203.dat   1.05613649e-01   1.07818164e+05   6.02410674e-01   2.25550003e+01   1.24921650e-02   1.37452975e-01           29
sample_204.dat   9.72688198e-02   1.31856406e+05   6.00877821e-01   2.25550003e+01   1.99455190e-02   1.00739419e-01           29
sample_205.dat   9.86694172e-02   1.25437984e+05   6.02163076e-01   2.25550003e+01   1.89952124e-02   1.22196428e-01           25
sample_206.dat   9.71835256e-02   1.31601438e+05   6.00414693e-01   2.25550003e+01   1.63460225e-02   5.77766895e-01           25
sample_207.dat   9.81299728e-02   1.28887242e+05   6.02665067e-01   2.25550003e+01   2.35856753e-02   1.10118695e-01           28
sample_208.dat   1.03610247e-01   1.13307352e+05   6.02255881e-01   2.25550003e+01   1.28175886e-02   2.42984086e-01           30
sample_209.dat   1.09858885e-01   9.83889766e+04   6.02295578e-01   2.25550003e+01   1.28337545e-02   1.80482134e-01           29
sample_210.dat   9.29752886e-02   1.44988047e+05   6.02625251e-01   2.25550003e+01   1.44630196e-02   3.68458867e-01           26
sample_211.dat   9.26995650e-02   1.48018750e+05   6.02431178e-01   2.25550003e+01   1.50493011e-02   3.31678778e-01           29
sample_212.dat   9.90196466e-02   1.25078422e+05   6.02006078e-01   2.25550003e+01   1.54120792e-02   3.24787676e-01           23
sample_213.dat   1.03237338e-01   1.15586875e+05   6.02548182e-01   2.25550003e+01   1.64114665e-02   2.68606037e-01           26
sample_214.dat   9.31382850e-02   1.44994016e+05   6.01617575e-01   2.25550003e+01   9.94691905e-03   3.38667989e-01           23
sample_215.dat   1.23883732e-01   7.51044219e+04   6.02588475e-01   2.25550003e+01   1.34513984e-02   1.37136236e-01           23
sample_216.dat   1.08050108e-01   1.02978867e+05   6.00935519e-01   2.25550003e+01   1.57382861e-02   3.38332951e-01           27
sample_217.dat   1.04538791e-01   1.10611891e+05   6.02247417e-01   2.25550003e+01   2.09784843e-02   1.84899792e-01           25
sample_218.dat   1.11323975e-01   9.62325000e+04   6.01616621e-01   2.25550003e+01   1.53532829e-02   1.16659649e-01           27
sample_219.dat   1.09820873e-01   9.91771797e+04   6.02668822e-01   2.25550003e+01   1.87104866e-02   2.33244807e-01           27
sample_220.dat   9.70290601e-02   1.32478031e+05   6.02657437e-01   2.25550003e+01   1.46484422e-02   2.02105790e-01           30
sample_221.dat   1.11635894e-01   9.47033672e+04   6.02486312e-01   2.25550003e+01   1.52147915e-02   3.00824285e-01           25
sample_222.dat   9.34016183e-02   1.42810203e+05   6.02316141e-01   2.25550003e+01   1.08720576e-02   1.63576350e-01           25
sample_223.dat   9.77678448e-02   1.30147117e+05   6.01143539e-01   2.25550003e+01   9.54615418e-03   2.67763317e-01           25
sample_224.dat   1.04914531e-01   1.09687156e+05   6.02430344e-01   2.25550003e+01   2.27391776e-02   1.44794360e-01           27
sample_225.dat   1.03401408e-01   1.14217219e+05   6.02512419e-01   2.25550003e+01   1.17738545e-02   2.03603834e-01           28
sample_226.dat   1.06807023e-01   1.05201750e+05   6.02410674e-01   2.25550003e+01   2.12170854e-02   3.84040594e-01           27
sample_227.dat   1.05026662e-01   1.08722141e+05   6.02301300e-01   2.25550003e+01   2.34165713e-02   2.98320055e-01           26
sample_228.dat   9.05631632e-02   1.53818875e+05   6.02324486e-01   2.25550003e+01   2.08765678e-02   4.39949453e-01           26
sample_229.dat   9.93526131e-02   1.26673883e+05   6.02586329e-01   2.25550003e+01   1.58095155e-02   2.47944534e-01           26
sample_230.dat   9.31792259e-02   1.45372641e+05   6.01317108e-01   2.25550003e+01   1.71973724e-02   2.48312294e-01           24
sample_231.dat   9.87325087e-02   1.25303617e+05   6.02071226e-01   2.25550003e+01   1.51494984e-02   4.57728922e-01           25
sample_232.dat   9.39086974e-02   1.40976469e+05   6.02684617e-01   2.25550003e+01   8.15323833e-03   1.25350848e-01           26
sample_233.dat   1.11155935e-01   9.66835234e+04   6.01989985e-01   2.25550003e+01   1.16490684e-02   1.67549223e-01           27
sample_234.dat   9.58802402e-02   1.36131375e+05   6.02477312e-01   2.25550003e+01   1.90814119e-02   2.74250656e-01           29
sample_235.dat   1.03813671e-01   1.12421344e+05   6.00885272e-01   2.25550003e+01   9.01841931e-03   1.44792080e-01           28
sample_236.dat   9.60329771e-02   1.34459688e+05   6.02350473e-01   2.25550003e+01   2.40622219e-02   1.20161101e-01           26
sample_237.dat   1.02190793e-01   1.17400492e+05   6.02375984e-01   2.25550003e+01   2.61201914e-02   2.99776584e-01           29
sample_238.dat   9.50988978e-02   1.37690859e+05   6.02597296e-01   2.25550003e+01   2.37614922e-02   1.57668903e-01           27
sample_239.dat   1.15058497e-01   8.89146562e+04   6.01975560e-01   2.25550003e+01   1.91180892e-02   1.28794804e-01           27
sample_240.dat   1.15319677e-01   8.86203828e+04   6.01133466e-01   2.25550003e+01   1.98161136e-02   3.27047318e-01           28
sample_241.dat   1.04193665e-01   1.12006500e+05   6.02589846e-01   2.25550003e+01   1.15038957e-02   4.55525160e-01           28
sample_242.dat   1.03409030e-01   1.13158312e+05   6.02597296e-01   2.25550003e+01   1.71485357e-02   1.98763847e-01           26
sample_243.dat   1.01733923e-01   1.18686883e+05   6.02278173e-01   2.25550003e+01   1.04275206e-02   3.10295492e-01           28
sample_244.dat   9.72839594e-02   1.30931984e+05   6.01867974e-01   2.25550003e+01   4.53009270e-03   1.57900140e-01           27
sample_245.dat   9.96413007e-02   1.24718453e+05   6.02625191e-01   2.25550003e+01   1.53116127e-02   1.69757485e-01           28
sample_246.dat   9.90134999e-02   1.26107234e+05   6.02287471e-01   2.25550003e+01   1.41048497e-02   1.55785382e-01           26
sample_247.dat   1.14715971e-01   8.93309609e+04   6.02450907e-01   2.25550003e+01   2.04973556e-02   1.31625846e-01           27
sample_248.dat   1.03415936e-01   1.13175898e+05   6.02325439e-01   2.25550003e+01   8.20404850e-03   3.31011742e-01           24
sample_249.dat   9.72011983e-02   1.32217047e+05   6.01165354e-01   2.25550003e+01   1.29294479e-02   3.94858688e-01           30
sample_250.dat   8.82449448e-02   1.63680328e+05   6.02655470e-01   2.25550003e+01   1.92637574e-02   1.79842100e-01           20
sample_251.dat   1.07124217e-01   1.04855984e+05   6.01744115e-01   2.25550003e+01   2.31242068e-02   8.44975859e-02           25
sample_252.dat   9.05519873e-02   1.54720312e+05   6.02090597e-01   2.25550003e+01   4.64624586e-03   2.24062711e-01           25
sample_253.dat   1.14168845e-01   8.99497344e+04   6.02379918e-01   2.25550003e+01   2.16246843e-02   1.49564728e-01           24
sample_254.dat   8.82439986e-02   1.65033281e+05   6.02607608e-01   2.25550003e+01   8.72680638e-03   1.77514941e-01           27
sample_255.dat   9.79220793e-02   1.28007234e+05   6.00097477e-01   2.25550003e+01   2.05651652e-02   2.59428501e-01           27
sample_256.dat   9.33411717e-02   1.43633422e+05   6.02644324e-01   2.25550003e+01   2.65775435e-02   1.71034500e-01           28
sample_257.dat   1.10755138e-01   9.70818516e+04   6.02351665e-01   2.25550003e+01   1.42294588e-02   1.80631354e-01           28
sample_258.dat   9.87573043e-02   1.26430219e+05   6.02288246e-01   2.25550003e+01   1.67602822e-02   2.61550426e-01           24
sample_259.dat   1.00806311e-01   1.19002984e+05   6.01850986e-01   2.25550003e+01   9.91831813e-03   1.23049319e-01           24
sample_260.dat   8.61376226e-02   1.72740078e+05   6.02163076e-01   2.25550003e+01   1.95350088e-02   1.71488419e-01           24
sample_261.dat   9.37770680e-02   1.41432328e+05   6.02263868e-01   2.25550003e+01   1.68400276e-02   1.52432323e-01           24
sample_262.dat   1.02443546e-01   1.15562984e+05   6.02581322e-01   2.25550003e+01   1.49202803e-02   8.44311193e-02           26
sample_263.dat   9.67395902e-02   1.31895594e+05   6.02555573e-01   2.25550003e+01   1.28884492e-02   1.13609403e-01           26
sample_264.dat   1.11473553e-01   9.41171406e+04   6.02626979e-01   2.25550003e+01   3.43955420e-02   4.18740630e-01           27
sample_265.dat   9.98138934e-02   1.23736039e+05   6.02491677e-01   2.25550003e+01   1.38192279e-02   5.64141333e-01           24
sample_266.dat   9.15664807e-02   1.50959094e+05   6.02515578e-01   2.25550003e+01   1.68580543e-02   2.35516474e-01           28
sample_267.dat   9.27978829e-02   1.46705047e+05   6.02631450e-01   2.25550003e+01   1.77280121e-02   1.50367156e-01           27
sample_268.dat   1.02585085e-01   1.15798469e+05   6.02130234e-01   2.25550003e+01   3.03584542e-02   1.76489383e-01           27
sample_269.dat   1.22230314e-01   7.69364219e+04   6.02434397e-01   2.25550003e+01   2.75805648e-02   1.97729588e-01           29
sample_270.dat   9.13071111e-02   1.51240719e+05   6.01990283e-01   2.25550003e+01   2.14301310e-02   4.75366771e-01           27
sample_271.dat   1.01037100e-01   1.19947414e+05   6.01388335e-01   2.25550003e+01   1.03636645e-02   1.69411540e-01           28
sample_272.dat   1.00723982e-01   1.19820195e+05   6.02449834e-01   2.25550003e+01   2.18022764e-02   3.29744518e-01           25
sample_273.dat   9.55633521e-02   1.36065250e+05   6.02441609e-01   2.25550003e+01   1.56582538e-02   2.03269318e-01           26
sample_274.dat   1.07000537e-01   1.04295836e+05   6.02175057e-01   2.25550003e+01   1.24686873e-02   1.56766683e-01           26
sample_275.dat   1.05895184e-01   1.07509180e+05   6.02645934e-01   2.25550003e+01   2.24774238e-02   6.54590011e-01           26
sample_276.dat   1.03634156e-01   1.13467016e+05   6.02412641e-01   2.25550003e+01   2.10352670e-02   5.39040685e-01           28
sample_277.dat   9.98115465e-02   1.24097547e+05   6.02270782e-01   2.25550003e+01   2.02129465e-02   3.02098602e-01           27
sample_278.dat   1.06087238e-01   1.07178672e+05   6.02683067e-01   2.25550003e+01   2.24481001e-02   3.35434884e-01           27
sample_279.dat   9.71540958e-02   1.30772641e+05   6.02228642e-01   2.25550003e+01   1.91960875e-02   1.68659344e-01           28
sample_280.dat   9.63715464e-02   1.33595906e+05   6.02657437e-01   2.25550003e+01   1.74720697e-02   3.33996803e-01           29
sample_281.dat   9.86929089e-02   1.25994031e+05   6.02495790e-01   2.25550003e+01   2.09425483e-02   1.82810932e-01           26
sample_282.dat   9.69048515e-02   1.31387547e+05   6.02546334e-01   2.25550003e+01   3.25388671e-03   5.03083229e-01           27
sample_283.dat   9.64386836e-02   1.32689500e+05   6.02215946e-01   2.25550003e+01   9.98099241e-03   2.27837920e-01           24
sample_284.dat   1.00650132e-01   1.21451797e+05   6.01999104e-01   2.25550003e+01   1.07132522e-02   1.21308066e-01           29
sample_285.dat   9.84542891e-02   1.28288289e+05   6.02661192e-01   2.25550003e+01   2.47054882e-02   3.30057740e-01           29
sample_286.dat   1.03082478e-01   1.13921023e+05   6.02655470e-01   2.25550003e+01   1.30889704e-02   2.43703634e-01           27
sample_287.dat   1.06528923e-01   1.05375438e+05   6.02586567e-01   2.25550003e+01   1.79187227e-02   1.49982557e-01           26
sample_288.dat   9.55902487e-02   1.35040297e+05   6.02316558e-01   2.25550003e+01   2.72630919e-02   2.86616057e-01           25
sample_289.dat   9.74482298e-02   1.29229492e+05   6.02324069e-01   2.25550003e+01   1.34076076e-02   3.59694093e-01           27
sample_290.dat   1.09073937e-01   1.00848336e+05   6.01914585e-01   2.25550003e+01   2.03085579e-02   1.80692345e-01           28
sample_291.dat   1.06769435e-01   1.05323547e+05   6.02658808e-01   2.25550003e+01   2.39974037e-02   4.19782519e-01           29
sample_292.dat   1.03966922e-01   1.12282977e+05   6.01619601e-01   2.25550003e+01   1.76329333e-02   2.78453201e-01           27
sample_293.dat   9.51803550e-02   1.39111703e+05   6.02674544e-01   2.25550003e+01   9.79423989e-03   1.67536169e-01           30
sample_294.dat   9.77984518e-02   1.28805156e+05   6.01967156e-01   2.25550003e+01   1.46100949e-02   3.44226837e-01           26
sample_295.dat   9.65968817e-02   1.33010578e+05   6.02671027e-01   2.25550003e+01   2.00709254e-02   3.79528672e-01           29
sample_296.dat   8.88391137e-02   1.60797422e+05   6.02375984e-01   2.25550003e+01   2.42437031e-02   6.24198377e-01           27
sample_297.dat   1.01051174e-01   1.19589141e+05   6.02611303e-01   2.25550003e+01   2.02238094e-02   1.21163145e-01           29
sample_298.dat   1.02324285e-01   1.16686438e+05   6.01943374e-01   2.25550003e+01   1.94155276e-02   1.20787419e-01           26
sample_299.dat   9.83837172e-02   1.27237594e+05   6.01520896e-01   2.25550003e+01   1.68810282e-02   3.13262612e-01           27
sample_300.dat   1.11242972e-01   2.04496172e+05   6.02548182e-01   4.84900017e+01   2.20451634e-02   2.51960695e-01           27
sample_301.dat   1.02232136e-01   2.47418422e+05   6.02430344e-01   4.84900017e+01   1.16997343e-02   4.04096663e-01           26
sample_302.dat   1.02685012e-01   2.48691812e+05   6.02490783e-01   4.84900017e+01   1.69560518e-02   1.93632528e-01           30
sample_303.dat   9.90559608e-02   2.68527125e+05   6.02537274e-01   4.84900017e+01   1.54139493e-02   1.71321094e-01           27
sample_304.dat   1.05214648e-01   2.31985500e+05   6.02684617e-01   4.84900017e+01   2.12966111e-02   1.60916910e-01           30
sample_305.dat   1.07994318e-01   2.17305688e+05   6.02611303e-01   4.84900017e+01   1.39743201e-02   3.40077907e-01           26
sample_306.dat   1.04655571e-01   2.33927188e+05   6.02645934e-01   4.84900017e+01   1.96865369e-02   2.34304696e-01           25
sample_307.dat   1.12379037e-01   1.99719844e+05   6.02404475e-01   4.84900017e+01   2.21430380e-02   1.26640737e-01           30
sample_308.dat   1.10119216e-01   2.08542922e+05   6.02586329e-01   4.84900017e+01   1.18265962e-02   3.93878490e-01           25
sample_309.dat   1.03206396e-01   2.42555297e+05   6.02512419e-01   4.84900017e+01   8.18222202e-03   2.14403287e-01           27
sample_310.dat   9.94440392e-02   2.65507281e+05   6.02525234e-01   4.84900017e+01   1.67862345e-02   3.75487000e-01           29
sample_311.dat   9.78364646e-02   2.74073656e+05   6.02537513e-01   4.84900017e+01   2.32262537e-02   1.48330271e-01           25
sample_312.dat   8.88901129e-02   3.48614406e+05   6.02668345e-01   4.84900017e+01   1.41792130e-02   4.61394519e-01           28
sample_313.dat   1.03201956e-01   2.44001812e+05   6.02015495e-01   4.84900017e+01   1.99749228e-02   1.38491303e-01           27
sample_314.dat   9.51928496e-02   2.91988094e+05   6.02351665e-01   4.84900017e+01   1.33763319e-02   4.04761314e-01           22
sample_315.dat   9.45133492e-02   2.99950375e+05   6.02625251e-01   4.84900017e+01   1.00524696e-02   1.88869923e-01           28
sample_316.dat   1.04647048e-01   2.35237359e+05   6.02568567e-01   4.84900017e+01   1.79062020e-02   2.06109077e-01           29
sample_317.dat   1.05062358e-01   2.32121109e+05   6.02689624e-01   4.84900017e+01   1.44157810e-02   1.55179858e-01           27
sample_318.dat   1.00635372e-01   2.59711078e+05   6.02316141e-01   4.84900017e+01   1.11584226e-02   3.36865634e-01           28
sample_319.dat   9.90421697e-02   2.68382062e+05   6.02449834e-01   4.84900017e+01   1.06861088e-02   8.60280618e-02           25
sample_320.dat   1.04974195e-01   2.33783328e+05   6.02486312e-01   4.84900017e+01   2.39540841e-02   1.42137945e-01           29
sample_321.dat   9.97644737e-02   2.63120781e+05   6.02625251e-01   4.84900017e+01   8.91483482e-03   9.17010829e-02           29
sample_322.dat   1.07313044e-01   2.21798422e+05   6.02674544e-01   4.84900017e+01   2.18557753e-02   1.35687590e-01           26
sample_323.dat   1.04417764e-01   2.39221516e+05   6.02546334e-01   4.84900017e+01   2.42467113e-02   1.23508550e-01           29
sample_324.dat   9.51341018e-02   2.95331375e+05   6.02312803e-01   4.84900017e+01   1.36740543e-02   1.64245009e-01           29
sample_325.dat   1.02628775e-01   2.47885766e+05   6.02691889e-01   4.84900017e+01   1.05559388e-02   2.12593481e-01           27
sample_326.dat   1.04178749e-01   2.39202719e+05   6.02346063e-01   4.84900017e+01   9.19754151e-03   1.10517450e-01           30
sample_327.dat   9.56718400e-02   2.91241875e+05   6.02486312e-01   4.84900017e+01   9.26297158e-03   1.69648498e-01           28
sample_328.dat   1.02395482e-01   2.47310875e+05   6.02692246e-01   4.84900017e+01   1.49619123e-02   1.04560658e-01           27
sample_329.dat   9.93091390e-02   2.66875625e+05   6.02469444e-01   4.84900017e+01   1.80994235e-02   1.80692762e-01           28
sample_330.dat   1.07906692e-01   2.20335125e+05   6.02658808e-01   4.84900017e+01   1.76444780e-02   2.39167929e-01           28
sample_331.dat   1.09337755e-01   2.12974703e+05   6.02555573e-01   4.84900017e+01   2.90037338e-02   3.29466820e-01           26
sample_332.dat   9.86212492e-02   2.68869656e+05   6.02603912e-01   4.84900017e+01   1.50924316e-02   2.68214971e-01           26
sample_333.dat   1.04472868e-01   2.38297094e+05   6.02214575e-01   4.84900017e+01   1.17120622e-02   1.21955261e-01           30
sample_334.dat   9.31884870e-02   3.10760875e+05   6.02627337e-01   4.84900017e+01   1.44027406e-02   1.40982360e-01           28
sample_335.dat   9.62641388e-02   2.87549062e+05   6.02399290e-01   4.84900017e+01   1.43775148e-02   1.24543078e-01           30
sample_336.dat   1.03870079e-01   2.38351656e+05   6.02692246e-01   4.84900017e+01   1.43554183e-02   3.66333216e-01           28
sample_337.dat   1.03811212e-01   2.39558172e+05   6.02316558e-01   4.84900017e+01   9.91905294e-03   2.07379535e-01           29
sample_338.dat   1.04636677e-01   2.36994875e+05   6.02602661e-01   4.84900017e+01   1.34634618e-02   3.23447824e-01           30
sample_339.dat   1.05670407e-01   2.31654234e+05   6.02657437e-01   4.84900017e+01   1.43571813e-02   8.93830881e-02           27
sample_340.dat   1.05418496e-01   2.32543312e+05   6.02153122e-01   4.84900017e+01   9.68810264e-03   1.50171474e-01           30
sample_341.dat   1.02107681e-01   2.48656938e+05   6.02256000e-01   4.84900017e+01   2.07312983e-02   5.59122264e-01           26
sample_342.dat   1.02130473e-01   2.49187797e+05   6.02522492e-01   4.84900017e+01   1.92429479e-02   1.84981242e-01           28
sample_343.dat   1.09545022e-01   2.11642438e+05   6.02495909e-01   4.84900017e+01   1.19927535e-02   6.43109977e-02           30
sample_344.dat   1.06735215e-01   2.25158734e+05   6.02473021e-01   4.84900017e+01   1.07805338e-02   1.26389518e-01           27
sample_345.dat   1.00145191e-01   2.59279531e+05   6.02679849e-01   4.84900017e+01   1.36051858e-02   1.24221988e-01           22
sample_346.dat   9.69693065e-02   2.80778844e+05   6.02370679e-01   4.84900017e+01   1.05514918e-02   2.09593177e-01           27
sample_347.dat   1.09543376e-01   2.12297547e+05   6.02597594e-01   4.84900017e+01   2.40179971e-02   1.41312629e-01           28
sample_348.dat   1.07988685e-01   2.19403672e+05   6.01789236e-01   4.84900017e+01   2.22458597e-02   1.08955525e-01           29
sample_349.dat   1.08247876e-01   2.15997156e+05   6.02546990e-01   4.84900017e+01   5.20175695e-03   2.59961009e-01           25
sample_350.dat   1.01394899e-01   2.53432062e+05   6.02627337e-01   4.84900017e+01   1.67329777e-02   1.47557214e-01           28
sample_351.dat   9.17655900e-02   3.19344500e+05   6.02412641e-01   4.84900017e+01   1.85567383e-02   1.43994898e-01           27
sample_352.dat   1.02825738e-01   2.45643672e+05   6.02676153e-01   4.84900017e+01   2.00489499e-02   2.04973087e-01           29
sample_353.dat   9.88334492e-02   2.68295500e+05   6.02655470e-01   4.84900017e+01   1.16901333e-02   3.64719450e-01           26
sample_354.dat   1.00239016e-01   2.59945266e+05   6.02515578e-01   4.84900017e+01   1.84941906e-02   1.48504555e-01           24
sample_355.dat   1.02225624e-01   2.50492641e+05   6.02589846e-01   4.84900017e+01   1.12204906e-02   2.46442094e-01           30
sample_356.dat   1.06640235e-01   2.25832234e+05   6.02573812e-01   4.84900017e+01   2.18598545e-02   3.28785896e-01           27
sample_357.dat   1.06227279e-01   2.26708156e+05   6.02568567e-01   4.84900017e+01   1.26609728e-02   6.49558455e-02           27
sample_358.dat   1.01953268e-01   2.49417719e+05   6.02568567e-01   4.84900017e+01   1.06332516e-02   3.19815665e-01           27
sample_359.dat   1.06625319e-01   2.25964781e+05   6.02689624e-01   4.84900017e+01   1.34183960e-02   1.63483441e-01           27
sample_360.dat   1.03027910e-01   2.45239453e+05   6.02683067e-01   4.84900017e+01   1.43323345e-02   1.42080560e-01           30
sample_361.dat   9.98715088e-02   2.64169406e+05   6.02540791e-01   4.84900017e+01   9.88110341e-03   1.27930954e-01           27
sample_362.dat   1.12756528e-01   1.98850906e+05   6.02627754e-01   4.84900017e+01   1.64291188e-02   1.61460370e-01           28
sample_363.dat   1.04219571e-01   2.37294859e+05   6.02559686e-01   4.84900017e+01   1.32332295e-02   2.17078537e-01           26
sample_364.dat   9.16338116e-02   3.24379250e+05   6.02345705e-01   4.84900017e+01   7.24228984e-03   1.44662201e-01           29
sample_365.dat   1.01211153e-01   2.53141047e+05   6.02042317e-01   4.84900017e+01   2.04028841e-02   2.15159118e-01           26
sample_366.dat   9.70582813e-02   2.80798562e+05   6.02301300e-01   4.84900017e+01   2.56468300e-02   1.88638419e-01           27
sample_367.dat   9.81716514e-02   2.73159250e+05   6.02637231e-01   4.84900017e+01   5.07088797e-03   1.24526016e-01           26
sample_368.dat   9.62000862e-02   2.86064594e+05   6.02379918e-01   4.84900017e+01   1.49370153e-02   1.69792905e-01           28
sample_369.dat   9.30861458e-02   3.11025156e+05   6.02468073e-01   4.84900017e+01   2.19991021e-02   1.57107651e-01           29
sample_370.dat   9.91097912e-02   2.66154969e+05   6.02375984e-01   4.84900017e+01   1.72867030e-02   1.59830213e-01           25
sample_371.dat   9.84671414e-02   2.70425719e+05   6.02540791e-01   4.84900017e+01   3.29639832e-03   6.54418468e-01           25
sample_372.dat   1.13709085e-01   1.95414469e+05   6.02668345e-01   4.84900017e+01   1.24892471e-02   1.92761049e-01           28
sample_373.dat   1.00608945e-01   2.57731953e+05   6.02603912e-01   4.84900017e+01   6.02634111e-03   1.26779169e-01           27
sample_374.dat   9.64336619e-02   2.83879719e+05   6.02410674e-01   4.84900017e+01   1.12221185e-02   1.44292653e-01           27
sample_375.dat   1.05722204e-01   2.29291344e+05   6.02399290e-01   4.84900017e+01   9.56394058e-03   2.45355844e-01           28
sample_376.dat   1.02861091e-01   2.45579703e+05   6.02691889e-01   4.84900017e+01   1.53811797e-02   3.84568036e-01           29
sample_377.dat   1.02509573e-01   2.47548516e+05   6.02344930e-01   4.84900017e+01   1.97849404e-02   4.17421073e-01           29
sample_378.dat   1.07713342e-01   2.20710016e+05   6.02346063e-01   4.84900017e+01   1.88802853e-02   1.62389249e-01           26
sample_379.dat   1.02395497e-01   2.48104953e+05   6.02538407e-01   4.84900017e+01   2.36074086e-02   3.73387933e-01           29
sample_380.dat   1.07782051e-01   2.20289312e+05   6.02523208e-01   4.84900017e+01   1.25472080e-02   2.18896747e-01           29
sample_381.dat   1.06210023e-01   2.27364594e+05   6.02394462e-01   4.84900017e+01   2.42329966e-02   1.59152150e-01           27
sample_382.dat   1.02195337e-01   2.49141047e+05   6.02483034e-01   4.84900017e+01   1.85754150e-02   2.84216583e-01           26
sample_383.dat   9.70300138e-02   2.83062375e+05   6.02222562e-01   4.84900017e+01   3.06833200e-02   4.08642530e-01           28
sample_384.dat   1.13182828e-01   1.97270938e+05   6.02380514e-01   4.84900017e+01   1.72444880e-02   1.22495160e-01           28
sample_385.dat   1.07273206e-01   2.22605375e+05   6.02549732e-01   4.84900017e+01   1.19537907e-02   3.40133697e-01           27
sample_386.dat   1.03193834e-01   2.43594781e+05   6.02637231e-01   4.84900017e+01   1.39078898e-02   1.80483654e-01           24
sample_387.dat   1.01500615e-01   2.53458594e+05   6.02491677e-01   4.84900017e+01   1.42962430e-02   1.33227840e-01           25
sample_388.dat   9.58777815e-02   2.89422125e+05   6.02199554e-01   4.84900017e+01   3.52061959e-03   2.41494402e-01           28
sample_389.dat   1.00935094e-01   2.56732266e+05   6.02447748e-01   4.84900017e+01   1.06300302e-02   1.56333193e-01           27
sample_390.dat   9.92040113e-02   2.66034719e+05   6.02611303e-01   4.84900017e+01   6.46212790e-03   2.63760328e-01           27
sample_391.dat   1.05059989e-01   2.35729938e+05   6.02671027e-01   4.84900017e+01   8.96602962e-03   1.11482456e-01           30
sample_392.dat   9.68808904e-02   2.84894312e+05   6.02611303e-01   4.84900017e+01   1.72387101e-02   1.77098289e-01           28
sample_393.dat   1.00472674e-01   2.58787844e+05   6.02644324e-01   4.84900017e+01   2.11978424e-02   2.44639352e-01           28
sample_394.dat   1.06845185e-01   2.24844281e+05   6.02627754e-01   4.84900017e+01   1.07932976e-02   1.63067833e-01           27
sample_395.dat   1.00852706e-01   2.55872641e+05   6.02597594e-01   4.84900017e+01   1.82423461e-02   1.68788001e-01           25
sample_396.dat   1.05569981e-01   2.30665156e+05   6.02473021e-01   4.84900017e+01   1.37692094e-02   4.31098014e-01           27
sample_397.dat   1.08750477e-01   2.14193594e+05   6.02486312e-01   4.84900017e+01   1.75301302e-02   1.25083506e-01           27
sample_398.dat   1.15416124e-01   1.88103375e+05   6.02566838e-01   4.84900017e+01   1.66696757e-02   1.85347557e-01           24
sample_399.dat   1.04255572e-01   2.39735062e+05   6.02255881e-01   4.84900017e+01   1.12786442e-02   1.38447568e-01           30
sample_400.dat   1.05669081e-01   5.09632188e+05   6.02625191e-01   1.07770004e+02   1.45149743e-02   1.67330772e-01           27
sample_401.dat   1.04923241e-01   5.17599469e+05   6.02692246e-01   1.07770004e+02   1.76530108e-02   1.91723958e-01           28
sample_402.dat   1.06294289e-01   5.01680969e+05   6.02597594e-01   1.07770004e+02   1.41641088e-02   1.41232893e-01           27
sample_403.dat   1.01593547e-01   5.62452625e+05   6.02676153e-01   1.07770004e+02   1.05557786e-02   1.60857409e-01           27
sample_404.dat   1.02950700e-01   5.40739375e+05   6.02661192e-01   1.07770004e+02   1.69725940e-02   2.24004626e-01           24
sample_405.dat   1.05815597e-01   5.10509062e+05   6.02627337e-01   1.07770004e+02   2.07982585e-02   9.13599059e-02           30
sample_406.dat   9.90920216e-02   5.91791500e+05   6.02637231e-01   1.07770004e+02   1.22279143e-02   1.27670109e-01           29
sample_407.dat   1.13643065e-01   4.30026031e+05   6.02538407e-01   1.07770004e+02   1.05352653e-02   9.94345695e-02           30
sample_408.dat   1.11903034e-01   4.47633094e+05   6.02408290e-01   1.07770004e+02   1.14924610e-02   1.73421025e-01           28
sample_409.dat   9.66253653e-02   6.27173812e+05   6.02644324e-01   1.07770004e+02   1.43308183e-02   1.64421394e-01           28
sample_410.dat   1.03218563e-01   5.38040062e+05   6.02629185e-01   1.07770004e+02   1.33901723e-02   1.31079242e-01           28
sample_411.dat   1.02594174e-01   5.48819938e+05   6.02597594e-01   1.07770004e+02   1.41437901e-02   1.63574189e-01           28
sample_412.dat   1.00455903e-01   5.68444438e+05   6.02692246e-01   1.07770004e+02   1.30505692e-02   1.92888036e-01           26
sample_413.dat   1.00498877e-01   5.71786250e+05   6.02606177e-01   1.07770004e+02   1.32209100e-02   1.67878136e-01           25
sample_414.dat   1.05632663e-01   5.09831219e+05   6.02689624e-01   1.07770004e+02   1.44997956e-02   1.44509569e-01           29
sample_415.dat   1.03256844e-01   5.39798000e+05   6.02691889e-01   1.07770004e+02   1.40225375e-02   1.00065984e-01           30
sample_416.dat   1.04138859e-01   5.25072812e+05   6.02586925e-01   1.07770004e+02   1.71012264e-02   1.43415943e-01           26
sample_417.dat   1.08731195e-01   4.79270281e+05   6.02689624e-01   1.07770004e+02   1.42279686e-02   1.33327529e-01           29
sample_418.dat   1.05670549e-01   5.09907000e+05   6.02637231e-01   1.07770004e+02   1.16845146e-02   1.40157714e-01           29
sample_419.dat   1.06887333e-01   4.98265875e+05   6.02626979e-01   1.07770004e+02   1.32454922e-02   1.18948318e-01           28
sample_420.dat   1.04101852e-01   5.27283000e+05   6.02450907e-01   1.07770004e+02   1.48362108e-02   1.28336295e-01           29
sample_421.dat   1.04442924e-01   5.22196562e+05   6.02625191e-01   1.07770004e+02   1.29080480e-02   5.52934371e-02           24
sample_422.dat   1.07187517e-01   4.93577469e+05   6.02369964e-01   1.07770004e+02   1.22416578e-02   2.04369679e-01           28
sample_423.dat   1.02222063e-01   5.49749875e+05   6.02348804e-01   1.07770004e+02   1.37691917e-02   1.38028473e-01           29
sample_424.dat   1.04603127e-01   5.18818812e+05   6.02603495e-01   1.07770004e+02   1.24034630e-02   2.17359737e-01           24
sample_425.dat   1.00134321e-01   5.76605812e+05   6.02611303e-01   1.07770004e+02   1.36929741e-02   4.50384766e-01           26
sample_426.dat   1.12770483e-01   4.38379375e+05   6.02627754e-01   1.07770004e+02   1.98733918e-02   1.43418029e-01           29
sample_427.dat   1.09714717e-01   4.64856719e+05   6.02635026e-01   1.07770004e+02   1.46682486e-02   1.08891852e-01           25
sample_428.dat   1.04292549e-01   5.26130250e+05   6.02635026e-01   1.07770004e+02   2.28397176e-02   7.05200136e-02           27
sample_429.dat   1.06351532e-01   5.02326875e+05   6.02577865e-01   1.07770004e+02   1.31840222e-02   9.99061316e-02           26
sample_430.dat   1.03629716e-01   5.34178625e+05   6.02692246e-01   1.07770004e+02   1.13704205e-02   1.22303337e-01           30
sample_431.dat   9.76317227e-02   6.14789312e+05   6.02682412e-01   1.07770004e+02   1.37674492e-02   1.24830671e-01           27
sample_432.dat   1.07940592e-01   4.86432938e+05   6.02603912e-01   1.07770004e+02   1.06297359e-02   9.08634216e-02           30
sample_433.dat   1.01346329e-01   5.60316250e+05   6.02668345e-01   1.07770004e+02   1.75414644e-02   1.72708169e-01           29
sample_434.dat   1.04010522e-01   5.32665562e+05   6.02546334e-01   1.07770004e+02   1.64504386e-02   1.06473908e-01           29
sample_435.dat   1.03355713e-01   5.35036625e+05   6.02637231e-01   1.07770004e+02   1.40615748e-02   2.41174921e-01           26
sample_436.dat   1.08775139e-01   4.73478500e+05   6.02674544e-01   1.07770004e+02   1.20207099e-02   6.80889934e-02           27
sample_437.dat   1.04271807e-01   5.27003500e+05   6.02611244e-01   1.07770004e+02   1.06913056e-02   1.26323402e-01           29
sample_438.dat   1.08681545e-01   4.78227375e+05   6.02597296e-01   1.07770004e+02   1.19613409e-02   1.77713871e-01           30
sample_439.dat   1.03108831e-01   5.39796812e+05   6.02674544e-01   1.07770004e+02   1.10654440e-02   1.02589615e-01           29
sample_440.dat   9.91844833e-02   5.89886875e+05   6.02432609e-01   1.07770004e+02   9.91325825e-03   1.51515916e-01           28
sample_441.dat   1.00980669e-01   5.66408938e+05   6.02668822e-01   1.07770004e+02   2.00977921e-02   2.88137347e-01           29
sample_442.dat   1.04543135e-01   5.23508594e+05   6.02689624e-01   1.07770004e+02   7.26594077e-03   1.67116374e-01           29
sample_443.dat   1.11478932e-01   4.52648781e+05   6.02691889e-01   1.07770004e+02   3.93436011e-03   7.70445168e-02           29
sample_444.dat   9.66430828e-02   6.26155875e+05   6.02243900e-01   1.07770004e+02   2.01862492e-02   3.06031197e-01           27
sample_445.dat   9.71454233e-02   6.22415750e+05   6.02400362e-01   1.07770004e+02   1.09565966e-02   1.10051714e-01           26
sample_446.dat   1.06255993e-01   5.03875781e+05   6.02430344e-01   1.07770004e+02   9.92813520e-03   1.65113926e-01           26
sample_447.dat   1.02219611e-01   5.49034250e+05   6.02398157e-01   1.07770004e+02   1.36602167e-02   3.46497089e-01           25
sample_448.dat   1.00730352e-01   5.69298625e+05   6.02522492e-01   1.07770004e+02   1.07680717e-02   9.42649767e-02           27
sample_449.dat   1.04449503e-01   5.25950500e+05   6.02674544e-01   1.07770004e+02   1.98213104e-02   2.69911319e-01           29
sample_450.dat   9.96418670e-02   5.87398000e+05   6.02683067e-01   1.07770004e+02   1.47811938e-02   1.84443071e-01           30
sample_451.dat   1.00255005e-01   5.76044750e+05   6.02689624e-01   1.07770004e+02   1.35997124e-02   2.90814787e-01           29
sample_452.dat   1.12186052e-01   4.43959250e+05   6.02519751e-01   1.07770004e+02   1.45204188e-02   2.19080284e-01           28
sample_453.dat   1.07026823e-01   4.95557875e+05   6.02657437e-01   1.07770004e+02   1.02504781e-02   1.12986520e-01           28
sample_454.dat   1.08806409e-01   4.74022438e+05   6.02566838e-01   1.07770004e+02   1.78037062e-02   8.77982080e-02           27
sample_455.dat   1.05554342e-01   5.09643125e+05   6.02637231e-01   1.07770004e+02   1.37173291e-02   1.41201064e-01           27
sample_456.dat   1.00306213e-01   5.74933438e+05   6.02692246e-01   1.07770004e+02   9.84870549e-03   2.34305039e-01           28
sample_457.dat   1.01730593e-01   5.56884062e+05   6.02657437e-01   1.07770004e+02   9.41172615e-03   1.51231587e-01           29
sample_458.dat   1.06664479e-01   4.97387688e+05   6.02394462e-01   1.07770004e+02   1.53874634e-02   1.09552056e-01           27
sample_459.dat   1.09113745e-01   4.73378156e+05   6.02691889e-01   1.07770004e+02   1.38060823e-02   1.22488156e-01           28
sample_460.dat   1.08041905e-01   4.85657375e+05   6.02668345e-01   1.07770004e+02   9.73497052e-03   1.42616004e-01           30
sample_461.dat   1.04108967e-01   5.28024312e+05   6.02665067e-01   1.07770004e+02   1.83510762e-02   1.50208592e-01           29
sample_462.dat   1.03636354e-01   5.30864000e+05   6.02617085e-01   1.07770004e+02   1.50222043e-02   1.58026919e-01           26
sample_463.dat   1.03771463e-01   5.30455688e+05   6.02658808e-01   1.07770004e+02   1.19629428e-02   1.54022530e-01           27
sample_464.dat   1.01350449e-01   5.60655125e+05   6.02588475e-01   1.07770004e+02   1.44283967e-02   4.12840754e-01           28
sample_465.dat   1.03472173e-01   5.34332562e+05   6.02682412e-01   1.07770004e+02   1.49183972e-02   1.15390815e-01           28
sample_466.dat   1.02682523e-01   5.40084500e+05   6.02637231e-01   1.07770004e+02   1.35789113e-02   4.02786881e-01           24
sample_467.dat   1.06230333e-01   5.04864812e+05   6.02657437e-01   1.07770004e+02   1.01657212e-02   9.15894881e-02           28
sample_468.dat   1.08358838e-01   4.79865156e+05   6.02548182e-01   1.07770004e+02   6.94906805e-03   1.42524660e-01           26
sample_469.dat   1.11854151e-01   4.46827250e+05   6.02689624e-01   1.07770004e+02   1.69925615e-02   1.73072353e-01           28
sample_470.dat   1.01979852e-01   5.57071188e+05   6.02606177e-01   1.07770004e+02   1.12876687e-02   1.38038799e-01           30
sample_471.dat   1.09152421e-01   4.72875219e+05   6.02450907e-01   1.07770004e+02   1.05986046e-02   2.00387031e-01           28
sample_472.dat   1.10453203e-01   4.63191281e+05   6.02519751e-01   1.07770004e+02   1.77191272e-02   1.78073302e-01           30
sample_473.dat   1.02450661e-01   5.48833000e+05   6.02603495e-01   1.07770004e+02   1.06258793e-02   1.09848849e-01           29
sample_474.dat   1.08779758e-01   4.77653938e+05   6.02099121e-01   1.07770004e+02   1.70323495e-02   1.77135780e-01           26
sample_475.dat   1.06593430e-01   5.00425500e+05   6.02644324e-01   1.07770004e+02   7.33305095e-03   6.82410300e-02           27
sample_476.dat   1.06096841e-01   5.05509781e+05   6.02645934e-01   1.07770004e+02   1.45192314e-02   1.25673249e-01           28
sample_477.dat   1.00477785e-01   5.72626062e+05   6.02691889e-01   1.07770004e+02   1.80582926e-02   1.87179789e-01           26
sample_478.dat   1.03325553e-01   5.35240750e+05   6.02669179e-01   1.07770004e+02   1.95249859e-02   2.48459086e-01           25
sample_479.dat   1.00886106e-01   5.67900062e+05   6.02657437e-01   1.07770004e+02   1.67494640e-02   1.04907408e-01           30
sample_480.dat   1.05695762e-01   5.09464281e+05   6.02512419e-01   1.07770004e+02   1.34104248e-02   6.41021505e-02           28
sample_481.dat   1.06484227e-01   5.00126219e+05   6.02450907e-01   1.07770004e+02   1.53670991e-02   6.14110120e-02           28
sample_482.dat   9.80934650e-02   6.08070312e+05   6.02689624e-01   1.07770004e+02   1.85181033e-02   1.48315743e-01           29
sample_483.dat   1.07560024e-01   4.88923594e+05   6.02611244e-01   1.07770004e+02   1.81543864e-02   1.26350343e-01           29
sample_484.dat   1.02609895e-01   5.41864188e+05   6.02661192e-01   1.07770004e+02   1.62469335e-02   1.16367787e-01           25
sample_485.dat   1.08181752e-01   4.81661719e+05   6.02661192e-01   1.07770004e+02   1.62115078e-02   9.85948965e-02           30
sample_486.dat   1.05301328e-01   5.12787531e+05   6.02633178e-01   1.07770004e+02   7.78342271e-03   1.33143544e-01           27
sample_487.dat   1.03715487e-01   5.31815062e+05   6.02665067e-01   1.07770004e+02   8.46815389e-03   8.92017931e-02           27
sample_488.dat   9.87250730e-02   5.96554188e+05   6.02625191e-01   1.07770004e+02   1.13808122e-02   4.71441060e-01           27
sample_489.dat   1.04106627e-01   5.25865125e+05   6.02559686e-01   1.07770004e+02   2.00527869e-02   1.19305559e-01           26
sample_490.dat   1.04731530e-01   5.19322875e+05   6.02607608e-01   1.07770004e+02   1.57657787e-02   1.30620778e-01           27
sample_491.dat   1.03872702e-01   5.34151375e+05   6.02635026e-01   1.07770004e+02   1.71396583e-02   1.48169845e-01           29
sample_492.dat   9.84697789e-02   6.02557750e+05   6.02674544e-01   1.07770004e+02   1.50174573e-02   1.50739402e-01           28
sample_493.dat   9.92550403e-02   5.89180688e+05   6.02597594e-01   1.07770004e+02   1.02631394e-02   8.62601101e-02           27
sample_494.dat   1.03221379e-01   5.40763625e+05   6.02692246e-01   1.07770004e+02   1.25684906e-02   1.69774979e-01           29
sample_495.dat   1.03338018e-01   5.35734250e+05   6.02686644e-01   1.07770004e+02   1.09158549e-02   2.11449847e-01           27
sample_496.dat   1.07068717e-01   4.99015219e+05   6.02490783e-01   1.07770004e+02   1.12526035e-02   8.98713470e-02           28
sample_497.dat   9.85180512e-02   6.02134625e+05   6.02549374e-01   1.07770004e+02   1.34365764e-02   9.36830342e-02           30
sample_498.dat   1.00798875e-01   5.68661750e+05   6.02617085e-01   1.07770004e+02   1.57858562e-02   1.55233189e-01           29
sample_499.dat   1.02479011e-01   5.48402250e+05   6.02651060e-01   1.07770004e+02   7.14473519e-03   1.27928749e-01           28
sample_500.dat   1.04765967e-01   1.16872100e+06   6.02657437e-01   2.42488998e+02   1.76073406e-02   2.35110819e-01           29
sample_501.dat   1.02522187e-01   1.22614588e+06   6.02692246e-01   2.42488998e+02   1.54151572e-02   1.33301511e-01           30
sample_502.dat   1.01695724e-01   1.24905275e+06   6.02686644e-01   2.42488998e+02   9.95881483e-03   1.04257919e-01           27
sample_503.dat   1.03358731e-01   1.20444175e+06   6.02686644e-01   2.42488998e+02   1.10070035e-02   9.86777544e-02           30
sample_504.dat   1.00992575e-01   1.26616950e+06   6.02674544e-01   2.42488998e+02   1.22837741e-02   1.85913339e-01           27
sample_505.dat   1.04259856e-01   1.17632862e+06   6.02683067e-01   2.42488998e+02   1.23205781e-02   1.86488703e-01           27
sample_506.dat   1.04611963e-01   1.17098788e+06   6.02692246e-01   2.42488998e+02   1.10946074e-02   9.77908298e-02           28
sample_507.dat   1.06995866e-01   1.10662875e+06   6.02692246e-01   2.42488998e+02   1.56460274e-02   2.37352297e-01           27
sample_508.dat   1.05816796e-01   1.14149150e+06   6.02674544e-01   2.42488998e+02   1.08652385e-02   8.96133557e-02           29
sample_509.dat   1.00555778e-01   1.27941175e+06   6.02655470e-01   2.42488998e+02   1.03903767e-02   9.67386290e-02           28
sample_510.dat   1.04275122e-01   1.18266012e+06   6.02555573e-01   2.42488998e+02   1.39444480e-02   1.08873613e-01           28
sample_511.dat   1.05255648e-01   1.14667938e+06   6.02645934e-01   2.42488998e+02   1.11712879e-02   4.29295659e-01           23
sample_512.dat   1.01429686e-01   1.25595812e+06   6.02684617e-01   2.42488998e+02   1.78433824e-02   2.18281075e-01           28
sample_513.dat   1.05928235e-01   1.13865988e+06   6.02559686e-01   2.42488998e+02   1.40268011e-02   1.93350419e-01           28
sample_514.dat   1.02142692e-01   1.23373825e+06   6.02627337e-01   2.42488998e+02   1.22563802e-02   2.23917782e-01           26
sample_515.dat   1.05407171e-01   1.14599962e+06   6.02651060e-01   2.42488998e+02   1.29748126e-02   2.59875566e-01           27
sample_516.dat   1.01040222e-01   1.27156625e+06   6.02610409e-01   2.42488998e+02   1.54208178e-02   2.28268504e-01           29
sample_517.dat   1.04755588e-01   1.16849662e+06   6.02586925e-01   2.42488998e+02   1.39605775e-02   1.12527505e-01           30
sample_518.dat   1.02583706e-01   1.22171325e+06   6.02683067e-01   2.42488998e+02   1.38851050e-02   1.64929539e-01           28
sample_519.dat   1.04780093e-01   1.16999512e+06   6.02670193e-01   2.42488998e+02   1.45701161e-02   6.28977567e-02           30
sample_520.dat   1.06248729e-01   1.12745200e+06   6.02691889e-01   2.42488998e+02   1.31852934e-02   1.63489342e-01           27
sample_521.dat   1.06895283e-01   1.11168438e+06   6.02644324e-01   2.42488998e+02   8.97652656e-03   8.03868771e-02           27
sample_522.dat   1.02520898e-01   1.23248688e+06   6.02689624e-01   2.42488998e+02   1.55472085e-02   1.19657144e-01           30
sample_523.dat   1.04547471e-01   1.17410050e+06   6.02635026e-01   2.42488998e+02   1.36472071e-02   7.15118870e-02           30
sample_524.dat   1.07787162e-01   1.08827062e+06   6.02597594e-01   2.42488998e+02   1.23618897e-02   2.00241953e-01           26
sample_525.dat   1.04773387e-01   1.16521688e+06   6.02672517e-01   2.42488998e+02   1.49354786e-02   1.14985958e-01           26
sample_526.dat   1.02809504e-01   1.21837075e+06   6.02692246e-01   2.42488998e+02   1.19716451e-02   1.02764241e-01           28
sample_527.dat   1.02882780e-01   1.21513012e+06   6.02684617e-01   2.42488998e+02   9.43786930e-03   1.07549809e-01           24
sample_528.dat   1.05558679e-01   1.14505800e+06   6.02668822e-01   2.42488998e+02   1.28407832e-02   9.63403136e-02           28
sample_529.dat   1.05624408e-01   1.14809275e+06   6.02561474e-01   2.42488998e+02   1.46945072e-02   1.58221304e-01           29
sample_530.dat   1.01943679e-01   1.24081288e+06   6.02691889e-01   2.42488998e+02   2.04589088e-02   1.54449016e-01           27
sample_531.dat   1.01682208e-01   1.24804775e+06   6.02627337e-01   2.42488998e+02   1.47791682e-02   1.38963342e-01           29
sample_532.dat   1.04717284e-01   1.16459088e+06   6.02542877e-01   2.42488998e+02   1.53956637e-02   1.35881588e-01           27
sample_533.dat   1.06024206e-01   1.13651138e+06   6.02626979e-01   2.42488998e+02   1.46316793e-02   1.31977931e-01           30
sample_534.dat   1.03602387e-01   1.19278962e+06   6.02611244e-01   2.42488998e+02   1.00187194e-02   1.49773881e-01           28
sample_535.dat   1.01753160e-01   1.24430750e+06   6.02661192e-01   2.42488998e+02   1.55534875e-02   7.73854330e-02           24
sample_536.dat   1.03789195e-01   1.19035275e+06   6.02691889e-01   2.42488998e+02   1.21883899e-02   2.41837710e-01           27
sample_537.dat   1.01610534e-01   1.25418812e+06   6.02589846e-01   2.42488998e+02   1.16870776e-02   1.22379318e-01           30
sample_538.dat   1.04551427e-01   1.17276725e+06   6.02668822e-01   2.42488998e+02   8.10456183e-03   1.44301608e-01           29
sample_539.dat   1.03389777e-01   1.20243238e+06   6.02672517e-01   2.42488998e+02   1.40687404e-02   1.11109041e-01           29
sample_540.dat   1.06122710e-01   1.12682400e+06   6.02686644e-01   2.42488998e+02   1.41050154e-02   6.49121404e-01           27
sample_541.dat   1.03055179e-01   1.20913625e+06   6.02658808e-01   2.42488998e+02   1.56781971e-02   1.60997361e-01           26
sample_542.dat   1.03919536e-01   1.18989350e+06   6.02559686e-01   2.42488998e+02   1.30364140e-02   1.48965761e-01           28
sample_543.dat   1.04726329e-01   1.16872262e+06   6.02546990e-01   2.42488998e+02   1.22945718e-02   1.16263308e-01           26
sample_544.dat   1.05425052e-01   1.14918225e+06   6.02692246e-01   2.42488998e+02   1.35217449e-02   1.39868721e-01           27
sample_545.dat   9.90102142e-02   1.32773612e+06   6.02658808e-01   2.42488998e+02   1.01033207e-02   3.32684726e-01           26
sample_546.dat   1.04801826e-01   1.16599162e+06   6.02668822e-01   2.42488998e+02   1.49903633e-02   3.39842260e-01           28
sample_547.dat   1.01818338e-01   1.25079350e+06   6.02691889e-01   2.42488998e+02   1.81620605e-02   1.36136621e-01           28
sample_548.dat   1.01974808e-01   1.24193700e+06   6.02670193e-01   2.42488998e+02   9.98529140e-03   1.85181797e-01           25
sample_549.dat   1.04889266e-01   1.16042125e+06   6.02661192e-01   2.42488998e+02   1.22102406e-02   1.78848058e-01           28
sample_550.dat   1.04528874e-01   1.17112962e+06   6.02684617e-01   2.42488998e+02   1.26041146e-02   1.09265454e-01           27
sample_551.dat   1.02437794e-01   1.23425212e+06   6.02670193e-01   2.42488998e+02   1.43546956e-02   1.01468407e-01           30
sample_552.dat   1.03732683e-01   1.19141375e+06   6.02674544e-01   2.42488998e+02   1.18011478e-02   1.11641549e-01           25
sample_553.dat   1.01496212e-01   1.25652988e+06   6.02657437e-01   2.42488998e+02   1.73839591e-02   1.40591308e-01           25
sample_554.dat   1.03468686e-01   1.20506650e+06   6.02692246e-01   2.42488998e+02   1.37079926e-02   1.10515229e-01           29
sample_555.dat   1.05315886e-01   1.15440675e+06   6.02671027e-01   2.42488998e+02   1.72628798e-02   1.61255941e-01           28
sample_556.dat   1.02191456e-01   1.23448250e+06   6.02676153e-01   2.42488998e+02   1.46186473e-02   1.60820365e-01           29
sample_557.dat   1.05021328e-01   1.15469862e+06   6.02657437e-01   2.42488998e+02   1.88583490e-02   2.68701285e-01           27
sample_558.dat   1.01001754e-01   1.27067975e+06   6.02686644e-01   2.42488998e+02   1.14545748e-02   1.37363330e-01           28
sample_559.dat   1.08362548e-01   1.07766088e+06   6.02605522e-01   2.42488998e+02   1.33532025e-02   1.58993691e-01           28
sample_560.dat   1.05819695e-01   1.13731250e+06   6.02684617e-01   2.42488998e+02   2.06953771e-02   1.34474501e-01           26
sample_561.dat   1.03702597e-01   1.19567062e+06   6.02684617e-01   2.42488998e+02   1.11167440e-02   8.72472152e-02           26
sample_562.dat   1.04362130e-01   1.17644812e+06   6.02674544e-01   2.42488998e+02   1.59269832e-02   1.96451336e-01           29
sample_563.dat   1.01832919e-01   1.24912138e+06   6.02671027e-01   2.42488998e+02   1.12088602e-02   2.15352356e-01           30
sample_564.dat   1.02219947e-01   1.23087600e+06   6.02691889e-01   2.42488998e+02   1.07476711e-02   1.79966927e-01           26
sample_565.dat   1.04488336e-01   1.17494825e+06   6.02672517e-01   2.42488998e+02   9.34398081e-03   9.62690711e-02           28
sample_566.dat   1.02084883e-01   1.23424675e+06   6.02674544e-01   2.42488998e+02   1.48091512e-02   1.41075313e-01           27
sample_567.dat   1.08136334e-01   1.08164438e+06   6.02686644e-01   2.42488998e+02   1.19744092e-02   9.05998573e-02           26
sample_568.dat   1.03193253e-01   1.20251450e+06   6.02676153e-01   2.42488998e+02   1.17942579e-02   1.15873925e-01           26
sample_569.dat   9.82582644e-02   1.36084488e+06   6.02692246e-01   2.42488998e+02   1.18649704e-02   1.09412745e-01           28
sample_570.dat   1.05898641e-01   1.12190100e+06   6.02603495e-01   2.42488998e+02   1.30806845e-02   2.23927641e+00           20
sample_571.dat   1.04482993e-01   1.17493750e+06   6.02468073e-01   2.42488998e+02   1.33968247e-02   7.05553442e-02           29
sample_572.dat   1.05591908e-01   1.14530412e+06   6.02658808e-01   2.42488998e+02   1.45384921e-02   9.96959582e-02           30
sample_573.dat   1.05717830e-01   1.14371488e+06   6.02679849e-01   2.42488998e+02   1.41406460e-02   1.96295202e-01           30
sample_574.dat   1.06786020e-01   1.11327425e+06   6.02683067e-01   2.42488998e+02   1.51936663e-02   1.31903112e-01           26
sample_575.dat   1.03368744e-01   1.20624225e+06   6.02549732e-01   2.42488998e+02   1.20852478e-02   1.47785693e-01           27
sample_576.dat   1.04663551e-01   1.16506400e+06   6.02519751e-01   2.42488998e+02   9.84283909e-03   1.30414680e-01           27
sample_577.dat   1.05827622e-01   1.14360038e+06   6.02658808e-01   2.42488998e+02   1.05645973e-02   1.32739693e-01           30
sample_578.dat   1.04141511e-01   1.18440075e+06   6.02665067e-01   2.42488998e+02   1.47682494e-02   1.10156134e-01           30
sample_579.dat   1.03360698e-01   1.20789200e+06   6.02645934e-01   2.42488998e+02   1.29052065e-02   1.00635298e-01           29
sample_580.dat   1.04274027e-01   1.17418400e+06   6.02627754e-01   2.42488998e+02   1.13470908e-02   8.06186050e-02           26
sample_581.dat   1.04264148e-01   1.17994438e+06   6.02657437e-01   2.42488998e+02   1.54443504e-02   6.49761260e-02           26
sample_582.dat   1.00923225e-01   1.26571188e+06   6.02691889e-01   2.42488998e+02   1.26667870e-02   2.51427382e-01           26
sample_583.dat   1.01267375e-01   1.26386900e+06   6.02522492e-01   2.42488998e+02   1.59868058e-02   1.30659521e-01           29
sample_584.dat   1.03692755e-01   1.19743512e+06   6.02627754e-01   2.42488998e+02   1.07820807e-02   1.09179363e-01           30
sample_585.dat   1.05618529e-01   1.14477112e+06   6.02611303e-01   2.42488998e+02   1.25114750e-02   1.12314306e-01           27
sample_586.dat   1.06354229e-01   1.12757050e+06   6.02635026e-01   2.42488998e+02   1.43569252e-02   1.87993929e-01           27
sample_587.dat   1.01957209e-01   1.24328812e+06   6.02686644e-01   2.42488998e+02   1.41922124e-02   1.59212202e-01           27
sample_588.dat   1.06548823e-01   1.12606738e+06   6.02597594e-01   2.42488998e+02   1.05841989e-02   1.28752023e-01           29
sample_589.dat   1.10211089e-01   1.03843450e+06   6.02676153e-01   2.42488998e+02   1.44176474e-02   1.41852543e-01           28
sample_590.dat   1.00941278e-01   1.26924062e+06   6.02542877e-01   2.42488998e+02   1.18583627e-02   2.01309770e-01           26
sample_591.dat   1.04009017e-01   1.18810725e+06   6.02679849e-01   2.42488998e+02   1.49107529e-02   1.79157183e-01           28
sample_592.dat   1.01939343e-01   1.24293088e+06   6.02691889e-01   2.42488998e+02   1.15056830e-02   1.10171385e-01           27
sample_593.dat   1.04188897e-01   1.17915762e+06   6.02689624e-01   2.42488998e+02   9.93032567e-03   2.29909644e-01           28
sample_594.dat   1.08253360e-01   1.08171200e+06   6.02682412e-01   2.42488998e+02   1.77734792e-02   8.95746723e-02           27
sample_595.dat   1.04177356e-01   1.17673175e+06   6.02674544e-01   2.42488998e+02   1.67067442e-02   7.41787404e-02           25
sample_596.dat   1.01370968e-01   1.26045812e+06   6.02481186e-01   2.42488998e+02   8.11212324e-03   1.43725112e-01           29
sample_597.dat   1.05216607e-01   1.15226950e+06   6.02692246e-01   2.42488998e+02   8.37480929e-03   2.27712065e-01           26
sample_598.dat   1.04109369e-01   1.18557025e+06   6.02586567e-01   2.42488998e+02   1.14740003e-02   1.75763369e-01           30
sample_599.dat   1.02358341e-01   1.23384088e+06   6.02568567e-01   2.42488998e+02   1.11987591e-02   1.76590174e-01           30
sample_600.dat   1.03889152e-01   2.38057775e+06   6.02658808e-01   4.84990997e+02   1.56489238e-02   8.96073058e-02           29
sample_601.dat   1.02241606e-01   2.46660425e+06   6.02689624e-01   4.84990997e+02   1.04422141e-02   1.21755026e-01           28
sample_602.dat   1.06011376e-01   2.26984850e+06   6.02674544e-01   4.84990997e+02   1.38116153e-02   1.07456423e-01           29
sample_603.dat   1.03818141e-01   2.38159900e+06   6.02679849e-01   4.84990997e+02   1.40752140e-02   1.05777912e-01           29
sample_604.dat   1.03109606e-01   2.41850925e+06   6.02668345e-01   4.84990997e+02   1.50789004e-02   1.00718595e-01           29
sample_605.dat   1.04379863e-01   2.35035700e+06   6.02676153e-01   4.84990997e+02   1.04040345e-02   8.54521692e-02           29
sample_606.dat   1.03869997e-01   2.37348375e+06   6.02689624e-01   4.84990997e+02   1.13914609e-02   1.49467126e-01           28
sample_607.dat   1.06317334e-01   2.25467700e+06   6.02683067e-01   4.84990997e+02   1.34148877e-02   8.49755779e-02           27
sample_608.dat   1.02399237e-01   2.45593800e+06   6.02684617e-01   4.84990997e+02   1.22708688e-02   1.76987171e-01           27
sample_609.dat   1.03986152e-01   2.36898150e+06   6.02670193e-01   4.84990997e+02   1.21294800e-02   1.44655108e-01           29
sample_610.dat   1.01017892e-01   2.54504525e+06   6.02674544e-01   4.84990997e+02   1.41676767e-02   1.00928590e-01           29
sample_611.dat   1.02601834e-01   2.44124000e+06   6.02676153e-01   4.84990997e+02   1.53621770e-02   1.17401995e-01           28
sample_612.dat   1.01521716e-01   2.49928000e+06   6.02679849e-01   4.84990997e+02   1.31272785e-02   1.30720571e-01           27
sample_613.dat   9.96242017e-02   2.60665250e+06   6.02686644e-01   4.84990997e+02   1.10572055e-02   4.44825321e-01           24
sample_614.dat   1.04875647e-01   2.31615425e+06   6.02633178e-01   4.84990997e+02   1.44228302e-02   1.64710656e-01           28
sample_615.dat   1.04134060e-01   2.37190425e+06   6.02633178e-01   4.84990997e+02   1.34871611e-02   1.02135472e-01           30
sample_616.dat   1.02347724e-01   2.45374550e+06   6.02684617e-01   4.84990997e+02   1.41550042e-02   1.16755836e-01           26
sample_617.dat   1.03202760e-01   2.41685375e+06   6.02683067e-01   4.84990997e+02   1.10525107e-02   9.55958664e-02           29
sample_618.dat   1.03684239e-01   2.38549350e+06   6.02671027e-01   4.84990997e+02   1.06574837e-02   7.07435161e-02           27
sample_619.dat   1.01822019e-01   2.47742425e+06   6.02691889e-01   4.84990997e+02   1.52968112e-02   4.63936888e-02           24
sample_620.dat   1.03240624e-01   2.40440200e+06   6.02686644e-01   4.84990997e+02   1.12420935e-02   1.76700726e-01           28
sample_621.dat   1.08699210e-01   2.14316450e+06   6.02657437e-01   4.84990997e+02   1.32945059e-02   6.72128573e-02           27
sample_622.dat   1.05394423e-01   2.30343575e+06   6.02672517e-01   4.84990997e+02   1.31350067e-02   1.24836124e-01           30
sample_623.dat   1.04840472e-01   2.33295225e+06   6.02692246e-01   4.84990997e+02   1.14684608e-02   8.66016522e-02           30
sample_624.dat   1.05503961e-01   2.29495450e+06   6.02686644e-01   4.84990997e+02   1.29648950e-02   1.14843972e-01           30
sample_625.dat   1.03493728e-01   2.39890725e+06   6.02686644e-01   4.84990997e+02   1.13918427e-02   1.58891708e-01           30
sample_626.dat   1.03779227e-01   2.35611575e+06   6.02676153e-01   4.84990997e+02   1.27758486e-02   1.81839979e+00           20
sample_627.dat   1.01717137e-01   2.49697775e+06   6.02689624e-01   4.84990997e+02   1.10023012e-02   8.34852904e-02           26
sample_628.dat   1.02693550e-01   2.43493525e+06   6.02626979e-01   4.84990997e+02   1.29642747e-02   1.42106712e-01           26
sample_629.dat   1.03894137e-01   2.37526225e+06   6.02611244e-01   4.84990997e+02   1.35849854e-02   8.18177760e-02           27
sample_630.dat   1.04723915e-01   2.32732050e+06   6.02669179e-01   4.84990997e+02   1.56656336e-02   1.54404029e-01           28
sample_631.dat   1.05470724e-01   2.29202650e+06   6.02689624e-01   4.84990997e+02   1.34623013e-02   8.90164301e-02           27
sample_632.dat   1.03531741e-01   2.38829850e+06   6.02682412e-01   4.84990997e+02   1.13128955e-02   5.73965758e-02           26
sample_633.dat   1.03653699e-01   2.39551125e+06   6.02637231e-01   4.84990997e+02   1.05009954e-02   9.95839387e-02           30
sample_634.dat   1.02476068e-01   2.45237150e+06   6.02651060e-01   4.84990997e+02   1.36729991e-02   1.08296186e-01           29
sample_635.dat   1.05378807e-01   2.30350750e+06   6.02692246e-01   4.84990997e+02   1.20938420e-02   1.22521453e-01           30
sample_636.dat   1.06157772e-01   2.26757700e+06   6.02549732e-01   4.84990997e+02   1.42161474e-02   8.87450278e-02           30
sample_637.dat   1.05858006e-01   2.27499675e+06   6.02691889e-01   4.84990997e+02   1.27663296e-02   9.52218175e-02           28
sample_638.dat   1.04053043e-01   2.36061300e+06   6.02679849e-01   4.84990997e+02   9.87130217e-03   2.10890755e-01           27
sample_639.dat   1.01953484e-01   2.47887575e+06   6.02689624e-01   4.84990997e+02   1.14957029e-02   8.03458989e-02           27
sample_640.dat   1.04488961e-01   2.34763675e+06   6.02672517e-01   4.84990997e+02   1.52531173e-02   5.20676598e-02           28
sample_641.dat   1.03487082e-01   2.39515925e+06   6.02689624e-01   4.84990997e+02   1.34141846e-02   1.23289071e-01           27
sample_642.dat   1.04549095e-01   2.33946675e+06   6.02683067e-01   4.84990997e+02   1.06949285e-02   1.23636916e-01           27
sample_643.dat   1.02443092e-01   2.45850925e+06   6.02655470e-01   4.84990997e+02   1.27947154e-02   1.42963991e-01           28
sample_644.dat   1.04233362e-01   2.35290775e+06   6.02691889e-01   4.84990997e+02   1.20064197e-02   1.30664617e-01           26
sample_645.dat   1.05940633e-01   2.27355175e+06   6.02689624e-01   4.84990997e+02   1.22978557e-02   1.37598753e-01           28
sample_646.dat   1.06098048e-01   2.26585525e+06   6.02657437e-01   4.84990997e+02   1.47134010e-02   1.19661808e-01           30
sample_647.dat   1.03068635e-01   2.41854950e+06   6.02668345e-01   4.84990997e+02   1.32057071e-02   1.00502841e-01           26
sample_648.dat   1.02865770e-01   2.42937200e+06   6.02658808e-01   4.84990997e+02   1.41028455e-02   9.65258628e-02           28
sample_649.dat   1.05544232e-01   2.29030550e+06   6.02668822e-01   4.84990997e+02   1.37338415e-02   1.00419112e-01           28
sample_650.dat   1.02765948e-01   2.43590350e+06   6.02683067e-01   4.84990997e+02   1.42583204e-02   8.02774578e-02           29
sample_651.dat   1.04770415e-01   2.32240425e+06   6.02668822e-01   4.84990997e+02   1.24567943e-02   9.46177021e-02           28
sample_652.dat   1.08762249e-01   2.13135650e+06   6.02679849e-01   4.84990997e+02   1.45432083e-02   1.33493021e-01           26
sample_653.dat   1.04198046e-01   2.36284925e+06   6.02679849e-01   4.84990997e+02   1.54624227e-02   1.08956605e-01           27
sample_654.dat   1.04364380e-01   2.34684425e+06   6.02670193e-01   4.84990997e+02   1.40843233e-02   5.78864813e-02           27
sample_655.dat   1.02102228e-01   2.47203100e+06   6.02689624e-01   4.84990997e+02   1.37259942e-02   1.14420027e-01           27
sample_656.dat   1.05044641e-01   2.31972175e+06   6.02689624e-01   4.84990997e+02   1.35043561e-02   1.17064811e-01           29
sample_657.dat   1.02444746e-01   2.42674900e+06   6.02676153e-01   4.84990997e+02   1.06282234e-02   1.75153065e+00           20
sample_658.dat   1.04063757e-01   2.36675100e+06   6.02676153e-01   4.84990997e+02   1.30926110e-02   9.25270393e-02           28
sample_659.dat   9.89383161e-02   2.66345950e+06   6.02692246e-01   4.84990997e+02   1.27290627e-02   7.37395585e-02           30
sample_660.dat   1.06722951e-01   2.22623200e+06   6.02657437e-01   4.84990997e+02   1.35175548e-02   1.31218806e-01           28
sample_661.dat   1.04089119e-01   2.35852800e+06   6.02692246e-01   4.84990997e+02   1.65349729e-02   6.55364245e-02           28
sample_662.dat   1.03919014e-01   2.37270600e+06   6.02691889e-01   4.84990997e+02   1.26656666e-02   1.15715690e-01           28
sample_663.dat   1.05365798e-01   2.30051150e+06   6.02689624e-01   4.84990997e+02   1.21904444e-02   1.08428657e-01           29
sample_664.dat   1.04187548e-01   2.35385150e+06   6.02686644e-01   4.84990997e+02   1.23910541e-02   1.77055165e-01           27
sample_665.dat   1.02601707e-01   2.45328850e+06   6.02679849e-01   4.84990997e+02   1.20780114e-02   8.88532028e-02           30
sample_666.dat   1.00236349e-01   2.55597725e+06   6.02644324e-01   4.84990997e+02   1.19479168e-02   1.68635356e+00           21
sample_667.dat   1.06332488e-01   2.23873925e+06   6.02671027e-01   4.84990997e+02   1.16743902e-02   1.89462289e-01           23
sample_668.dat   1.03881188e-01   2.37438850e+06   6.02679849e-01   4.84990997e+02   1.37818269e-02   1.10090047e-01           27
sample_669.dat   1.07175671e-01   2.21016250e+06   6.02676153e-01   4.84990997e+02   1.65375005e-02   7.09868297e-02           27
sample_670.dat   1.02310345e-01   2.46449375e+06   6.02691889e-01   4.84990997e+02   1.35896178e-02   8.26843232e-02           27
sample_671.dat   1.03000268e-01   2.42370200e+06   6.02627337e-01   4.84990997e+02   1.26013979e-02   1.23024717e-01           27
sample_672.dat   1.04000561e-01   2.37249525e+06   6.02655470e-01   4.84990997e+02   1.07306316e-02   8.76097679e-02           28
sample_673.dat   1.02475628e-01   2.44414175e+06   6.02661192e-01   4.84990997e+02   1.30808968e-02   1.50341794e-01           28
sample_674.dat   1.03749655e-01   2.37826000e+06   6.02679849e-01   4.84990997e+02   1.20521057e-02   1.02259398e-01           25
sample_675.dat   1.05564088e-01   2.29453825e+06   6.02573812e-01   4.84990997e+02   1.26812570e-02   1.19442880e-01           29
sample_676.dat   1.04502410e-01   2.35379300e+06   6.02627754e-01   4.84990997e+02   1.35299200e-02   9.19646323e-02           29
sample_677.dat   1.04399048e-01   2.34378850e+06   6.02689624e-01   4.84990997e+02   1.22551369e-02   1.30336314e-01           27
sample_678.dat   1.05893627e-01   2.27671000e+06   6.02689624e-01   4.84990997e+02   1.41290482e-02   7.65311420e-02           29
sample_679.dat   1.04855224e-01   2.32153225e+06   6.02674544e-01   4.84990997e+02   1.45646688e-02   1.37986049e-01           27
sample_680.dat   1.04681045e-01   2.33859275e+06   6.02686644e-01   4.84990997e+02   1.35628125e-02   1.33410484e-01           30
sample_681.dat   1.01133890e-01   2.53868225e+06   6.02686644e-01   4.84990997e+02   1.33779496e-02   9.56674740e-02           29
sample_682.dat   1.04222424e-01   2.35084400e+06   6.02689624e-01   4.84990997e+02   1.24748582e-02   9.97214392e-02           27
sample_683.dat   1.02590434e-01   2.43926900e+06   6.02645934e-01   4.84990997e+02   1.32909520e-02   1.71798512e-01           27
sample_684.dat   1.02269486e-01   2.45420025e+06   6.02633178e-01   4.84990997e+02   9.22210608e-03   2.13394403e-01           26
sample_685.dat   1.05948992e-01   2.27612925e+06   6.02611303e-01   4.84990997e+02   1.37602873e-02   1.21269614e-01           30
sample_686.dat   1.04951844e-01   2.32770675e+06   6.02686644e-01   4.84990997e+02   1.08030671e-02   1.68627694e-01           30
sample_687.dat   1.00817606e-01   2.55061850e+06   6.02676153e-01   4.84990997e+02   1.26576526e-02   1.11341357e-01           30
sample_688.dat   1.03068806e-01   2.41588950e+06   6.02661192e-01   4.84990997e+02   1.25962086e-02   1.71357855e-01           26
sample_689.dat   1.02554627e-01   2.45073625e+06   6.02631450e-01   4.84990997e+02   1.40228728e-02   9.32305753e-02           29
sample_690.dat   1.05878204e-01   2.26561575e+06   6.02689624e-01   4.84990997e+02   1.33372471e-02   3.44532847e-01           27
sample_691.dat   1.01969130e-01   2.47376025e+06   6.02674544e-01   4.84990997e+02   1.15753496e-02   1.11895099e-01           26
sample_692.dat   1.01876803e-01   2.48584275e+06   6.02682412e-01   4.84990997e+02   1.02275340e-02   6.85855821e-02           26
sample_693.dat   1.01938911e-01   2.48181600e+06   6.02633178e-01   4.84990997e+02   1.43818818e-02   1.36298910e-01           27
sample_694.dat   1.04767874e-01   2.33084625e+06   6.02644324e-01   4.84990997e+02   1.45357484e-02   7.41354749e-02           27
sample_695.dat   1.03415288e-01   2.39554350e+06   6.02679849e-01   4.84990997e+02   1.27918012e-02   9.69331414e-02           27
sample_696.dat   1.02844864e-01   2.43920800e+06   6.02669179e-01   4.84990997e+02   1.44390641e-02   1.03724636e-01           29
sample_697.dat   1.07483096e-01   2.19054300e+06   6.02691889e-01   4.84990997e+02   1.02541083e-02   1.52999789e-01           27
sample_698.dat   1.04266651e-01   2.34854450e+06   6.02655470e-01   4.84990997e+02   1.31617729e-02   1.26316801e-01           26
sample_699.dat   1.03682093e-01   2.38288350e+06   6.02686644e-01   4.84990997e+02   1.34152211e-02   1.23553798e-01           27
