#ID, Rs, Dc, R200, Mvir, xoff, rho_rms, niter
000   1.07700989e-01   1.99557715e+04   5.63103676e-01   4.01700020e+00   1.74710974e-02   6.07798755e-01           23
001   9.28825289e-02   2.75929570e+04   5.66152930e-01   4.01700020e+00   2.01187935e-02   1.92478180e-01           27
002   7.88975731e-02   4.13953398e+04   5.57696879e-01   4.01700020e+00   3.31021361e-02   2.51417160e-01           26
003   1.11636519e-01   1.86244062e+04   5.66123009e-01   4.01700020e+00   2.60646287e-02   2.74112970e-01           29
004   1.26460820e-01   1.36413291e+04   5.64079046e-01   4.01700020e+00   2.58673560e-02   5.02618194e-01           24
005   1.12996705e-01   1.78322871e+04   5.64570367e-01   4.01700020e+00   3.42888795e-02   1.95764348e-01           23
006   1.08922526e-01   1.90876621e+04   5.65956593e-01   4.01700020e+00   4.05240320e-02   1.39395773e-01           22
007   1.10712402e-01   1.84811367e+04   5.65168798e-01   4.01700020e+00   2.09728945e-02   3.28113377e-01           27
008   1.30359605e-01   1.30858691e+04   5.61983109e-01   4.01700020e+00   5.64689599e-02   2.36281037e-01           25
009   7.73695111e-02   4.36565195e+04   5.65089345e-01   4.01700020e+00   4.34265770e-02   4.37551349e-01           26
010   7.51457810e-02   4.70013164e+04   5.64337254e-01   4.01700020e+00   3.34827751e-02   2.97040641e-01           24
011   8.20418000e-02   3.81604219e+04   5.63143790e-01   4.01700020e+00   2.17810981e-02   2.08649173e-01           23
012   1.42296448e-01   1.06293213e+04   5.61748505e-01   4.01700020e+00   3.02625243e-02   1.99141905e-01           26
013   8.80502611e-02   3.15202988e+04   5.56091547e-01   4.01700020e+00   3.11051141e-02   2.50427693e-01           25
014   1.04303084e-01   2.08401621e+04   5.64472556e-01   4.01700020e+00   3.28219645e-02   2.99869835e-01           23
015   8.29769298e-02   3.68972383e+04   5.61491907e-01   4.01700020e+00   2.40254588e-02   3.14964086e-01           27
016   6.79427087e-02   6.06220312e+04   5.65441251e-01   4.01700020e+00   3.47847492e-02   6.05376363e-01           23
017   1.06183179e-01   2.01755918e+04   5.66100895e-01   4.01700020e+00   3.29844132e-02   1.20017104e-01           23
018   9.02962834e-02   2.97298535e+04   5.64465165e-01   4.01700020e+00   1.69963278e-02   2.35741317e-01           27
019   9.31952596e-02   2.88761523e+04   5.62941194e-01   4.01700020e+00   4.10765968e-02   4.16848540e-01           24
020   8.73904601e-02   3.24531875e+04   5.65301538e-01   4.01700020e+00   1.98950488e-02   1.81053966e-01           25
021   8.13652873e-02   3.80702578e+04   5.63964844e-01   4.01700020e+00   4.81621884e-02   1.53602287e-01           23
022   9.94598866e-02   2.41914473e+04   5.65445840e-01   4.01700020e+00   4.71227281e-02   4.84324008e-01           22
023   1.01105347e-01   2.35028457e+04   5.65710604e-01   4.01700020e+00   3.79751027e-02   5.91562510e-01           22
024   1.08597808e-01   1.91773457e+04   5.66086233e-01   4.01700020e+00   5.31948023e-02   1.72799483e-01           21
025   8.57511088e-02   3.43535273e+04   5.65555155e-01   4.01700020e+00   3.30437347e-02   2.47097507e-01           25
026   1.06193818e-01   2.06241660e+04   5.61813772e-01   4.01700020e+00   7.72810280e-02   2.16799006e-01           24
027   9.52781066e-02   2.67625645e+04   5.63651025e-01   4.01700020e+00   1.77352615e-02   5.32774150e-01           23
028   6.46027848e-02   6.90916172e+04   5.66067696e-01   4.01700020e+00   2.52257045e-02   1.54495642e-01           21
029   8.20603892e-02   3.78471094e+04   5.65852880e-01   4.01700020e+00   3.93722020e-02   3.20694149e-01           23
030   8.64647329e-02   3.37560273e+04   5.65674782e-01   4.01700020e+00   3.02216336e-02   3.00338537e-01           21
031   6.68981299e-02   5.99359531e+04   5.65824330e-01   4.01700020e+00   3.27031054e-02   3.61040950e-01           24
032   7.50363916e-02   4.79628281e+04   5.66207945e-01   4.01700020e+00   5.08660413e-02   2.95535773e-01           30
033   6.85632676e-02   5.79789844e+04   5.66083431e-01   4.01700020e+00   5.36674745e-02   4.51115906e-01           23
034   1.12023532e-01   1.82206094e+04   5.66164613e-01   4.01700020e+00   5.09861261e-02   2.02155903e-01           27
035   1.03419006e-01   2.15448320e+04   5.63701808e-01   4.01700020e+00   2.94562634e-02   1.89510807e-01           26
036   6.89963624e-02   5.70047031e+04   5.64718544e-01   4.01700020e+00   1.18190749e-02   1.05296993e+00           19
037   9.38651785e-02   2.77380312e+04   5.60527384e-01   4.01700020e+00   2.71657705e-02   2.03050062e-01           25
038   8.96205828e-02   3.14710117e+04   5.59973657e-01   4.01700020e+00   3.07916831e-02   3.17534626e-01           27
039   9.56759974e-02   2.67660527e+04   5.65186143e-01   4.01700020e+00   3.95966973e-03   3.18928331e-01           24
040   1.04563698e-01   2.11763184e+04   5.63487887e-01   4.01700020e+00   4.59997319e-02   2.63341099e-01           24
041   9.92371216e-02   2.43387207e+04   5.65224648e-01   4.01700020e+00   4.63212803e-02   2.44220719e-01           26
042   1.07921384e-01   2.05482988e+04   5.63424528e-01   4.01700020e+00   3.97237800e-02   4.14903998e-01           25
043   1.28931150e-01   1.32394014e+04   5.65299213e-01   4.01700020e+00   1.65316947e-02   4.55868512e-01           24
044   9.33356360e-02   2.76012754e+04   5.66234350e-01   4.01700020e+00   2.23927684e-02   2.36214623e-01           26
045   1.03001431e-01   2.31458848e+04   5.61602771e-01   4.01700020e+00   1.84475239e-02   2.90571570e-01           25
046   9.21760499e-02   2.93687656e+04   5.64324498e-01   4.01700020e+00   1.82697829e-02   3.15262407e-01           23
047   8.05755481e-02   3.80659883e+04   5.62624335e-01   4.01700020e+00   3.45027484e-02   2.00912789e-01           21
048   8.81829485e-02   3.17069160e+04   5.63104570e-01   4.01700020e+00   5.45285083e-03   3.49101543e-01           28
049   8.77144039e-02   3.20558809e+04   5.61918437e-01   4.01700020e+00   4.35829014e-02   1.55154735e-01           26
050   1.03020795e-01   2.19208965e+04   5.64721763e-01   4.01700020e+00   2.90543772e-02   3.11672717e-01           22
051   1.23569734e-01   1.46632764e+04   5.65391243e-01   4.01700020e+00   3.03591974e-02   3.19040984e-01           24
052   9.33612958e-02   2.79757480e+04   5.64515829e-01   4.01700020e+00   2.29695980e-02   1.33347213e-01           27
053   6.68563619e-02   6.11520000e+04   5.63601315e-01   4.01700020e+00   3.03354096e-02   4.02691483e-01           22
054   8.69385600e-02   3.38238203e+04   5.65548658e-01   4.01700020e+00   1.08357705e-02   3.75260681e-01           28
055   9.51372162e-02   2.62914648e+04   5.64497709e-01   4.01700020e+00   6.04954250e-02   2.90049165e-01           24
056   9.09945443e-02   2.93365332e+04   5.65115333e-01   4.01700020e+00   1.72881987e-02   2.04996064e-01           25
057   7.77108073e-02   4.29262734e+04   5.64696312e-01   4.01700020e+00   2.09259577e-02   3.90851110e-01           23
058   7.71678612e-02   4.34445586e+04   5.62400460e-01   4.01700020e+00   3.26113589e-02   2.57529497e-01           25
059   8.84864181e-02   3.12087168e+04   5.65629780e-01   4.01700020e+00   4.37770151e-02   2.64161140e-01           24
060   1.00901045e-01   2.26716953e+04   5.62377751e-01   4.01700020e+00   3.86825763e-02   4.08969492e-01           22
061   8.93928036e-02   3.04809648e+04   5.64961255e-01   4.01700020e+00   2.54012961e-02   3.72072220e-01           24
062   9.55197290e-02   2.59653027e+04   5.65480590e-01   4.01700020e+00   3.03107928e-02   2.03440025e-01           24
063   6.91252574e-02   5.80787500e+04   5.64675391e-01   4.01700020e+00   3.84042189e-02   4.51118678e-01           26
064   1.03584982e-01   2.16873555e+04   5.66074371e-01   4.01700020e+00   2.19522472e-02   3.86280239e-01           25
065   1.07799351e-01   2.02353691e+04   5.65683484e-01   4.01700020e+00   5.27114533e-02   2.99331337e-01           26
066   9.23624039e-02   2.83853477e+04   5.65480232e-01   4.01700020e+00   1.73188802e-02   4.11852926e-01           25
067   1.00076877e-01   2.37257031e+04   5.60619652e-01   4.01700020e+00   1.15102436e-02   6.71649575e-01           22
068   7.10889027e-02   5.21615391e+04   5.61761320e-01   4.01700020e+00   2.14535668e-02   2.64271587e-01           21
069   7.92933255e-02   4.04539570e+04   5.64246893e-01   4.01700020e+00   4.87723351e-02   2.54688650e-01           25
070   7.85899907e-02   4.32195742e+04   5.56686640e-01   4.01700020e+00   2.82194372e-02   3.55407685e-01           26
071   9.92172211e-02   2.42766289e+04   5.66034079e-01   4.01700020e+00   2.71683224e-02   2.15322942e-01           27
072   7.98843876e-02   4.04700273e+04   5.62829137e-01   4.01700020e+00   2.15773042e-02   1.74724966e-01           23
073   1.02160893e-01   2.18166250e+04   5.65467894e-01   4.01700020e+00   3.89581099e-02   2.61978775e-01           25
074   1.14004299e-01   1.76049258e+04   5.65955758e-01   4.01700020e+00   4.73825857e-02   1.99191496e-01           25
075   7.47975335e-02   4.80497656e+04   5.64538181e-01   4.01700020e+00   5.34159988e-02   1.99720010e-01           26
076   1.45440608e-01   1.00320908e+04   5.65956175e-01   4.01700020e+00   3.63480374e-02   1.53397128e-01           25
077   1.03745170e-01   2.18982734e+04   5.60134292e-01   4.01700020e+00   2.93222442e-02   1.97193012e-01           26
078   1.39338151e-01   1.14468125e+04   5.65471411e-01   4.01700020e+00   4.30469625e-02   7.84153402e-01           20
079   8.76241624e-02   3.37960234e+04   5.65885246e-01   4.01700020e+00   1.74143314e-02   6.16538346e-01           27
080   8.67415145e-02   3.26027461e+04   5.58128238e-01   4.01700020e+00   2.03383658e-02   3.97224933e-01           23
081   1.01616673e-01   2.27445117e+04   5.62874675e-01   4.01700020e+00   2.02623382e-02   2.94712156e-01           26
082   1.02397360e-01   2.25684727e+04   5.64056754e-01   4.01700020e+00   4.03809436e-02   4.68277842e-01           25
083   1.00711867e-01   2.30381680e+04   5.61008692e-01   4.01700020e+00   3.36143598e-02   6.65658787e-02           23
084   8.35039094e-02   3.65740938e+04   5.66154420e-01   4.01700020e+00   4.01713252e-02   3.36651564e-01           23
085   7.67088979e-02   4.35463359e+04   5.64788878e-01   4.01700020e+00   3.46821249e-02   1.88935965e-01           27
086   1.25839889e-01   1.45390303e+04   5.64529777e-01   4.01700020e+00   5.25744930e-02   3.02910745e-01           27
087   1.04374602e-01   2.15180430e+04   5.62800467e-01   4.01700020e+00   3.04247513e-02   2.35247508e-01           28
088   7.87840113e-02   4.20646914e+04   5.65587938e-01   4.01700020e+00   6.53013438e-02   3.49584281e-01           23
089   1.15094863e-01   1.69559316e+04   5.63657284e-01   4.01700020e+00   3.28832790e-02   2.48876601e-01           27
090   8.30830261e-02   3.63881914e+04   5.63143790e-01   4.01700020e+00   3.49131711e-02   5.36342084e-01           24
091   8.85103196e-02   3.11665430e+04   5.65142334e-01   4.01700020e+00   2.77228765e-02   5.86104691e-01           24
092   9.98112634e-02   2.36000801e+04   5.64617515e-01   4.01700020e+00   3.17805037e-02   1.66299328e-01           25
093   8.98284465e-02   3.03818828e+04   5.65107107e-01   4.01700020e+00   2.73958892e-02   2.02093020e-01           24
094   9.26160216e-02   2.90019707e+04   5.61722934e-01   4.01700020e+00   4.75476496e-02   2.96223998e-01           25
095   8.49306583e-02   3.39180625e+04   5.60182393e-01   4.01700020e+00   2.27812678e-02   1.70328349e-01           26
096   1.04744121e-01   2.11959980e+04   5.64596772e-01   4.01700020e+00   2.13327855e-02   3.40419859e-01           25
097   1.00990824e-01   2.31700391e+04   5.65220535e-01   4.01700020e+00   2.24425327e-02   2.10623443e-01           26
098   9.97272432e-02   2.42902676e+04   5.60749710e-01   4.01700020e+00   2.06523910e-02   3.06678891e-01           27
099   1.05100513e-01   2.09041641e+04   5.65259457e-01   4.01700020e+00   2.26055235e-02   3.23875636e-01           27
100   1.21728577e-01   3.18630254e+04   5.65371335e-01   8.73600006e+00   2.59314533e-02   3.85439783e-01           22
101   9.82337669e-02   5.25746602e+04   5.64941645e-01   8.73600006e+00   3.15281451e-02   4.44892824e-01           27
102   1.11969911e-01   3.81203906e+04   5.66125453e-01   8.73600006e+00   1.27620539e-02   5.93660831e-01           23
103   9.54657346e-02   5.48463594e+04   5.62164485e-01   8.73600006e+00   3.79868560e-02   2.30949685e-01           23
104   9.46919471e-02   5.72122109e+04   5.66185296e-01   8.73600006e+00   2.89784335e-02   1.67269185e-01           29
105   9.45512280e-02   5.60144531e+04   5.66086233e-01   8.73600006e+00   3.97951752e-02   1.39300615e-01           24
106   1.11175254e-01   3.93480234e+04   5.64056754e-01   8.73600006e+00   4.93268669e-02   3.02128404e-01           24
107   1.15752675e-01   3.51633789e+04   5.65635502e-01   8.73600006e+00   2.56464425e-02   1.66255534e-01           20
108   1.08997032e-01   4.04620547e+04   5.65675676e-01   8.73600006e+00   1.52135212e-02   4.18005317e-01           24
109   8.65552574e-02   7.02669688e+04   5.65032661e-01   8.73600006e+00   2.13307757e-02   3.20339680e-01           28
110   9.44650993e-02   5.67106719e+04   5.65161526e-01   8.73600006e+00   2.48295590e-02   2.21473455e-01           26
111   1.23468392e-01   3.04703965e+04   5.66207945e-01   8.73600006e+00   2.84030717e-02   2.39302561e-01           28
112   7.97537714e-02   8.38606797e+04   5.64881444e-01   8.73600006e+00   1.87604073e-02   2.22359464e-01           25
113   1.14945695e-01   3.58509297e+04   5.63984334e-01   8.73600006e+00   3.57850790e-02   1.89629957e-01           24
114   1.27582252e-01   2.79416738e+04   5.65891087e-01   8.73600006e+00   2.12383550e-02   1.08101413e-01           20
115   1.15062095e-01   3.55974688e+04   5.63237667e-01   8.73600006e+00   2.22821962e-02   2.86231488e-01           24
116   1.12432837e-01   3.82012578e+04   5.65280676e-01   8.73600006e+00   3.23856436e-02   1.78377435e-01           27
117   9.78595987e-02   5.20739805e+04   5.63381255e-01   8.73600006e+00   1.99152566e-02   2.29632393e-01           23
118   8.19726735e-02   8.13416797e+04   5.65438628e-01   8.73600006e+00   2.11640373e-02   4.56528276e-01           22
119   1.18479975e-01   3.37688711e+04   5.65827608e-01   8.73600006e+00   4.18818444e-02   2.50557959e-01           27
120   1.20236292e-01   3.20284395e+04   5.65997243e-01   8.73600006e+00   3.71823609e-02   3.06466967e-01           24
121   1.27139091e-01   2.86720957e+04   5.65394402e-01   8.73600006e+00   1.67498253e-02   4.47806954e-01           25
122   9.68319848e-02   5.34759883e+04   5.65861702e-01   8.73600006e+00   3.88498269e-02   1.90829724e-01           26
123   9.33308899e-02   5.83185352e+04   5.65247357e-01   8.73600006e+00   1.20313847e-02   9.94679987e-01           24
124   1.07146539e-01   4.27896016e+04   5.64302564e-01   8.73600006e+00   9.93535388e-03   2.06163734e-01           26
125   9.95171964e-02   5.00301016e+04   5.65413296e-01   8.73600006e+00   2.36847606e-02   1.82361007e-01           29
126   1.18541554e-01   3.39554023e+04   5.65657258e-01   8.73600006e+00   9.09219310e-03   2.94441998e-01           23
127   1.04557447e-01   4.54437070e+04   5.66273391e-01   8.73600006e+00   3.68866362e-02   2.73716778e-01           27
128   9.67998505e-02   5.42963281e+04   5.64155340e-01   8.73600006e+00   5.09457029e-02   4.18176919e-01           24
129   8.76493379e-02   6.86501719e+04   5.66185296e-01   8.73600006e+00   1.64927058e-02   2.55475014e-01           29
130   1.26776248e-01   2.91448672e+04   5.66226721e-01   8.73600006e+00   1.55440848e-02   3.29347163e-01           24
131   1.34709314e-01   2.52414023e+04   5.65247357e-01   8.73600006e+00   2.64098197e-02   3.07745934e-01           28
132   1.05909660e-01   4.33303438e+04   5.66034138e-01   8.73600006e+00   4.86812741e-02   1.51683629e-01           27
133   1.13325089e-01   3.81575508e+04   5.65997243e-01   8.73600006e+00   3.63407806e-02   4.36236888e-01           25
134   1.18606791e-01   3.42606523e+04   5.63492417e-01   8.73600006e+00   3.44773233e-02   2.62414604e-01           30
135   8.19704682e-02   8.07690234e+04   5.65051019e-01   8.73600006e+00   1.62804630e-02   1.10295087e-01           29
136   1.02979295e-01   4.68549258e+04   5.64627707e-01   8.73600006e+00   9.01590846e-03   3.04924756e-01           25
137   1.10406339e-01   3.91871250e+04   5.65905094e-01   8.73600006e+00   4.65937443e-02   1.88103452e-01           26
138   1.12746105e-01   3.76552305e+04   5.66236615e-01   8.73600006e+00   2.17971019e-02   2.31744841e-01           28
139   1.17907889e-01   3.43061875e+04   5.65020680e-01   8.73600006e+00   2.63899881e-02   4.29758936e-01           24
140   1.08209565e-01   4.13114648e+04   5.65180540e-01   8.73600006e+00   2.51860190e-02   1.57208592e-01           26
141   1.08120330e-01   4.11681836e+04   5.64288318e-01   8.73600006e+00   3.47305685e-02   7.48107508e-02           26
142   1.13150813e-01   3.79679023e+04   5.66260517e-01   8.73600006e+00   6.33216556e-03   4.39362794e-01           25
143   9.99526232e-02   4.96200234e+04   5.65710366e-01   8.73600006e+00   1.23024033e-02   3.20587963e-01           24
144   1.35640830e-01   2.48945293e+04   5.65689981e-01   8.73600006e+00   2.09859088e-02   3.29692185e-01           26
145   1.07128218e-01   4.22670781e+04   5.62722862e-01   8.73600006e+00   3.31998803e-03   2.01724485e-01           24
146   1.13031447e-01   3.72295703e+04   5.65736771e-01   8.73600006e+00   2.73964480e-02   1.63979918e-01           26
147   1.37332454e-01   2.42396758e+04   5.64785957e-01   8.73600006e+00   4.53001149e-02   1.72981098e-01           28
148   1.22204915e-01   3.15644023e+04   5.65250278e-01   8.73600006e+00   2.58627962e-02   2.43943334e-01           28
149   1.16933011e-01   3.49651094e+04   5.65779448e-01   8.73600006e+00   3.27929705e-02   2.52628416e-01           27
150   1.02569431e-01   4.67455898e+04   5.65392196e-01   8.73600006e+00   3.94644029e-02   1.47307619e-01           25
151   1.15562461e-01   3.62088789e+04   5.65973699e-01   8.73600006e+00   1.71876065e-02   2.33174697e-01           24
152   1.16477713e-01   3.52407031e+04   5.66037416e-01   8.73600006e+00   2.42682472e-02   4.38938856e-01           25
153   1.13171473e-01   3.73437656e+04   5.64874113e-01   8.73600006e+00   1.97646078e-02   4.25196081e-01           28
154   1.14901863e-01   3.64524102e+04   5.66286802e-01   8.73600006e+00   1.33604910e-02   3.59021962e-01           25
155   1.02992579e-01   4.65135430e+04   5.66271186e-01   8.73600006e+00   2.06992701e-02   1.38385952e-01           22
156   1.17039956e-01   3.47327109e+04   5.65392792e-01   8.73600006e+00   1.18742883e-02   2.45793700e-01           25
157   1.15443915e-01   3.59332383e+04   5.64764738e-01   8.73600006e+00   4.10953313e-02   2.60526061e-01           25
158   8.75372812e-02   6.89999297e+04   5.65902710e-01   8.73600006e+00   3.28286216e-02   3.11435848e-01           24
159   8.93255100e-02   6.44583906e+04   5.65797865e-01   8.73600006e+00   1.77520905e-02   5.04216611e-01           24
160   1.07939251e-01   4.14440430e+04   5.65905094e-01   8.73600006e+00   2.61889622e-02   1.51815504e-01           26
161   1.21665627e-01   3.16055449e+04   5.65453291e-01   8.73600006e+00   3.81637923e-02   2.14134395e-01           24
162   1.20911062e-01   3.19795371e+04   5.65635681e-01   8.73600006e+00   2.10998394e-02   1.27141267e-01           27
163   9.32775140e-02   5.86811133e+04   5.65102577e-01   8.73600006e+00   4.18129750e-02   8.62387300e-01           20
164   1.14931986e-01   3.57697227e+04   5.65854073e-01   8.73600006e+00   3.56884114e-02   2.31716111e-01           24
165   1.10137865e-01   4.02240586e+04   5.64148426e-01   8.73600006e+00   1.75792743e-02   2.38580436e-01           29
166   1.07060239e-01   4.26961680e+04   5.65535486e-01   8.73600006e+00   1.32448925e-02   3.03387433e-01           24
167   1.24371924e-01   3.03978613e+04   5.66164374e-01   8.73600006e+00   2.63639260e-02   3.32144409e-01           29
168   9.65770781e-02   5.46685117e+04   5.65371335e-01   8.73600006e+00   2.27121469e-02   4.12001163e-01           26
169   1.02529101e-01   4.65469180e+04   5.65705061e-01   8.73600006e+00   1.45437187e-02   1.91422909e-01           26
170   1.04860164e-01   4.42482812e+04   5.65435410e-01   8.73600006e+00   1.31880203e-02   5.23987710e-01           25
171   1.09690018e-01   3.94847734e+04   5.65131724e-01   8.73600006e+00   4.13555056e-02   2.94619143e-01           22
172   8.54102522e-02   7.25288203e+04   5.65101624e-01   8.73600006e+00   1.44468965e-02   2.70091683e-01           25
173   1.00913309e-01   4.89961797e+04   5.65289736e-01   8.73600006e+00   1.44825494e-02   3.13643724e-01           27
174   1.21103235e-01   3.19834609e+04   5.65044820e-01   8.73600006e+00   4.88650016e-02   3.15036207e-01           25
175   1.15319356e-01   3.57757734e+04   5.62419176e-01   8.73600006e+00   3.41350287e-02   1.87316954e-01           25
176   1.00422271e-01   4.98861523e+04   5.63693821e-01   8.73600006e+00   1.81681719e-02   3.14992249e-01           26
177   9.54412073e-02   5.61876445e+04   5.66144586e-01   8.73600006e+00   4.15018648e-02   1.99091256e-01           25
178   9.88947302e-02   5.08708867e+04   5.65592587e-01   8.73600006e+00   3.22034918e-02   2.09930524e-01           24
179   1.09888785e-01   4.06392969e+04   5.65830231e-01   8.73600006e+00   2.85711326e-02   3.09340298e-01           25
180   1.15421928e-01   3.63099453e+04   5.65087497e-01   8.73600006e+00   2.50441283e-02   2.54779965e-01           27
181   1.01473629e-01   4.81244180e+04   5.65529287e-01   8.73600006e+00   3.43711004e-02   4.17758405e-01           27
182   1.11675628e-01   3.88088789e+04   5.64504743e-01   8.73600006e+00   1.57748405e-02   1.87669992e-01           26
183   9.60895494e-02   5.42182891e+04   5.64782977e-01   8.73600006e+00   4.79232743e-02   4.54450905e-01           25
184   1.16191655e-01   3.55797695e+04   5.64969301e-01   8.73600006e+00   2.32515987e-02   1.64534539e-01           24
185   1.01684541e-01   4.72898516e+04   5.65309584e-01   8.73600006e+00   4.84654494e-02   3.52603912e-01           24
186   1.12697519e-01   3.78979023e+04   5.66007674e-01   8.73600006e+00   2.64585875e-02   1.32047623e-01           25
187   9.34751928e-02   5.90798477e+04   5.66236615e-01   8.73600006e+00   3.32172625e-02   1.47316307e-01           25
188   1.09966516e-01   4.05180703e+04   5.65731227e-01   8.73600006e+00   1.64464284e-02   2.22548455e-01           26
189   1.17689513e-01   3.51333867e+04   5.65885246e-01   8.73600006e+00   1.80269834e-02   2.14121997e-01           29
190   8.81602690e-02   6.75024922e+04   5.66260517e-01   8.73600006e+00   7.75805255e-03   3.25147063e-01           28
191   1.24116108e-01   3.03683320e+04   5.65016448e-01   8.73600006e+00   1.55653981e-02   1.39289275e-01           27
192   1.06771410e-01   4.37513906e+04   5.66208482e-01   8.73600006e+00   8.02354421e-03   2.68299371e-01           26
193   1.00654617e-01   4.89978906e+04   5.66226721e-01   8.73600006e+00   2.58235615e-02   2.43999869e-01           25
194   1.18652008e-01   3.29429766e+04   5.66099465e-01   8.73600006e+00   3.42872329e-02   2.12028727e-01           24
195   9.66230184e-02   5.38619102e+04   5.64742923e-01   8.73600006e+00   2.68442072e-02   1.53241500e-01           26
196   1.04135759e-01   4.55432891e+04   5.65508962e-01   8.73600006e+00   3.90311591e-02   1.42791986e-01           25
197   9.76913199e-02   5.38936445e+04   5.65801322e-01   8.73600006e+00   3.45731266e-02   4.05835629e-01           26
198   1.14298314e-01   3.69670312e+04   5.64830601e-01   8.73600006e+00   3.95966731e-02   2.84835011e-01           25
199   9.23657417e-02   5.97764414e+04   5.65588772e-01   8.73600006e+00   2.11342108e-02   1.65837228e-01           26
200   1.31592602e-01   5.59832852e+04   5.65992117e-01   1.87070007e+01   2.33035237e-02   3.00255626e-01           28
201   1.17546692e-01   7.32937656e+04   5.65466583e-01   1.87070007e+01   2.99055483e-02   1.74887538e-01           29
202   1.02358341e-01   9.96684609e+04   5.65808773e-01   1.87070007e+01   2.88120359e-02   3.04914474e-01           27
203   1.06974162e-01   9.07278672e+04   5.65814912e-01   1.87070007e+01   6.56647654e-03   3.07237178e-01           26
204   1.09002151e-01   8.60099297e+04   5.66182613e-01   1.87070007e+01   2.18797065e-02   7.98831657e-02           28
205   1.22639701e-01   6.51787539e+04   5.66004097e-01   1.87070007e+01   2.94896252e-02   6.68716788e-01           23
206   9.29101184e-02   1.25099203e+05   5.66144586e-01   1.87070007e+01   1.69508327e-02   1.73099518e-01           26
207   1.09716468e-01   8.57343203e+04   5.66167176e-01   1.87070007e+01   5.82277682e-03   1.61997035e-01           28
208   1.12588830e-01   8.03522812e+04   5.65731227e-01   1.87070007e+01   2.48453841e-02   1.73638090e-01           27
209   1.14639126e-01   7.69705078e+04   5.64384878e-01   1.87070007e+01   2.96919905e-02   1.08213633e-01           27
210   1.14429742e-01   7.70900078e+04   5.66284299e-01   1.87070007e+01   2.76538432e-02   2.98708171e-01           29
211   1.15943640e-01   7.47641562e+04   5.66273451e-01   1.87070007e+01   2.29793619e-02   4.49528158e-01           23
212   1.09387808e-01   8.52880156e+04   5.65482676e-01   1.87070007e+01   2.11079363e-02   3.45045894e-01           25
213   1.05374709e-01   9.24649531e+04   5.65592587e-01   1.87070007e+01   1.56881437e-02   2.22113967e-01           28
214   1.11766122e-01   8.10217578e+04   5.65018713e-01   1.87070007e+01   3.20493802e-02   3.43730062e-01           24
215   1.15621954e-01   7.55577031e+04   5.65587044e-01   1.87070007e+01   3.30261551e-02   1.64958000e-01           27
216   1.16403371e-01   7.39713359e+04   5.66229999e-01   1.87070007e+01   1.82179399e-02   1.48259312e-01           25
217   1.03108153e-01   9.74848672e+04   5.66097021e-01   1.87070007e+01   2.87446622e-02   1.08597100e-01           27
218   1.11307681e-01   8.23060312e+04   5.65851629e-01   1.87070007e+01   2.32224669e-02   1.93198681e-01           27
219   1.11417599e-01   8.21492734e+04   5.66234350e-01   1.87070007e+01   3.09723914e-02   4.97196525e-01           28
220   1.19304746e-01   7.03287031e+04   5.66008985e-01   1.87070007e+01   2.01666467e-02   2.31179923e-01           26
221   1.18012331e-01   7.16173750e+04   5.64986348e-01   1.87070007e+01   1.75387785e-02   2.93474764e-01           25
222   1.22933835e-01   6.54719727e+04   5.66039562e-01   1.87070007e+01   2.96842717e-02   1.31234854e-01           28
223   1.11364022e-01   8.15531484e+04   5.65939426e-01   1.87070007e+01   1.56981256e-02   1.51544034e-01           25
224   9.94564742e-02   1.07477023e+05   5.65263033e-01   1.87070007e+01   8.00006557e-03   2.19520181e-01           25
225   1.19020581e-01   7.04624297e+04   5.66275060e-01   1.87070007e+01   1.58568081e-02   1.40669674e-01           30
226   1.24256678e-01   6.43832148e+04   5.66090465e-01   1.87070007e+01   1.95733644e-02   1.23086482e-01           25
227   1.07120357e-01   8.91475625e+04   5.65954030e-01   1.87070007e+01   2.25322619e-02   7.76969790e-01           26
228   1.02359429e-01   9.95534062e+04   5.66273451e-01   1.87070007e+01   2.13490669e-02   4.76117700e-01           25
229   1.07488707e-01   9.01589062e+04   5.65464377e-01   1.87070007e+01   1.93166416e-02   1.75143287e-01           28
230   1.15761705e-01   7.56410547e+04   5.65828085e-01   1.87070007e+01   2.28610411e-02   2.62059212e-01           27
231   1.32148117e-01   5.64119922e+04   5.66097021e-01   1.87070007e+01   2.76028235e-02   3.22406501e-01           27
232   1.19882427e-01   6.90099219e+04   5.65921485e-01   1.87070007e+01   2.45938580e-02   1.87249944e-01           24
233   1.10275209e-01   8.44164531e+04   5.66048265e-01   1.87070007e+01   3.84838134e-02   1.46641597e-01           23
234   1.31032154e-01   5.65841719e+04   5.65695941e-01   1.87070007e+01   3.16230655e-02   2.58785516e-01           29
235   9.47513357e-02   1.19028469e+05   5.65096438e-01   1.87070007e+01   2.94276811e-02   3.66944999e-01           27
236   1.14269122e-01   7.71963750e+04   5.66211462e-01   1.87070007e+01   2.98285112e-02   3.42894435e-01           26
237   1.07342772e-01   8.98646094e+04   5.66276073e-01   1.87070007e+01   2.66815163e-02   1.11421816e-01           28
238   1.18486010e-01   7.08758438e+04   5.65392435e-01   1.87070007e+01   2.76608653e-02   3.07368100e-01           26
239   1.28752410e-01   5.89631797e+04   5.64667463e-01   1.87070007e+01   1.45646976e-02   7.51147047e-02           25
240   1.15980580e-01   7.49938672e+04   5.66285968e-01   1.87070007e+01   1.10015990e-02   2.59903550e-01           28
241   1.10664025e-01   8.25753203e+04   5.66285670e-01   1.87070007e+01   1.29811708e-02   4.63623285e-01           24
242   1.12087473e-01   8.02653438e+04   5.66278338e-01   1.87070007e+01   2.46042665e-02   1.96283445e-01           24
243   1.08422875e-01   8.69021641e+04   5.66239417e-01   1.87070007e+01   1.41253835e-02   8.28123987e-02           26
244   1.13076814e-01   7.95227266e+04   5.66253662e-01   1.87070007e+01   3.71304676e-02   2.72466242e-01           28
245   1.11040846e-01   8.21378594e+04   5.65316319e-01   1.87070007e+01   3.27980728e-03   3.06231350e-01           27
246   1.08058885e-01   8.72173516e+04   5.66197574e-01   1.87070007e+01   2.19018552e-02   1.23959996e-01           23
247   1.00371666e-01   1.04347406e+05   5.66212535e-01   1.87070007e+01   2.11066622e-02   5.49432218e-01           25
248   1.20453455e-01   6.88149453e+04   5.65939426e-01   1.87070007e+01   1.72720049e-02   2.60568470e-01           28
249   1.15626566e-01   7.51355234e+04   5.66272199e-01   1.87070007e+01   1.60747357e-02   1.37147412e-01           26
250   1.04999766e-01   9.39128203e+04   5.66100895e-01   1.87070007e+01   2.33537890e-02   4.55866665e-01           28
251   1.24781586e-01   6.35265703e+04   5.66284299e-01   1.87070007e+01   2.49924585e-02   1.95464686e-01           26
252   1.30053461e-01   5.74912461e+04   5.66161752e-01   1.87070007e+01   4.11560200e-02   9.70169380e-02           27
253   1.13008425e-01   7.93207109e+04   5.66185296e-01   1.87070007e+01   1.46218985e-02   2.07895264e-01           26
254   1.11008309e-01   8.30501250e+04   5.66034079e-01   1.87070007e+01   1.64573472e-02   1.61189154e-01           27
255   1.04087062e-01   9.62691641e+04   5.65865278e-01   1.87070007e+01   2.13715974e-02   1.47721857e-01           28
256   1.07374646e-01   9.05508125e+04   5.66106677e-01   1.87070007e+01   3.01318876e-02   1.00152984e-01           28
257   1.13770030e-01   7.79352734e+04   5.65736771e-01   1.87070007e+01   2.08749995e-02   2.24667713e-01           28
258   1.19671121e-01   6.96236172e+04   5.66133499e-01   1.87070007e+01   4.70418707e-02   1.85470119e-01           29
259   1.21362813e-01   6.70189766e+04   5.66123009e-01   1.87070007e+01   2.41069626e-02   2.31010020e-01           26
260   1.11404501e-01   8.25550312e+04   5.65660000e-01   1.87070007e+01   2.45295931e-02   1.66669622e-01           28
261   1.08299606e-01   8.63358047e+04   5.65854073e-01   1.87070007e+01   4.18195054e-02   1.43313512e-01           27
262   1.18032679e-01   7.09943047e+04   5.66212535e-01   1.87070007e+01   2.20700763e-02   2.35214710e-01           26
263   1.07632868e-01   8.85803438e+04   5.65734565e-01   1.87070007e+01   2.11096238e-02   1.77002758e-01           25
264   1.32889584e-01   5.51362812e+04   5.65856695e-01   1.87070007e+01   2.78002080e-02   1.06823690e-01           26
265   1.09654188e-01   8.45026484e+04   5.66133499e-01   1.87070007e+01   2.91814711e-02   7.75330603e-01           25
266   1.14097148e-01   7.87664141e+04   5.65211356e-01   1.87070007e+01   1.89040080e-02   1.51246548e-01           28
267   9.55485031e-02   1.17423594e+05   5.64618528e-01   1.87070007e+01   1.64892208e-02   2.95161098e-01           25
268   1.06740512e-01   9.05648672e+04   5.66265702e-01   1.87070007e+01   2.69220024e-02   1.11100703e-01           30
269   1.28151059e-01   6.05118594e+04   5.65189719e-01   1.87070007e+01   2.89690197e-02   2.18664780e-01           30
270   1.17099263e-01   7.36433984e+04   5.65956593e-01   1.87070007e+01   1.65828951e-02   1.14819400e-01           26
271   1.20851643e-01   6.80489766e+04   5.65391243e-01   1.87070007e+01   1.94321945e-02   1.11016735e-01           26
272   1.19974867e-01   6.96509922e+04   5.66182613e-01   1.87070007e+01   1.17689772e-02   6.48057878e-01           28
273   1.10485859e-01   8.41063672e+04   5.65737545e-01   1.87070007e+01   2.37260070e-02   2.78420955e-01           28
274   1.27035171e-01   6.05846992e+04   5.66152930e-01   1.87070007e+01   2.86107976e-02   1.68207213e-01           24
275   1.05465375e-01   9.39787188e+04   5.65888762e-01   1.87070007e+01   1.79125536e-02   1.27385527e-01           29
276   9.88423899e-02   1.06771711e+05   5.66082478e-01   1.87070007e+01   1.78274475e-02   3.16096425e-01           22
277   1.07851453e-01   8.69528906e+04   5.66144288e-01   1.87070007e+01   3.60953249e-02   1.92436486e-01           27
278   1.12658791e-01   8.02229297e+04   5.65480888e-01   1.87070007e+01   2.06816643e-02   4.21303570e-01           26
279   1.09819949e-01   8.41896562e+04   5.64350069e-01   1.87070007e+01   1.31941102e-02   1.01949967e-01           26
280   9.72690061e-02   1.10911523e+05   5.66272199e-01   1.87070007e+01   2.06829607e-02   2.51569718e-01           26
281   1.17483437e-01   7.22373438e+04   5.65967858e-01   1.87070007e+01   1.86003912e-02   2.34368548e-01           27
282   1.12422220e-01   7.95669453e+04   5.65890253e-01   1.87070007e+01   2.66908724e-02   3.28243047e-01           27
283   9.07125622e-02   1.33422703e+05   5.66182613e-01   1.87070007e+01   2.99799368e-02   2.13544130e-01           26
284   1.05346851e-01   9.27592266e+04   5.65619767e-01   1.87070007e+01   4.13561277e-02   3.11515868e-01           27
285   1.28923386e-01   5.93220586e+04   5.65717399e-01   1.87070007e+01   1.68426894e-02   2.92972386e-01           28
286   1.19392708e-01   6.99032422e+04   5.66274822e-01   1.87070007e+01   1.99063197e-02   1.84414804e-01           26
287   1.19367287e-01   6.92845859e+04   5.66185296e-01   1.87070007e+01   4.12535816e-02   2.61065871e-01           26
288   1.06407516e-01   9.08876406e+04   5.66260517e-01   1.87070007e+01   3.17569524e-02   1.81619197e-01           28
289   1.20383509e-01   6.85159766e+04   5.66149294e-01   1.87070007e+01   3.17722000e-02   1.46690041e-01           26
290   1.17184937e-01   7.32330781e+04   5.66213369e-01   1.87070007e+01   2.11525783e-02   1.11417793e-01           25
291   1.07455634e-01   8.91675391e+04   5.65624356e-01   1.87070007e+01   1.81501675e-02   1.57056108e-01           26
292   1.21640868e-01   6.71374375e+04   5.66150248e-01   1.87070007e+01   5.27512729e-02   2.03879565e-01           28
293   1.15638763e-01   7.61904609e+04   5.66164374e-01   1.87070007e+01   2.25887205e-02   2.13568836e-01           29
294   1.28065556e-01   6.02301094e+04   5.66273451e-01   1.87070007e+01   1.29798697e-02   1.72549352e-01           30
295   1.32296354e-01   5.60545742e+04   5.66065729e-01   1.87070007e+01   1.78679489e-02   1.44768611e-01           27
296   1.13827318e-01   7.81999062e+04   5.66273391e-01   1.87070007e+01   3.23318131e-02   1.53690130e-01           26
297   1.00818843e-01   1.02636492e+05   5.65968037e-01   1.87070007e+01   2.59424262e-02   4.58695859e-01           23
298   1.10442311e-01   8.41412969e+04   5.66039562e-01   1.87070007e+01   2.83120461e-02   2.59614259e-01           26
299   1.14191912e-01   7.79605234e+04   5.66272199e-01   1.87070007e+01   2.30888911e-02   1.53519511e-01           27
300   1.18300326e-01   1.53307188e+05   5.66104472e-01   4.02220001e+01   1.70850474e-02   2.32006744e-01           29
301   1.14137851e-01   1.66162766e+05   5.66113174e-01   4.02220001e+01   2.37946697e-02   8.33271295e-02           28
302   1.18640415e-01   1.51762734e+05   5.65893054e-01   4.02220001e+01   1.92901641e-02   1.99503228e-01           28
303   1.04553148e-01   2.01551141e+05   5.66178381e-01   4.02220001e+01   2.39103679e-02   2.53110439e-01           26
304   1.20173074e-01   1.48077266e+05   5.66078663e-01   4.02220001e+01   2.03243736e-02   1.06727950e-01           29
305   1.18539229e-01   1.51518688e+05   5.66276073e-01   4.02220001e+01   1.99155491e-02   1.41072884e-01           26
306   1.16719671e-01   1.57007219e+05   5.65675676e-01   4.02220001e+01   3.08278296e-02   1.44770503e-01           27
307   1.11436710e-01   1.74163797e+05   5.66034138e-01   4.02220001e+01   2.80443244e-02   5.33192217e-01           24
308   1.13199845e-01   1.68861156e+05   5.66202700e-01   4.02220001e+01   3.36368233e-02   1.15061440e-01           28
309   1.19080998e-01   1.49599266e+05   5.66234350e-01   4.02220001e+01   2.55010445e-02   1.61983728e-01           28
310   1.23351596e-01   1.38487453e+05   5.66285670e-01   4.02220001e+01   1.41212260e-02   1.50448054e-01           26
311   1.19965836e-01   1.47494453e+05   5.66150665e-01   4.02220001e+01   2.98008583e-02   1.15918152e-01           29
312   1.33461908e-01   1.16150375e+05   5.66194475e-01   4.02220001e+01   2.29787603e-02   2.39785045e-01           26
313   1.19983137e-01   1.47439047e+05   5.65497279e-01   4.02220001e+01   2.76934784e-02   2.14042440e-01           24
314   1.18387498e-01   1.52686609e+05   5.66076040e-01   4.02220001e+01   2.97916122e-02   1.17789976e-01           27
315   1.20276392e-01   1.46701016e+05   5.66046238e-01   4.02220001e+01   2.05567479e-02   2.60485977e-01           27
316   1.31785899e-01   1.18791445e+05   5.66037416e-01   4.02220001e+01   2.61580646e-02   1.33110583e-01           26
317   1.20843776e-01   1.46329094e+05   5.66189706e-01   4.02220001e+01   2.42598653e-02   1.08220205e-01           27
318   9.90103558e-02   2.27730562e+05   5.66174686e-01   4.02220001e+01   2.88835354e-02   1.21591598e-01           25
319   1.08758315e-01   1.84717172e+05   5.66176414e-01   4.02220001e+01   2.16867141e-02   2.58462459e-01           27
320   1.17626302e-01   1.54993250e+05   5.66117287e-01   4.02220001e+01   1.88136287e-02   7.84472972e-02           29
321   1.13797776e-01   1.66018141e+05   5.65431237e-01   4.02220001e+01   1.16905989e-02   7.88017511e-02           25
322   1.05076090e-01   1.99216688e+05   5.66164613e-01   4.02220001e+01   2.32778154e-02   2.49168351e-01           25
323   1.13711566e-01   1.67932875e+05   5.66099465e-01   4.02220001e+01   1.72354877e-02   8.51312205e-02           28
324   1.07103951e-01   1.91074344e+05   5.66212058e-01   4.02220001e+01   1.99776795e-02   1.47035971e-01           25
325   1.24636874e-01   1.34856656e+05   5.66215932e-01   4.02220001e+01   1.94693767e-02   8.94892886e-02           27
326   1.17823884e-01   1.53755188e+05   5.66114008e-01   4.02220001e+01   3.01387161e-02   2.16337591e-01           29
327   1.17179625e-01   1.55944062e+05   5.66154420e-01   4.02220001e+01   2.34408472e-02   2.03700498e-01           28
328   1.10219367e-01   1.79138047e+05   5.65879583e-01   4.02220001e+01   1.78584773e-02   1.97257936e-01           27
329   1.13460243e-01   1.68125531e+05   5.66150248e-01   4.02220001e+01   1.60782523e-02   1.66018665e-01           29
330   1.06965877e-01   1.91690828e+05   5.66272199e-01   4.02220001e+01   2.31723823e-02   1.43947303e-01           29
331   1.11960903e-01   1.72237938e+05   5.66167176e-01   4.02220001e+01   2.00840216e-02   1.18701041e-01           23
332   1.18461698e-01   1.52136625e+05   5.65263033e-01   4.02220001e+01   1.58974845e-02   2.67624706e-01           24
333   1.15956679e-01   1.59940094e+05   5.66113174e-01   4.02220001e+01   2.47405022e-02   1.60494059e-01           25
334   1.26291245e-01   1.32647828e+05   5.66284299e-01   4.02220001e+01   1.94808450e-02   1.10447444e-01           30
335   1.16851531e-01   1.57631906e+05   5.66202819e-01   4.02220001e+01   2.92134546e-02   1.93083152e-01           28
336   1.17312878e-01   1.55299625e+05   5.65960646e-01   4.02220001e+01   1.63180493e-02   1.25026613e-01           26
337   1.16737105e-01   1.55989922e+05   5.66197574e-01   4.02220001e+01   1.87352914e-02   1.28936335e-01           25
338   1.20177522e-01   1.47584781e+05   5.65528333e-01   4.02220001e+01   3.26342843e-02   8.97902995e-02           29
339   1.13001578e-01   1.69031297e+05   5.66083431e-01   4.02220001e+01   2.54924055e-02   2.91054308e-01           26
340   1.15006112e-01   1.60960688e+05   5.65671146e-01   4.02220001e+01   3.00470274e-02   1.97618186e-01           21
341   1.16417751e-01   1.56702734e+05   5.66226721e-01   4.02220001e+01   1.94725730e-02   5.47631562e-01           24
342   1.17184818e-01   1.54887125e+05   5.65808773e-01   4.02220001e+01   1.88139677e-02   2.32420713e-01           26
343   1.13719158e-01   1.66594172e+05   5.66117287e-01   4.02220001e+01   1.92591082e-02   5.96798770e-02           28
344   1.12841971e-01   1.69814938e+05   5.66284299e-01   4.02220001e+01   2.34895609e-02   2.12041616e-01           26
345   1.27670184e-01   1.29146852e+05   5.66108286e-01   4.02220001e+01   2.49818582e-02   2.24966466e-01           29
346   1.13953851e-01   1.65707156e+05   5.65782607e-01   4.02220001e+01   3.14939134e-02   1.39858231e-01           25
347   1.11692704e-01   1.74565375e+05   5.66039562e-01   4.02220001e+01   2.34571360e-02   3.54978085e-01           30
348   1.14046916e-01   1.65363141e+05   5.65783262e-01   4.02220001e+01   1.61257964e-02   3.60657781e-01           25
349   1.18781649e-01   1.51254828e+05   5.65596104e-01   4.02220001e+01   1.52898068e-02   2.72783637e-01           27
350   1.14909790e-01   1.63566625e+05   5.66164613e-01   4.02220001e+01   2.58837678e-02   1.46479696e-01           29
351   1.14866018e-01   1.64146828e+05   5.66197574e-01   4.02220001e+01   1.91323776e-02   1.76306412e-01           28
352   1.08526349e-01   1.85584000e+05   5.66222072e-01   4.02220001e+01   3.16909961e-02   2.09271148e-01           29
353   1.17527850e-01   1.54971703e+05   5.66212535e-01   4.02220001e+01   1.88162383e-02   6.61030859e-02           25
354   1.22310035e-01   1.42359953e+05   5.65992951e-01   4.02220001e+01   2.82602198e-02   9.79309753e-02           29
355   1.26357362e-01   1.31053305e+05   5.66026390e-01   4.02220001e+01   2.38445271e-02   1.58111706e-01           27
356   1.14994712e-01   1.62744922e+05   5.66179335e-01   4.02220001e+01   2.44330578e-02   2.26106450e-01           25
357   1.16405673e-01   1.59194828e+05   5.65684497e-01   4.02220001e+01   2.66666990e-02   2.24760666e-01           29
358   1.10902943e-01   1.77097891e+05   5.66163003e-01   4.02220001e+01   2.87156366e-02   9.40210298e-02           28
359   1.04803547e-01   2.02481000e+05   5.65740228e-01   4.02220001e+01   1.69061907e-02   2.19400316e-01           28
360   1.15528822e-01   1.60560859e+05   5.66235602e-01   4.02220001e+01   1.95443630e-02   1.75129086e-01           29
361   1.16887674e-01   1.56039031e+05   5.66065729e-01   4.02220001e+01   2.14191247e-02   1.97308645e-01           27
362   1.14249155e-01   1.65461359e+05   5.66108286e-01   4.02220001e+01   2.32520998e-02   2.03655809e-01           29
363   1.11105919e-01   1.75939469e+05   5.65810502e-01   4.02220001e+01   1.82997286e-02   1.04847468e-01           28
364   1.11214675e-01   1.76208469e+05   5.65939426e-01   4.02220001e+01   1.53692458e-02   1.29090875e-01           26
365   1.15751967e-01   1.60084922e+05   5.65700352e-01   4.02220001e+01   2.28947178e-02   3.15267533e-01           25
366   1.10481054e-01   1.78513562e+05   5.66137373e-01   4.02220001e+01   1.77833289e-02   1.02661930e-01           27
367   1.22608118e-01   1.41363500e+05   5.66217065e-01   4.02220001e+01   1.76625885e-02   9.00726989e-02           30
368   1.18321270e-01   1.52705625e+05   5.66273689e-01   4.02220001e+01   1.97805651e-02   1.34603530e-01           28
369   1.14064775e-01   1.66406594e+05   5.65645516e-01   4.02220001e+01   2.40705740e-02   1.47296384e-01           30
370   1.11412063e-01   1.75203141e+05   5.66078663e-01   4.02220001e+01   3.03128492e-02   6.09911144e-01           26
371   1.14519179e-01   1.64863438e+05   5.65808773e-01   4.02220001e+01   2.46778224e-02   1.18407875e-01           27
372   1.11610018e-01   1.74231016e+05   5.65956593e-01   4.02220001e+01   1.29421139e-02   2.37956822e-01           27
373   1.11269683e-01   1.76617094e+05   5.66180706e-01   4.02220001e+01   2.79611312e-02   1.75407633e-01           30
374   1.09932140e-01   1.79567922e+05   5.66082478e-01   4.02220001e+01   2.85167117e-02   1.35104433e-01           26
375   1.12771995e-01   1.69896188e+05   5.66212535e-01   4.02220001e+01   3.37717161e-02   1.44917011e-01           26
376   1.26496613e-01   1.31408609e+05   5.65986574e-01   4.02220001e+01   2.59596109e-02   1.13178246e-01           28
377   1.25188828e-01   1.34505312e+05   5.65948784e-01   4.02220001e+01   1.68582201e-02   2.30101421e-01           28
378   1.17773980e-01   1.55477812e+05   5.65458119e-01   4.02220001e+01   3.03993784e-02   1.34009540e-01           27
379   1.22279167e-01   1.42396859e+05   5.66150665e-01   4.02220001e+01   3.67694013e-02   8.35066661e-02           27
380   1.17683172e-01   1.55202266e+05   5.66180706e-01   4.02220001e+01   1.17817046e-02   8.95408541e-02           28
381   1.11007653e-01   1.74983453e+05   5.66044688e-01   4.02220001e+01   2.46126186e-02   3.14652413e-01           27
382   1.13839477e-01   1.65974203e+05   5.66004097e-01   4.02220001e+01   2.11809855e-02   2.64472902e-01           30
383   1.24270350e-01   1.36344453e+05   5.65874934e-01   4.02220001e+01   2.85964459e-02   1.05823323e-01           28
384   1.16978846e-01   1.57925031e+05   5.66103518e-01   4.02220001e+01   1.87840834e-02   1.85558349e-01           27
385   1.20399281e-01   1.45942516e+05   5.65780163e-01   4.02220001e+01   1.69619955e-02   6.57626465e-02           28
386   1.21382304e-01   1.44143234e+05   5.65960646e-01   4.02220001e+01   1.90847758e-02   9.22021791e-02           26
387   1.19465686e-01   1.48171750e+05   5.65804780e-01   4.02220001e+01   2.88749821e-02   1.44254357e-01           26
388   1.16788097e-01   1.56575844e+05   5.66152930e-01   4.02220001e+01   3.38081494e-02   1.37341246e-01           26
389   1.12419799e-01   1.71300031e+05   5.66257656e-01   4.02220001e+01   2.92648990e-02   2.29984134e-01           26
390   1.04856521e-01   2.02212312e+05   5.66039562e-01   4.02220001e+01   3.50014195e-02   3.54456574e-01           27
391   1.15983069e-01   1.58981953e+05   5.66078305e-01   4.02220001e+01   2.36734468e-02   1.51489437e-01           26
392   1.19262435e-01   1.49147469e+05   5.66192150e-01   4.02220001e+01   2.02442929e-02   6.79336846e-01           26
393   1.27600849e-01   1.28437820e+05   5.65965712e-01   4.02220001e+01   1.96004212e-02   2.67641753e-01           29
394   1.24390401e-01   1.36860172e+05   5.65926254e-01   4.02220001e+01   2.35316269e-02   1.09183393e-01           29
395   1.25815332e-01   1.32162375e+05   5.66265702e-01   4.02220001e+01   2.76865233e-02   1.54514208e-01           28
396   1.09767213e-01   1.80083781e+05   5.66208482e-01   4.02220001e+01   1.15639325e-02   3.21527123e-01           25
397   1.19906276e-01   1.47652391e+05   5.65965712e-01   4.02220001e+01   1.71379521e-02   1.60237283e-01           27
398   1.25550032e-01   1.33151359e+05   5.66076040e-01   4.02220001e+01   1.71397217e-02   2.89039612e-01           28
399   1.06663674e-01   1.94654391e+05   5.66226721e-01   4.02220001e+01   2.69906372e-02   2.45994106e-01           30
400   1.19576365e-01   3.28815312e+05   5.66235602e-01   8.93880005e+01   3.25858779e-02   1.90787777e-01           28
401   1.15707658e-01   3.55463562e+05   5.66284299e-01   8.93880005e+01   2.54400950e-02   1.31138414e-01           29
402   1.18178345e-01   3.38384312e+05   5.66229999e-01   8.93880005e+01   2.16878392e-02   1.35272667e-01           30
403   1.16623305e-01   3.47388281e+05   5.66278160e-01   8.93880005e+01   2.14802511e-02   1.43883988e-01           25
404   1.18880264e-01   3.31988281e+05   5.66234350e-01   8.93880005e+01   2.15785298e-02   1.12915285e-01           25
405   1.23059101e-01   3.08908188e+05   5.66279829e-01   8.93880005e+01   1.37914587e-02   1.17014237e-01           29
406   1.12726346e-01   3.77666094e+05   5.66234350e-01   8.93880005e+01   2.51909215e-02   9.48937610e-02           29
407   1.09902523e-01   3.99162344e+05   5.66041768e-01   8.93880005e+01   2.30832994e-02   1.33674458e-01           28
408   1.12801850e-01   3.74010781e+05   5.66211462e-01   8.93880005e+01   2.68166699e-02   1.20309182e-01           26
409   1.17455356e-01   3.42084719e+05   5.66147566e-01   8.93880005e+01   2.18431856e-02   2.04055503e-01           29
410   1.15260988e-01   3.58374438e+05   5.66251099e-01   8.93880005e+01   2.75028814e-02   1.08301669e-01           27
411   1.19413778e-01   3.29306688e+05   5.66285968e-01   8.93880005e+01   1.58953648e-02   7.24061430e-02           27
412   1.20772548e-01   3.20940188e+05   5.66229999e-01   8.93880005e+01   2.86964942e-02   1.12408824e-01           27
413   1.15026616e-01   3.58761406e+05   5.66125453e-01   8.93880005e+01   1.95202474e-02   1.41370803e-01           29
414   1.22844748e-01   3.08648719e+05   5.66176414e-01   8.93880005e+01   1.88735891e-02   1.11244664e-01           27
415   1.20783113e-01   3.20058875e+05   5.66278160e-01   8.93880005e+01   1.47668701e-02   1.24735385e-01           26
416   1.20335244e-01   3.21957500e+05   5.66260517e-01   8.93880005e+01   1.67963970e-02   3.41853723e-02           20
417   1.13755614e-01   3.67580406e+05   5.66278338e-01   8.93880005e+01   2.40302850e-02   1.08764030e-01           23
418   1.24520957e-01   3.00819812e+05   5.66125274e-01   8.93880005e+01   2.12680362e-02   9.62130502e-02           27
419   1.19804934e-01   3.27364719e+05   5.66227794e-01   8.93880005e+01   1.87669601e-02   1.81833223e-01           28
420   1.17941462e-01   3.39822500e+05   5.66226721e-01   8.93880005e+01   1.86694413e-02   7.37073123e-02           27
421   1.13226816e-01   3.72953938e+05   5.66284299e-01   8.93880005e+01   1.91821139e-02   8.15725401e-02           28
422   1.23414092e-01   3.05399656e+05   5.66202819e-01   8.93880005e+01   2.12275609e-02   1.40039042e-01           28
423   1.17053732e-01   3.43884812e+05   5.66217065e-01   8.93880005e+01   2.47010328e-02   8.08531865e-02           25
424   1.16368175e-01   3.49363062e+05   5.66278338e-01   8.93880005e+01   1.40163293e-02   1.33523673e-01           28
425   1.18928328e-01   3.34499125e+05   5.66234350e-01   8.93880005e+01   2.35912912e-02   1.88413456e-01           30
426   1.12008147e-01   3.79385656e+05   5.66285968e-01   8.93880005e+01   2.46891920e-02   1.70340419e-01           25
427   1.20909505e-01   3.21785344e+05   5.66251099e-01   8.93880005e+01   2.00639106e-02   1.55330300e-01           28
428   1.13723919e-01   3.67674781e+05   5.66217065e-01   8.93880005e+01   1.98382307e-02   4.36671674e-02           25
429   1.19813316e-01   3.27018188e+05   5.66213369e-01   8.93880005e+01   2.42683012e-02   1.99699432e-01           29
430   1.20683320e-01   3.21525000e+05   5.66236615e-01   8.93880005e+01   2.28415988e-02   6.23416044e-02           28
431   1.12371668e-01   3.79341062e+05   5.66112518e-01   8.93880005e+01   2.26618983e-02   4.11477059e-01           28
432   1.17577396e-01   3.43378500e+05   5.66146433e-01   8.93880005e+01   1.64507572e-02   1.12475291e-01           30
433   1.19000033e-01   3.30804375e+05   5.66202700e-01   8.93880005e+01   2.42607538e-02   1.10274866e-01           25
434   1.21941157e-01   3.15570469e+05   5.66285968e-01   8.93880005e+01   2.38616113e-02   1.51863709e-01           30
435   1.19320013e-01   3.28227281e+05   5.66112518e-01   8.93880005e+01   2.16923766e-02   5.90985268e-02           22
436   1.14234202e-01   3.65097969e+05   5.66104472e-01   8.93880005e+01   1.37008065e-02   2.87885964e-01           28
437   1.24322675e-01   3.00486719e+05   5.66150248e-01   8.93880005e+01   2.15640906e-02   2.01940835e-01           27
438   1.22576565e-01   3.11444000e+05   5.66285968e-01   8.93880005e+01   1.94166955e-02   1.00694828e-01           26
439   1.19749501e-01   3.28271781e+05   5.66174686e-01   8.93880005e+01   2.17323881e-02   1.14533469e-01           28
440   1.17639683e-01   3.42080375e+05   5.66284299e-01   8.93880005e+01   2.51807049e-02   1.42959788e-01           30
441   1.13317557e-01   3.72510594e+05   5.66158295e-01   8.93880005e+01   2.06085481e-02   2.36729175e-01           29
442   1.15005925e-01   3.57738844e+05   5.65973699e-01   8.93880005e+01   1.72232911e-02   1.55736417e-01           28
443   1.21307150e-01   3.18369438e+05   5.66207945e-01   8.93880005e+01   1.35288499e-02   5.01379967e-02           28
444   1.15785852e-01   3.53582875e+05   5.66162944e-01   8.93880005e+01   2.95264237e-02   1.19019128e-01           29
445   1.15169920e-01   3.59094156e+05   5.66202700e-01   8.93880005e+01   2.03323886e-02   1.62290245e-01           28
446   1.18684351e-01   3.32946062e+05   5.66146433e-01   8.93880005e+01   1.57203171e-02   1.07787512e-01           25
447   1.17146082e-01   3.44613188e+05   5.66181302e-01   8.93880005e+01   1.30068995e-02   1.34703800e-01           26
448   1.21086054e-01   3.17877219e+05   5.66271186e-01   8.93880005e+01   1.81096494e-02   3.02417040e-01           27
449   1.25722349e-01   2.93385781e+05   5.66286802e-01   8.93880005e+01   1.74631663e-02   5.37480861e-02           27
450   1.17876865e-01   3.39442562e+05   5.66286802e-01   8.93880005e+01   1.79644953e-02   1.96205691e-01           26
451   1.14888713e-01   3.59063906e+05   5.66260517e-01   8.93880005e+01   3.12459264e-02   2.00242355e-01           26
452   1.14984080e-01   3.58990656e+05   5.65992951e-01   8.93880005e+01   2.60235071e-02   9.93026271e-02           28
453   1.20374463e-01   3.24357594e+05   5.66144288e-01   8.93880005e+01   2.02962905e-02   1.06061257e-01           30
454   1.23417869e-01   3.06907469e+05   5.66184163e-01   8.93880005e+01   1.82048436e-02   1.09163925e-01           28
455   1.15480073e-01   3.54486719e+05   5.66181302e-01   8.93880005e+01   2.28864215e-02   1.45968810e-01           27
456   1.15427360e-01   3.54772656e+05   5.66182613e-01   8.93880005e+01   2.04428919e-02   2.32444018e-01           28
457   1.19010948e-01   3.32474344e+05   5.66276073e-01   8.93880005e+01   1.81873236e-02   1.58918515e-01           28
458   1.25833094e-01   2.92512844e+05   5.66211462e-01   8.93880005e+01   1.76678728e-02   8.56270939e-02           27
459   1.15580954e-01   3.54483031e+05   5.66182613e-01   8.93880005e+01   2.62373313e-02   2.64545977e-01           26
460   1.17284045e-01   3.44530188e+05   5.66235602e-01   8.93880005e+01   2.30629519e-02   7.73861185e-02           29
461   1.19186975e-01   3.31568094e+05   5.66211462e-01   8.93880005e+01   2.46056877e-02   1.61317810e-01           30
462   1.21448159e-01   3.18707125e+05   5.66279829e-01   8.93880005e+01   2.21455451e-02   9.59335640e-02           28
463   1.17606357e-01   3.41230281e+05   5.66276073e-01   8.93880005e+01   1.90736633e-02   1.09985895e-01           28
464   1.13769591e-01   3.67383000e+05   5.66273689e-01   8.93880005e+01   2.76397206e-02   2.19558358e-01           27
465   1.14785001e-01   3.59886688e+05   5.66236615e-01   8.93880005e+01   2.13366784e-02   2.66976863e-01           27
466   1.10890806e-01   3.89397656e+05   5.66113174e-01   8.93880005e+01   2.81359125e-02   1.00806129e+00           24
467   1.10985957e-01   3.90060594e+05   5.66229999e-01   8.93880005e+01   1.98240969e-02   3.56396347e-01           27
468   1.22555420e-01   3.10854438e+05   5.66207945e-01   8.93880005e+01   1.84047557e-02   1.52027130e-01           28
469   1.25893474e-01   2.92904188e+05   5.66285968e-01   8.93880005e+01   2.74922661e-02   1.33952990e-01           27
470   1.20540120e-01   3.22650938e+05   5.66064358e-01   8.93880005e+01   1.79824736e-02   8.07959735e-02           26
471   1.15510203e-01   3.54777375e+05   5.66164613e-01   8.93880005e+01   2.08249185e-02   4.50909883e-02           27
472   1.14371888e-01   3.61575438e+05   5.66164613e-01   8.93880005e+01   1.80503875e-02   7.36094564e-02           24
473   1.20634176e-01   3.22418438e+05   5.65899432e-01   8.93880005e+01   1.69057827e-02   1.15050279e-01           28
474   1.18785024e-01   3.33034750e+05   5.66154420e-01   8.93880005e+01   3.19285095e-02   4.39282991e-02           25
475   1.19042136e-01   3.32578344e+05   5.66272199e-01   8.93880005e+01   1.98593941e-02   9.28779766e-02           28
476   1.17052518e-01   3.45267062e+05   5.66272199e-01   8.93880005e+01   2.23787650e-02   2.54910767e-01           25
477   1.14796065e-01   3.61353688e+05   5.66279829e-01   8.93880005e+01   1.41474204e-02   1.26400262e-01           26
478   1.20353453e-01   3.25089688e+05   5.66278160e-01   8.93880005e+01   2.54578274e-02   1.03518799e-01           30
479   1.10139921e-01   3.97221875e+05   5.66285968e-01   8.93880005e+01   2.24182941e-02   1.25717133e-01           28
480   1.17638685e-01   3.41985594e+05   5.66211462e-01   8.93880005e+01   2.28182003e-02   1.74077168e-01           29
481   1.24656111e-01   3.00734688e+05   5.66273689e-01   8.93880005e+01   2.22247578e-02   1.03545286e-01           30
482   1.16993994e-01   3.45013125e+05   5.66251099e-01   8.93880005e+01   2.27106921e-02   5.65195419e-02           27
483   1.17665395e-01   3.39005375e+05   5.66285968e-01   8.93880005e+01   1.93256419e-02   1.05566703e-01           26
484   1.20858833e-01   3.22420500e+05   5.66202819e-01   8.93880005e+01   2.43388191e-02   1.28663540e-01           30
485   1.20336689e-01   3.25840844e+05   5.66251099e-01   8.93880005e+01   1.77007355e-02   4.52877283e-02           29
486   1.20045446e-01   3.25523312e+05   5.66041529e-01   8.93880005e+01   1.80064607e-02   2.24774018e-01           27
487   1.23067416e-01   3.08026156e+05   5.66104472e-01   8.93880005e+01   2.33347975e-02   9.18333009e-02           29
488   1.20001577e-01   3.25264844e+05   5.66279829e-01   8.93880005e+01   1.68767590e-02   8.47641751e-02           28
489   1.15590326e-01   3.55568000e+05   5.66049874e-01   8.93880005e+01   2.00207736e-02   1.60475150e-01           30
490   1.15035117e-01   3.60202406e+05   5.66274822e-01   8.93880005e+01   2.73582619e-02   2.18809947e-01           29
491   1.13404699e-01   3.69612625e+05   5.66202819e-01   8.93880005e+01   1.47159519e-02   7.77363718e-01           26
492   1.19745724e-01   3.27412469e+05   5.66274822e-01   8.93880005e+01   1.65690947e-02   1.03380881e-01           28
493   1.09493405e-01   4.01693031e+05   5.66007674e-01   8.93880005e+01   2.32583899e-02   1.37908220e-01           26
494   1.14806786e-01   3.61021594e+05   5.66226065e-01   8.93880005e+01   2.33262610e-02   9.89549831e-02           28
495   1.09736040e-01   3.98776938e+05   5.66285968e-01   8.93880005e+01   2.24966649e-02   5.73350489e-01           24
496   1.17562957e-01   3.42199094e+05   5.66279829e-01   8.93880005e+01   1.96345896e-02   1.78511322e-01           30
497   1.16678104e-01   3.46519031e+05   5.66278160e-01   8.93880005e+01   2.63873897e-02   1.76435590e-01           29
498   1.17415927e-01   3.44462062e+05   5.66279829e-01   8.93880005e+01   1.70820355e-02   1.31341234e-01           29
499   1.19793974e-01   3.25693875e+05   5.66163003e-01   8.93880005e+01   2.23441850e-02   9.64720368e-01           26
500   1.16597980e-01   7.81833812e+05   5.66273689e-01   2.01149002e+02   1.86890662e-02   2.13660210e-01           26
501   1.17447421e-01   7.67276562e+05   5.66274822e-01   2.01149002e+02   2.66216341e-02   4.39720415e-02           26
502   1.17875300e-01   7.62508438e+05   5.66229999e-01   2.01149002e+02   2.08710171e-02   6.36933595e-02           28
503   1.16953105e-01   7.73852375e+05   5.66271186e-01   2.01149002e+02   2.24258695e-02   2.47930631e-01           24
504   1.22379802e-01   6.98596188e+05   5.66257656e-01   2.01149002e+02   1.91604085e-02   1.88656300e-01           26
505   1.19888134e-01   7.33298000e+05   5.66285968e-01   2.01149002e+02   2.65471619e-02   6.35054111e-02           28
506   1.16460770e-01   7.84915250e+05   5.66284299e-01   2.01149002e+02   2.42750682e-02   9.57655534e-02           28
507   1.16682738e-01   7.82027000e+05   5.66285670e-01   2.01149002e+02   2.23910455e-02   4.72970530e-02           28
508   1.17919311e-01   7.63829438e+05   5.66251099e-01   2.01149002e+02   1.62780676e-02   5.84353730e-02           29
509   1.17196083e-01   7.73695938e+05   5.66278338e-01   2.01149002e+02   2.40621418e-02   1.00795843e-01           29
510   1.18305311e-01   7.55718500e+05   5.66285670e-01   2.01149002e+02   2.32300423e-02   1.60346776e-01           29
511   1.19711190e-01   7.37408562e+05   5.66260517e-01   2.01149002e+02   1.68102905e-02   7.63647705e-02           28
512   1.18904769e-01   7.47912312e+05   5.66182613e-01   2.01149002e+02   2.22426802e-02   2.57211272e-02           29
513   1.17671534e-01   7.65321750e+05   5.66271186e-01   2.01149002e+02   2.03832109e-02   1.15741849e-01           26
514   1.11604273e-01   8.63878875e+05   5.66285968e-01   2.01149002e+02   2.20298991e-02   3.95050719e-02           27
515   1.22367315e-01   7.00001938e+05   5.66236615e-01   2.01149002e+02   2.32610106e-02   1.83474138e-01           28
516   1.17608674e-01   7.66378188e+05   5.66273391e-01   2.01149002e+02   2.20921729e-02   1.53049380e-01           29
517   1.20686769e-01   7.20825125e+05   5.66271186e-01   2.01149002e+02   1.96089055e-02   1.53444782e-01           25
518   1.21265143e-01   7.16226875e+05   5.66265702e-01   2.01149002e+02   1.94153208e-02   1.93131074e-01           29
519   1.17228135e-01   7.69464438e+05   5.66273689e-01   2.01149002e+02   1.94664877e-02   1.34608090e-01           27
520   1.18241891e-01   7.56704688e+05   5.66278160e-01   2.01149002e+02   2.14627571e-02   1.01828210e-01           26
521   1.18593544e-01   7.51402625e+05   5.66278338e-01   2.01149002e+02   1.88744571e-02   1.33694947e-01           27
522   1.16176628e-01   7.86312938e+05   5.66286802e-01   2.01149002e+02   1.94073543e-02   2.04846531e-01           26
523   1.14795834e-01   8.08685562e+05   5.66273451e-01   2.01149002e+02   1.90684963e-02   1.07197814e-01           26
524   1.14827752e-01   8.07040500e+05   5.66239417e-01   2.01149002e+02   1.94117948e-02   6.53102994e-02           27
525   1.19482391e-01   7.43030375e+05   5.66152930e-01   2.01149002e+02   2.64516566e-02   5.28544411e-02           29
526   1.17951408e-01   7.59404812e+05   5.66271186e-01   2.01149002e+02   2.51889415e-02   1.82343975e-01           28
527   1.14384867e-01   8.15951000e+05   5.66275060e-01   2.01149002e+02   1.87803060e-02   9.67765376e-02           27
528   1.17910035e-01   7.65044500e+05   5.66239417e-01   2.01149002e+02   1.81856528e-02   1.02906860e-01           29
529   1.17297895e-01   7.71341938e+05   5.66226721e-01   2.01149002e+02   2.15025842e-02   5.98931350e-02           29
530   1.17538437e-01   7.68642562e+05   5.66154420e-01   2.01149002e+02   1.83116999e-02   8.42036977e-02           30
531   1.14883654e-01   8.09859562e+05   5.66226721e-01   2.01149002e+02   2.27618441e-02   7.04234317e-02           29
532   1.18817054e-01   7.50270812e+05   5.66267133e-01   2.01149002e+02   2.34247092e-02   9.10032019e-02           29
533   1.17007226e-01   7.73056125e+05   5.66284299e-01   2.01149002e+02   2.23521926e-02   1.27867252e-01           25
534   1.19862348e-01   7.32888375e+05   5.66227794e-01   2.01149002e+02   1.76915694e-02   9.61327851e-02           26
535   1.18614987e-01   7.52756438e+05   5.66267133e-01   2.01149002e+02   2.10260488e-02   8.08378756e-02           26
536   1.20464168e-01   7.24753375e+05   5.66278160e-01   2.01149002e+02   1.82842556e-02   2.69788712e-01           28
537   1.17481872e-01   7.70446312e+05   5.66275060e-01   2.01149002e+02   1.92162320e-02   1.23283371e-01           28
538   1.20696090e-01   7.21175625e+05   5.66273689e-01   2.01149002e+02   2.30456032e-02   1.02167264e-01           27
539   1.17540047e-01   7.63322062e+05   5.66279829e-01   2.01149002e+02   2.31107380e-02   5.90604305e-01           25
540   1.21444955e-01   7.13970812e+05   5.66245139e-01   2.01149002e+02   2.23309491e-02   6.98437244e-02           29
541   1.14113785e-01   8.19931375e+05   5.66273689e-01   2.01149002e+02   1.80776920e-02   1.27354100e-01           28
542   1.20495729e-01   7.21882875e+05   5.66226721e-01   2.01149002e+02   1.93548705e-02   3.29364598e-01           25
543   1.13278463e-01   8.34105750e+05   5.66234350e-01   2.01149002e+02   1.91664398e-02   2.06961945e-01           28
544   1.14010990e-01   8.24640375e+05   5.66284299e-01   2.01149002e+02   2.07833592e-02   1.65369198e-01           28
545   1.22886553e-01   6.91525375e+05   5.66234350e-01   2.01149002e+02   2.14067157e-02   1.27070829e-01           29
546   1.10913269e-01   8.77557188e+05   5.66273689e-01   2.01149002e+02   2.19967533e-02   5.88787384e-02           27
547   1.17267549e-01   7.70111312e+05   5.66285670e-01   2.01149002e+02   1.97110213e-02   6.84692413e-02           26
548   1.18104041e-01   7.58423250e+05   5.66212058e-01   2.01149002e+02   2.04503704e-02   9.44919214e-02           27
549   1.19862698e-01   7.35016375e+05   5.66251099e-01   2.01149002e+02   2.22262871e-02   1.02464847e-01           29
550   1.17716320e-01   7.66350375e+05   5.66185296e-01   2.01149002e+02   1.83539279e-02   1.38748333e-01           28
551   1.15140811e-01   8.01806188e+05   5.66253662e-01   2.01149002e+02   2.07499750e-02   4.28901576e-02           25
552   1.13796063e-01   8.25715750e+05   5.66245139e-01   2.01149002e+02   1.92419495e-02   5.94343357e-02           29
553   1.17170915e-01   7.73018500e+05   5.66285670e-01   2.01149002e+02   2.41025388e-02   9.56891254e-02           28
554   1.18283615e-01   7.56267125e+05   5.66257477e-01   2.01149002e+02   1.58406366e-02   1.28222391e-01           23
555   1.15445398e-01   8.00660438e+05   5.66276073e-01   2.01149002e+02   2.32959408e-02   8.23517665e-02           28
556   1.20851479e-01   7.20046250e+05   5.66271186e-01   2.01149002e+02   1.96287651e-02   2.35145129e-02           27
557   1.22336648e-01   7.02035312e+05   5.66286802e-01   2.01149002e+02   1.94004253e-02   7.04289079e-02           27
558   1.19026691e-01   7.44703000e+05   5.66286802e-01   2.01149002e+02   2.48903893e-02   2.63004661e-01           27
559   1.17880911e-01   7.61242188e+05   5.66274822e-01   2.01149002e+02   1.67613104e-02   1.09129258e-01           26
560   1.26048982e-01   6.57145188e+05   5.66274822e-01   2.01149002e+02   1.86983049e-02   6.75856695e-02           30
561   1.20272115e-01   7.26759875e+05   5.66212058e-01   2.01149002e+02   2.33737212e-02   1.35950580e-01           30
562   1.17364272e-01   7.68860312e+05   5.66222072e-01   2.01149002e+02   2.26495229e-02   4.57778536e-02           27
563   1.21598110e-01   7.11642938e+05   5.66272199e-01   2.01149002e+02   1.90193076e-02   8.57263878e-02           28
564   1.17046364e-01   7.76461125e+05   5.66207945e-01   2.01149002e+02   1.78168472e-02   5.05147390e-02           29
565   1.17669925e-01   7.69311750e+05   5.66278160e-01   2.01149002e+02   1.35752903e-02   4.87271734e-02           28
566   1.15738139e-01   7.96334375e+05   5.66260517e-01   2.01149002e+02   2.00849138e-02   7.47068524e-02           29
567   1.18210480e-01   7.56890062e+05   5.66284299e-01   2.01149002e+02   2.40211226e-02   1.42287076e-01           27
568   1.18294120e-01   7.56875125e+05   5.66236615e-01   2.01149002e+02   2.33322624e-02   1.70248136e-01           29
569   1.18018605e-01   7.59109125e+05   5.66227794e-01   2.01149002e+02   2.50287745e-02   1.38605371e-01           26
570   1.17592566e-01   7.72031125e+05   5.66273391e-01   2.01149002e+02   2.43232474e-02   4.90030013e-02           30
571   1.18634425e-01   7.52712000e+05   5.66212535e-01   2.01149002e+02   2.08614171e-02   6.88837618e-02           28
572   1.19214803e-01   7.42458125e+05   5.66278338e-01   2.01149002e+02   2.31141318e-02   7.55284354e-02           28
573   1.19824089e-01   7.31732625e+05   5.66285968e-01   2.01149002e+02   1.82034541e-02   1.06800750e-01           27
574   1.16957113e-01   7.74892875e+05   5.66213369e-01   2.01149002e+02   1.59597993e-02   1.17307648e-01           28
575   1.16687953e-01   7.83414188e+05   5.66275060e-01   2.01149002e+02   2.10873857e-02   1.17912307e-01           30
576   1.17899373e-01   7.60085750e+05   5.66286802e-01   2.01149002e+02   1.72571391e-02   1.14688568e-01           28
577   1.20060645e-01   7.31958688e+05   5.66275060e-01   2.01149002e+02   1.75760966e-02   1.23448834e-01           28
578   1.15619831e-01   7.95918125e+05   5.66235602e-01   2.01149002e+02   2.32158843e-02   3.96475568e-02           27
579   1.20698512e-01   7.22885438e+05   5.66274822e-01   2.01149002e+02   2.11472809e-02   4.25061546e-02           30
580   1.15323387e-01   7.98559125e+05   5.66235602e-01   2.01149002e+02   2.38208976e-02   9.60076451e-02           24
581   1.17261849e-01   7.71512188e+05   5.66167176e-01   2.01149002e+02   1.82794444e-02   9.33854282e-02           27
582   1.18004486e-01   7.58921500e+05   5.66278338e-01   2.01149002e+02   2.46920791e-02   1.95088670e-01           27
583   1.14745170e-01   8.08415562e+05   5.66207945e-01   2.01149002e+02   2.01958511e-02   5.82285225e-02           27
584   1.18761353e-01   7.47922812e+05   5.66217065e-01   2.01149002e+02   2.37042550e-02   1.07442617e-01           26
585   1.16990432e-01   7.74508812e+05   5.66257477e-01   2.01149002e+02   2.09150258e-02   2.92545021e-01           28
586   1.16153307e-01   7.89211375e+05   5.66279829e-01   2.01149002e+02   1.94808953e-02   1.45778880e-01           30
587   1.18378155e-01   7.54107562e+05   5.66251099e-01   2.01149002e+02   2.56293211e-02   2.09482953e-01           27
588   1.15975365e-01   7.90098500e+05   5.66278338e-01   2.01149002e+02   2.47972123e-02   1.38650462e-01           29
589   1.17058650e-01   7.73385188e+05   5.66245139e-01   2.01149002e+02   1.73896737e-02   4.62155119e-02           27
590   1.20252617e-01   7.29315125e+05   5.66285968e-01   2.01149002e+02   2.42037326e-02   7.16232583e-02           28
591   1.16113283e-01   7.89468125e+05   5.66286802e-01   2.01149002e+02   2.24009473e-02   1.51736721e-01           27
592   1.17868476e-01   7.61533250e+05   5.66194475e-01   2.01149002e+02   1.77352522e-02   1.24184757e-01           27
593   1.17893636e-01   7.58305875e+05   5.66212058e-01   2.01149002e+02   2.24073790e-02   2.79843479e-01           27
594   1.14591897e-01   8.15859750e+05   5.66285670e-01   2.01149002e+02   2.15433650e-02   6.27510622e-02           29
595   1.13282904e-01   8.32071875e+05   5.66285968e-01   2.01149002e+02   2.02431846e-02   1.10963136e-01           26
596   1.17222577e-01   7.70848375e+05   5.66284299e-01   2.01149002e+02   2.40674112e-02   1.94320813e-01           27
597   1.16111390e-01   7.88743688e+05   5.66226721e-01   2.01149002e+02   2.08507162e-02   9.17002559e-02           29
598   1.16649188e-01   7.81441062e+05   5.66265702e-01   2.01149002e+02   1.67659055e-02   5.33511192e-02           30
599   1.16305843e-01   7.83979500e+05   5.66251099e-01   2.01149002e+02   2.28191800e-02   1.13537483e-01           27
600   1.17595449e-01   1.52934512e+06   5.66253662e-01   4.02298004e+02   1.85216144e-02   1.20926626e-01           27
601   1.17965847e-01   1.52139425e+06   5.66278160e-01   4.02298004e+02   1.99025348e-02   9.19384733e-02           29
602   1.18535325e-01   1.50114762e+06   5.66274822e-01   4.02298004e+02   2.13003736e-02   1.03790358e-01           25
603   1.15921870e-01   1.58062062e+06   5.66257477e-01   4.02298004e+02   2.18900219e-02   1.33804724e-01           27
604   1.16887957e-01   1.54830575e+06   5.66285670e-01   4.02298004e+02   1.98489781e-02   3.96900624e-01           26
605   1.20892964e-01   1.43411038e+06   5.66274822e-01   4.02298004e+02   2.38876231e-02   1.24659501e-01           27
606   1.17703594e-01   1.52881962e+06   5.66286802e-01   4.02298004e+02   2.53315754e-02   8.35019648e-02           27
607   1.18405543e-01   1.50835900e+06   5.66276073e-01   4.02298004e+02   2.16950420e-02   1.06279992e-01           29
608   1.18744768e-01   1.49942762e+06   5.66285968e-01   4.02298004e+02   1.67736933e-02   6.99251518e-02           30
609   1.19563729e-01   1.47265888e+06   5.66278338e-01   4.02298004e+02   2.03003362e-02   6.95972219e-02           25
610   1.21210150e-01   1.42723700e+06   5.66278338e-01   4.02298004e+02   2.11116988e-02   1.87668175e-01           28
611   1.15232833e-01   1.60369188e+06   5.66267133e-01   4.02298004e+02   2.17238460e-02   3.94795313e-02           28
612   1.15756296e-01   1.58389438e+06   5.66257656e-01   4.02298004e+02   2.07888279e-02   2.16383785e-01           28
613   1.15481667e-01   1.59478475e+06   5.66260517e-01   4.02298004e+02   2.16396619e-02   1.31951794e-01           27
614   1.17998421e-01   1.51910725e+06   5.66257656e-01   4.02298004e+02   1.94841940e-02   1.12339020e-01           30
615   1.17644817e-01   1.52577750e+06   5.66284299e-01   4.02298004e+02   1.98378284e-02   6.72198758e-02           28
616   1.17512837e-01   1.52935800e+06   5.66273451e-01   4.02298004e+02   1.95480008e-02   1.09232850e-01           29
617   1.19982108e-01   1.46221138e+06   5.66275060e-01   4.02298004e+02   1.71300694e-02   1.84455961e-01           28
618   1.19557507e-01   1.46886125e+06   5.66276073e-01   4.02298004e+02   2.01477166e-02   4.30275917e-01           27
619   1.15426339e-01   1.59743300e+06   5.66273689e-01   4.02298004e+02   2.00911127e-02   1.34438604e-01           29
620   1.18267454e-01   1.51090200e+06   5.66274822e-01   4.02298004e+02   1.91947352e-02   3.35673429e-02           26
621   1.17850773e-01   1.52669850e+06   5.66257656e-01   4.02298004e+02   2.31397953e-02   6.73370957e-02           29
622   1.15657382e-01   1.58041325e+06   5.66208482e-01   4.02298004e+02   1.82711612e-02   1.29350200e-01           23
623   1.17549047e-01   1.52863550e+06   5.66285968e-01   4.02298004e+02   2.12243721e-02   1.26899153e-01           29
624   1.18248321e-01   1.51467088e+06   5.66274822e-01   4.02298004e+02   2.16343962e-02   5.36777414e-02           29
625   1.20769367e-01   1.44570712e+06   5.66267133e-01   4.02298004e+02   1.93472691e-02   3.41078900e-02           29
626   1.20006576e-01   1.46066188e+06   5.66278160e-01   4.02298004e+02   2.24886183e-02   4.71422188e-02           28
627   1.19854309e-01   1.46502925e+06   5.66285968e-01   4.02298004e+02   1.71343423e-02   8.99691060e-02           29
628   1.18682109e-01   1.49201525e+06   5.66274822e-01   4.02298004e+02   2.28804909e-02   2.19615757e-01           25
629   1.20245911e-01   1.45650300e+06   5.66285670e-01   4.02298004e+02   2.14521885e-02   5.80110177e-02           28
630   1.20909393e-01   1.43812362e+06   5.66279829e-01   4.02298004e+02   1.92419216e-02   1.50250509e-01           28
631   1.18954189e-01   1.49150712e+06   5.66285968e-01   4.02298004e+02   1.89415123e-02   5.75996488e-02           29
632   1.17583796e-01   1.53026738e+06   5.66234350e-01   4.02298004e+02   2.05929466e-02   4.82386760e-02           27
633   1.16751537e-01   1.55679238e+06   5.66267133e-01   4.02298004e+02   1.98423155e-02   9.45650265e-02           28
634   1.16249450e-01   1.56430600e+06   5.66286802e-01   4.02298004e+02   1.89274214e-02   3.19752187e-01           27
635   1.17180519e-01   1.53833125e+06   5.66285670e-01   4.02298004e+02   1.94503199e-02   5.96684180e-02           25
636   1.19856372e-01   1.46813712e+06   5.66272199e-01   4.02298004e+02   2.05108672e-02   3.46131548e-02           30
637   1.16156176e-01   1.57909312e+06   5.66285968e-01   4.02298004e+02   1.87054984e-02   8.52858871e-02           30
638   1.15401119e-01   1.60042100e+06   5.66272199e-01   4.02298004e+02   2.17543263e-02   9.43075269e-02           29
639   1.14155121e-01   1.63939850e+06   5.66273391e-01   4.02298004e+02   2.05971077e-02   1.51618555e-01           28
640   1.17572442e-01   1.53003850e+06   5.66275060e-01   4.02298004e+02   1.78060960e-02   1.53898820e-01           28
641   1.18213721e-01   1.50738700e+06   5.66275060e-01   4.02298004e+02   1.85625274e-02   5.36951005e-01           27
642   1.18169196e-01   1.51246550e+06   5.66285670e-01   4.02298004e+02   2.29528639e-02   8.89273584e-02           26
643   1.17029987e-01   1.54658025e+06   5.66273391e-01   4.02298004e+02   2.09337566e-02   8.09914991e-02           27
644   1.17158383e-01   1.54607588e+06   5.66274822e-01   4.02298004e+02   1.88272074e-02   4.55873981e-02           30
645   1.19278111e-01   1.47886525e+06   5.66286802e-01   4.02298004e+02   2.00642329e-02   8.94106701e-02           27
646   1.19122952e-01   1.48277050e+06   5.66285670e-01   4.02298004e+02   1.94259360e-02   1.01309799e-01           28
647   1.19330756e-01   1.48378500e+06   5.66273689e-01   4.02298004e+02   2.08886117e-02   8.36061910e-02           30
648   1.17003351e-01   1.54917788e+06   5.66286802e-01   4.02298004e+02   1.57252792e-02   9.69515219e-02           28
649   1.19354859e-01   1.47991762e+06   5.66273689e-01   4.02298004e+02   1.91569086e-02   5.26723564e-02           27
650   1.20813511e-01   1.43692200e+06   5.66285968e-01   4.02298004e+02   2.20355429e-02   9.44923908e-02           26
651   1.17372572e-01   1.53485800e+06   5.66285670e-01   4.02298004e+02   2.18622461e-02   4.06866848e-01           27
652   1.18874453e-01   1.49145225e+06   5.66278160e-01   4.02298004e+02   2.01873723e-02   1.21593669e-01           28
653   1.18159346e-01   1.51580850e+06   5.66274822e-01   4.02298004e+02   1.79556347e-02   5.33406548e-02           28
654   1.16422787e-01   1.56241138e+06   5.66273451e-01   4.02298004e+02   1.90344229e-02   4.21789289e-02           26
655   1.18773185e-01   1.49804888e+06   5.66285968e-01   4.02298004e+02   2.23852247e-02   7.49304295e-02           28
656   1.18795015e-01   1.49702188e+06   5.66251099e-01   4.02298004e+02   2.23778877e-02   4.38743345e-02           29
657   1.13834813e-01   1.64915838e+06   5.66278160e-01   4.02298004e+02   1.85537282e-02   9.01819021e-02           28
658   1.20270856e-01   1.45215888e+06   5.66285670e-01   4.02298004e+02   2.04772931e-02   6.82753101e-02           27
659   1.19517155e-01   1.47226188e+06   5.66284299e-01   4.02298004e+02   2.03939620e-02   1.96286723e-01           29
660   1.19667798e-01   1.47146825e+06   5.66285670e-01   4.02298004e+02   1.83818005e-02   6.98643029e-02           27
661   1.16475604e-01   1.55922175e+06   5.66274822e-01   4.02298004e+02   1.94162820e-02   1.16420135e-01           26
662   1.20143168e-01   1.45736725e+06   5.66286802e-01   4.02298004e+02   2.09178906e-02   1.21758185e-01           27
663   1.18684605e-01   1.49495612e+06   5.66276073e-01   4.02298004e+02   1.97215620e-02   7.84111470e-02           27
664   1.14800639e-01   1.62247225e+06   5.66260517e-01   4.02298004e+02   2.00839806e-02   8.27918500e-02           29
665   1.18128330e-01   1.50752200e+06   5.66284299e-01   4.02298004e+02   2.39417721e-02   4.73385394e-01           27
666   1.17154405e-01   1.54644025e+06   5.66239417e-01   4.02298004e+02   2.13980339e-02   1.10987835e-01           30
667   1.18522234e-01   1.49983375e+06   5.66285968e-01   4.02298004e+02   2.02372894e-02   1.31634459e-01           26
668   1.12978347e-01   1.67593338e+06   5.66229999e-01   4.02298004e+02   2.06770599e-02   8.87379870e-02           28
669   1.19042076e-01   1.48713112e+06   5.66257656e-01   4.02298004e+02   2.06212681e-02   4.21609767e-02           28
670   1.17454372e-01   1.53954775e+06   5.66285968e-01   4.02298004e+02   2.09180936e-02   2.98622474e-02           29
671   1.18868656e-01   1.48953925e+06   5.66273689e-01   4.02298004e+02   1.94734335e-02   1.43719569e-01           24
672   1.19165778e-01   1.47896550e+06   5.66273689e-01   4.02298004e+02   2.03701369e-02   2.70351738e-01           24
673   1.15215570e-01   1.60200612e+06   5.66215932e-01   4.02298004e+02   2.36460827e-02   1.58665329e-01           28
674   1.15637802e-01   1.59035212e+06   5.66278338e-01   4.02298004e+02   2.08667107e-02   7.61480257e-02           28
675   1.18489139e-01   1.50564400e+06   5.66286802e-01   4.02298004e+02   2.10034084e-02   7.74419457e-02           29
676   1.15613706e-01   1.58989400e+06   5.66271186e-01   4.02298004e+02   1.91153120e-02   1.25195578e-01           28
677   1.17806070e-01   1.52444938e+06   5.66285968e-01   4.02298004e+02   1.79201234e-02   6.06119111e-02           29
678   1.16947226e-01   1.54902062e+06   5.66260517e-01   4.02298004e+02   1.99342929e-02   6.36195838e-02           27
679   1.21415071e-01   1.42489638e+06   5.66265702e-01   4.02298004e+02   1.96862984e-02   5.86551987e-02           29
680   1.16183974e-01   1.56875188e+06   5.66267133e-01   4.02298004e+02   2.66335346e-02   2.86948085e-01           26
681   1.17893122e-01   1.52286975e+06   5.66284299e-01   4.02298004e+02   2.21476350e-02   7.91527182e-02           27
682   1.17544942e-01   1.53482975e+06   5.66278338e-01   4.02298004e+02   2.27219928e-02   8.95265713e-02           29
683   1.19924702e-01   1.46383625e+06   5.66285670e-01   4.02298004e+02   2.23503336e-02   5.83950244e-02           29
684   1.18393861e-01   1.50582488e+06   5.66272199e-01   4.02298004e+02   2.08417550e-02   9.40766931e-02           28
685   1.17106393e-01   1.54061625e+06   5.66285968e-01   4.02298004e+02   1.85397044e-02   3.02392840e-02           25
686   1.19083218e-01   1.49119925e+06   5.66273689e-01   4.02298004e+02   2.10425034e-02   7.36347288e-02           28
687   1.17465161e-01   1.52682912e+06   5.66276073e-01   4.02298004e+02   2.07809377e-02   3.19390088e-01           25
688   1.18327305e-01   1.50639438e+06   5.66284299e-01   4.02298004e+02   2.13307142e-02   1.06669031e-01           26
689   1.20490864e-01   1.44584588e+06   5.66285968e-01   4.02298004e+02   2.04327013e-02   1.64312854e-01           30
690   1.16560519e-01   1.55732625e+06   5.66286802e-01   4.02298004e+02   2.07162965e-02   1.27651185e-01           26
691   1.19341001e-01   1.48195488e+06   5.66273391e-01   4.02298004e+02   2.10495852e-02   1.10190198e-01           28
692   1.16577469e-01   1.55794575e+06   5.66284299e-01   4.02298004e+02   2.43024230e-02   4.03261110e-02           26
693   1.17942594e-01   1.51650838e+06   5.66284299e-01   4.02298004e+02   1.92636531e-02   3.46660353e-02           28
694   1.18608169e-01   1.50238862e+06   5.66235602e-01   4.02298004e+02   1.57107282e-02   4.75293957e-02           29
695   1.21022984e-01   1.43385688e+06   5.66286802e-01   4.02298004e+02   2.05564592e-02   3.68665084e-02           28
696   1.18866250e-01   1.48587450e+06   5.66279829e-01   4.02298004e+02   1.81677099e-02   3.15604985e-01           23
697   1.16773829e-01   1.55500812e+06   5.66273391e-01   4.02298004e+02   1.95703506e-02   1.53060555e-01           28
698   1.19583771e-01   1.47132750e+06   5.66284299e-01   4.02298004e+02   1.99507903e-02   9.13390443e-02           28
699   1.18721277e-01   1.49464400e+06   5.66279829e-01   4.02298004e+02   1.97767373e-02   9.52299833e-02           26
