#ID, Rs, Dc, R200, Mvir, xoff, rho_rms, niter
sample_000.dat   1.07357495e-01   2.90022520e+04   6.72746420e-01   6.77300024e+00   3.93067412e-02   1.36551693e-01           24
sample_001.dat   1.10458381e-01   2.83726680e+04   6.71792865e-01   6.77300024e+00   5.14407270e-02   3.87757629e-01           28
sample_002.dat   7.81094506e-02   6.22336406e+04   6.73697948e-01   6.77300024e+00   2.38088332e-02   1.62987262e-01           27
sample_003.dat   9.74197313e-02   3.65982578e+04   6.70899034e-01   6.77300024e+00   2.07102541e-02   2.13715121e-01           20
sample_004.dat   8.65585580e-02   4.93418125e+04   6.67999864e-01   6.77300024e+00   1.36547647e-02   2.45193049e-01           24
sample_005.dat   9.32028219e-02   4.15355117e+04   6.72576249e-01   6.77300024e+00   3.75113823e-02   3.55707973e-01           26
sample_006.dat   9.56998095e-02   3.88400820e+04   6.64060593e-01   6.77300024e+00   1.60437301e-02   2.74303049e-01           26
sample_007.dat   1.04587168e-01   3.11652520e+04   6.72321081e-01   6.77300024e+00   1.66362226e-02   2.90163815e-01           23
sample_008.dat   1.19581021e-01   2.32625176e+04   6.72138631e-01   6.77300024e+00   1.42497169e-02   1.81961447e-01           29
sample_009.dat   1.07345663e-01   2.96860703e+04   6.71033025e-01   6.77300024e+00   3.63876633e-02   1.82056770e-01           27
sample_010.dat   9.66527909e-02   3.80619688e+04   6.70714378e-01   6.77300024e+00   3.43049765e-02   3.03163707e-01           23
sample_011.dat   1.05608135e-01   3.13098359e+04   6.73206985e-01   6.77300024e+00   3.29860598e-02   1.76284522e-01           27
sample_012.dat   9.93343219e-02   3.54888398e+04   6.73350036e-01   6.77300024e+00   4.66046259e-02   1.37510657e-01           28
sample_013.dat   9.28861722e-02   4.18892461e+04   6.69822335e-01   6.77300024e+00   5.23861609e-02   1.44110098e-01           28
sample_014.dat   1.02413855e-01   3.32103672e+04   6.65585339e-01   6.77300024e+00   1.24181053e-02   3.43791068e-01           27
sample_015.dat   1.03997804e-01   3.15152305e+04   6.73459351e-01   6.77300024e+00   3.89936827e-02   2.01137692e-01           25
sample_016.dat   1.02497615e-01   3.35633750e+04   6.67490005e-01   6.77300024e+00   2.58613061e-02   3.72567177e-01           26
sample_017.dat   9.19888318e-02   4.33126289e+04   6.71373308e-01   6.77300024e+00   2.61863600e-02   2.16678545e-01           28
sample_018.dat   9.79065895e-02   3.69493164e+04   6.69734895e-01   6.77300024e+00   3.92675139e-02   1.76207587e-01           23
sample_019.dat   8.41972306e-02   5.32758555e+04   6.73440039e-01   6.77300024e+00   4.14546877e-02   2.07198948e-01           22
sample_020.dat   1.01570740e-01   3.39181445e+04   6.73455775e-01   6.77300024e+00   4.85796705e-02   1.47351414e-01           25
sample_021.dat   1.12246364e-01   2.65691738e+04   6.73089325e-01   6.77300024e+00   5.01318946e-02   2.16683418e-01           27
sample_022.dat   8.96173269e-02   4.48311875e+04   6.72968864e-01   6.77300024e+00   3.84516306e-02   2.68287301e-01           22
sample_023.dat   1.05069607e-01   3.15599355e+04   6.73122525e-01   6.77300024e+00   4.73989323e-02   2.59252399e-01           27
sample_024.dat   1.01670757e-01   3.32496641e+04   6.73183262e-01   6.77300024e+00   4.20314781e-02   3.52410585e-01           24
sample_025.dat   9.30502862e-02   4.20817383e+04   6.71086013e-01   6.77300024e+00   5.62522896e-02   1.81424320e-01           26
sample_026.dat   1.01950482e-01   3.35068281e+04   6.73047125e-01   6.77300024e+00   3.58656235e-02   3.20940018e-01           26
sample_027.dat   1.00881740e-01   3.44897031e+04   6.70259595e-01   6.77300024e+00   1.60419419e-02   1.85763851e-01           28
sample_028.dat   9.53112766e-02   3.90961328e+04   6.69088185e-01   6.77300024e+00   6.35269806e-02   1.09347321e-01           25
sample_029.dat   9.53846425e-02   3.93127461e+04   6.70919478e-01   6.77300024e+00   4.33681421e-02   2.25648716e-01           28
sample_030.dat   9.90993306e-02   3.61449336e+04   6.73431873e-01   6.77300024e+00   4.70402949e-02   8.26239526e-01           23
sample_031.dat   7.99095184e-02   6.02619883e+04   6.63185894e-01   6.77300024e+00   2.96876114e-02   2.21965775e-01           25
sample_032.dat   1.09842226e-01   2.86905176e+04   6.68144941e-01   6.77300024e+00   3.69380489e-02   1.44230142e-01           25
sample_033.dat   9.83887166e-02   3.65325352e+04   6.72615528e-01   6.77300024e+00   4.00511548e-02   5.96158087e-01           24
sample_034.dat   8.88276845e-02   4.64754688e+04   6.71607077e-01   6.77300024e+00   5.56152053e-02   1.10192262e-01           25
sample_035.dat   1.08292118e-01   2.85220098e+04   6.72103882e-01   6.77300024e+00   2.07133573e-02   1.55050725e-01           29
sample_036.dat   1.25538319e-01   2.05416172e+04   6.70943379e-01   6.77300024e+00   7.24694654e-02   1.36714295e-01           24
sample_037.dat   1.06211916e-01   3.01335391e+04   6.72239482e-01   6.77300024e+00   3.46645527e-02   2.53516138e-01           27
sample_038.dat   8.14561546e-02   5.63436562e+04   6.72217488e-01   6.77300024e+00   4.82062884e-02   1.46664143e-01           25
sample_039.dat   9.78572592e-02   3.71282461e+04   6.70397460e-01   6.77300024e+00   4.53056730e-02   1.98890746e-01           24
sample_040.dat   1.03050314e-01   3.27763945e+04   6.73505962e-01   6.77300024e+00   3.79427820e-02   2.59829611e-01           28
sample_041.dat   8.28244835e-02   5.67858281e+04   6.73568189e-01   6.77300024e+00   4.48759161e-02   1.85777947e-01           23
sample_042.dat   8.93407986e-02   4.61771367e+04   6.73610389e-01   6.77300024e+00   1.44745214e-02   1.36928990e-01           28
sample_043.dat   8.60077068e-02   5.08515039e+04   6.72500193e-01   6.77300024e+00   5.70135601e-02   2.90027022e-01           25
sample_044.dat   9.14608240e-02   4.35187695e+04   6.72695816e-01   6.77300024e+00   5.55219613e-02   1.29781574e-01           27
sample_045.dat   1.16586588e-01   2.45616211e+04   6.68257594e-01   6.77300024e+00   5.68643846e-02   2.59863049e-01           28
sample_046.dat   1.22135997e-01   2.19801934e+04   6.72236562e-01   6.77300024e+00   3.38512100e-02   2.20362335e-01           28
sample_047.dat   1.19996876e-01   2.29173809e+04   6.72384977e-01   6.77300024e+00   2.64836010e-02   2.83981800e-01           28
sample_048.dat   7.92508423e-02   6.22933945e+04   6.72543526e-01   6.77300024e+00   2.39029862e-02   5.28474391e-01           24
sample_049.dat   9.80384722e-02   3.60068125e+04   6.72506988e-01   6.77300024e+00   5.74538261e-02   2.59510845e-01           24
sample_050.dat   1.05831556e-01   3.09579102e+04   6.73536360e-01   6.77300024e+00   3.89363691e-02   3.28961015e-01           26
sample_051.dat   1.13717221e-01   2.58531855e+04   6.73370719e-01   6.77300024e+00   2.00053938e-02   3.82819355e-01           27
sample_052.dat   8.96593258e-02   4.54006602e+04   6.71928763e-01   6.77300024e+00   3.32818292e-02   1.70931980e-01           27
sample_053.dat   9.42592546e-02   4.11497617e+04   6.71531677e-01   6.77300024e+00   2.68783383e-02   2.99797475e-01           25
sample_054.dat   1.03420682e-01   3.17812344e+04   6.72384977e-01   6.77300024e+00   4.35550921e-02   1.26358479e-01           28
sample_055.dat   1.08870536e-01   2.86039316e+04   6.69132650e-01   6.77300024e+00   2.97169238e-02   1.60422400e-01           27
sample_056.dat   1.19807430e-01   2.25616484e+04   6.73408151e-01   6.77300024e+00   4.66492623e-02   2.10360453e-01           27
sample_057.dat   9.92739126e-02   3.54977422e+04   6.73455775e-01   6.77300024e+00   5.13301492e-02   3.41520101e-01           28
sample_058.dat   8.84741694e-02   4.75417422e+04   6.70897484e-01   6.77300024e+00   4.69172299e-02   2.03683391e-01           25
sample_059.dat   9.22633633e-02   4.28639531e+04   6.69594705e-01   6.77300024e+00   5.88294491e-02   3.20315778e-01           29
sample_060.dat   1.15970194e-01   2.43658672e+04   6.73197627e-01   6.77300024e+00   4.76208664e-02   2.01935276e-01           24
sample_061.dat   8.56637433e-02   4.98591016e+04   6.71796024e-01   6.77300024e+00   3.45392674e-02   2.56159961e-01           26
sample_062.dat   8.90081376e-02   4.68574844e+04   6.67428970e-01   6.77300024e+00   7.24711716e-02   2.98319668e-01           23
sample_063.dat   9.05544087e-02   4.51473320e+04   6.73385203e-01   6.77300024e+00   4.00070325e-02   3.38371992e-01           27
sample_064.dat   7.80804083e-02   6.32818359e+04   6.61687851e-01   6.77300024e+00   5.76581545e-02   4.36204255e-01           19
sample_065.dat   8.57252255e-02   5.00851172e+04   6.73661530e-01   6.77300024e+00   3.31677273e-02   4.58987415e-01           22
sample_066.dat   1.02041654e-01   3.37813320e+04   6.71881258e-01   6.77300024e+00   5.19127212e-03   2.95030683e-01           28
sample_067.dat   1.04181454e-01   3.21422422e+04   6.70385242e-01   6.77300024e+00   3.61841768e-02   2.28331983e-01           23
sample_068.dat   1.14305280e-01   2.57969688e+04   6.73282385e-01   6.77300024e+00   4.40015458e-02   1.49853304e-01           25
sample_069.dat   7.59835318e-02   6.80804922e+04   6.64938748e-01   6.77300024e+00   3.84772718e-02   2.48672962e-01           25
sample_070.dat   1.00314170e-01   3.54468359e+04   6.71432912e-01   6.77300024e+00   4.16331477e-02   1.73903108e-01           28
sample_071.dat   9.24879313e-02   4.24265664e+04   6.73518300e-01   6.77300024e+00   5.70860244e-02   2.53135413e-01           29
sample_072.dat   9.41040739e-02   4.06619414e+04   6.70187831e-01   6.77300024e+00   4.38642651e-02   4.01906908e-01           26
sample_073.dat   1.07936271e-01   2.87481934e+04   6.71666920e-01   6.77300024e+00   4.39990163e-02   2.87514925e-01           19
sample_074.dat   9.27635580e-02   4.22762383e+04   6.71260238e-01   6.77300024e+00   1.05989361e-02   1.53629482e-01           29
sample_075.dat   1.15030400e-01   2.58095742e+04   6.72358096e-01   6.77300024e+00   4.80640344e-02   2.62076765e-01           25
sample_076.dat   9.45465788e-02   4.00281094e+04   6.71168506e-01   6.77300024e+00   1.99215524e-02   3.03440273e-01           25
sample_077.dat   1.07100524e-01   2.99232188e+04   6.72755480e-01   6.77300024e+00   6.81816190e-02   1.73747838e-01           22
sample_078.dat   8.73227268e-02   4.86624648e+04   6.73677802e-01   6.77300024e+00   1.64149646e-02   3.19780976e-01           27
sample_079.dat   1.07265443e-01   2.99256953e+04   6.65781260e-01   6.77300024e+00   4.22152020e-02   3.50502253e-01           24
sample_080.dat   1.01927750e-01   3.39812383e+04   6.72781825e-01   6.77300024e+00   6.54588342e-02   2.82069623e-01           24
sample_081.dat   1.22927763e-01   2.19880996e+04   6.71937287e-01   6.77300024e+00   4.35754955e-02   3.95804405e-01           25
sample_082.dat   1.22303210e-01   2.20887480e+04   6.72734737e-01   6.77300024e+00   3.28351445e-02   2.94090360e-01           28
sample_083.dat   1.10989019e-01   2.76564238e+04   6.71993196e-01   6.77300024e+00   1.00815892e-02   2.54555017e-01           25
sample_084.dat   9.74530503e-02   3.69917070e+04   6.69022024e-01   6.77300024e+00   5.38488030e-02   3.32635850e-01           26
sample_085.dat   1.00496843e-01   3.48816328e+04   6.73532963e-01   6.77300024e+00   5.38221821e-02   4.33069706e-01           26
sample_086.dat   7.83914775e-02   6.27312578e+04   6.73385203e-01   6.77300024e+00   3.88603359e-02   3.16827387e-01           24
sample_087.dat   8.77487808e-02   4.85813047e+04   6.70501888e-01   6.77300024e+00   4.38929051e-02   4.13923860e-01           25
sample_088.dat   9.48269963e-02   3.99062773e+04   6.68770313e-01   6.77300024e+00   5.46912476e-02   2.06997231e-01           23
sample_089.dat   1.01264387e-01   3.39005312e+04   6.69224441e-01   6.77300024e+00   4.02369946e-02   2.13191599e-01           25
sample_090.dat   8.47291276e-02   5.24826250e+04   6.59291089e-01   6.77300024e+00   3.27126347e-02   1.50585666e-01           28
sample_091.dat   1.07920982e-01   2.86653105e+04   6.72546983e-01   6.77300024e+00   5.24780154e-02   2.62850523e-01           25
sample_092.dat   8.88543352e-02   4.63663398e+04   6.70489967e-01   6.77300024e+00   2.84038819e-02   3.22341919e-01           22
sample_093.dat   8.98172781e-02   4.59164180e+04   6.73509896e-01   6.77300024e+00   4.90279198e-02   3.97461474e-01           28
sample_094.dat   9.61423218e-02   3.85493047e+04   6.71306074e-01   6.77300024e+00   2.08657235e-02   1.42347619e-01           25
sample_095.dat   8.62494186e-02   5.07016641e+04   6.72748268e-01   6.77300024e+00   3.76674086e-02   2.66896039e-01           27
sample_096.dat   7.18856677e-02   7.73449688e+04   6.71981692e-01   6.77300024e+00   2.48900224e-02   2.28246525e-01           28
sample_097.dat   1.20522395e-01   2.23778887e+04   6.72500968e-01   6.77300024e+00   7.46285319e-02   2.35820487e-01           24
sample_098.dat   1.17736183e-01   2.38833926e+04   6.73178852e-01   6.77300024e+00   5.19751236e-02   2.45513007e-01           28
sample_099.dat   9.67024416e-02   3.78261406e+04   6.71034813e-01   6.77300024e+00   1.08995959e-02   2.85590768e-01           24
sample_100.dat   9.61768627e-02   8.13623125e+04   6.71445489e-01   1.47160006e+01   4.29833457e-02   2.39580005e-01           28
sample_101.dat   9.63759646e-02   8.18101250e+04   6.72455788e-01   1.47160006e+01   1.53126214e-02   2.04654083e-01           26
sample_102.dat   1.05796404e-01   6.60927344e+04   6.73532665e-01   1.47160006e+01   2.73384489e-02   3.58763784e-01           25
sample_103.dat   1.01958841e-01   7.11265391e+04   6.73195422e-01   1.47160006e+01   4.46875580e-02   1.80606946e-01           29
sample_104.dat   9.38292891e-02   8.72119609e+04   6.73188925e-01   1.47160006e+01   1.24409152e-02   2.15768456e-01           29
sample_105.dat   1.06652200e-01   6.38079531e+04   6.72163904e-01   1.47160006e+01   3.41400988e-02   2.47555152e-01           26
sample_106.dat   1.09617628e-01   6.06852188e+04   6.71721697e-01   1.47160006e+01   4.30584773e-02   2.67734736e-01           28
sample_107.dat   1.14813402e-01   5.42225977e+04   6.73404932e-01   1.47160006e+01   4.16729711e-02   2.67272264e-01           27
sample_108.dat   9.94473845e-02   7.58156641e+04   6.71785474e-01   1.47160006e+01   4.85485606e-02   1.95834771e-01           29
sample_109.dat   1.13254957e-01   5.65660039e+04   6.73567116e-01   1.47160006e+01   4.34171334e-02   1.63581043e-01           28
sample_110.dat   1.04868546e-01   6.69453750e+04   6.71548605e-01   1.47160006e+01   2.98363585e-02   3.57586354e-01           26
sample_111.dat   1.11446813e-01   5.78021250e+04   6.73088193e-01   1.47160006e+01   4.34124842e-02   1.82856128e-01           24
sample_112.dat   9.68768224e-02   8.19806719e+04   6.73087120e-01   1.47160006e+01   3.21179666e-02   2.63372421e-01           29
sample_113.dat   1.15758598e-01   5.32611484e+04   6.73474252e-01   1.47160006e+01   4.62369658e-02   1.60226330e-01           28
sample_114.dat   1.10360377e-01   5.98488438e+04   6.72283292e-01   1.47160006e+01   3.37871723e-02   1.79525524e-01           29
sample_115.dat   1.12341985e-01   5.73917227e+04   6.73614740e-01   1.47160006e+01   3.68186347e-02   2.18573183e-01           29
sample_116.dat   1.09169751e-01   6.11540234e+04   6.72517180e-01   1.47160006e+01   4.66989130e-02   1.51747599e-01           30
sample_117.dat   9.98711511e-02   7.43653906e+04   6.73111379e-01   1.47160006e+01   4.07989472e-02   1.80642888e-01           24
sample_118.dat   9.92154777e-02   7.68453125e+04   6.72157824e-01   1.47160006e+01   3.43027264e-02   2.54939049e-01           29
sample_119.dat   1.06472045e-01   6.47145156e+04   6.73226237e-01   1.47160006e+01   3.43573727e-02   2.13579237e-01           26
sample_120.dat   1.20011754e-01   4.90093438e+04   6.73642755e-01   1.47160006e+01   3.00366785e-02   1.62734985e-01           29
sample_121.dat   1.01104774e-01   7.30097422e+04   6.73475623e-01   1.47160006e+01   4.47154790e-02   2.34003410e-01           24
sample_122.dat   9.68213230e-02   8.02501016e+04   6.73193932e-01   1.47160006e+01   2.66031306e-02   1.17443584e-01           28
sample_123.dat   1.18926518e-01   4.91204570e+04   6.73124731e-01   1.47160006e+01   3.32381837e-02   1.25525996e-01           23
sample_124.dat   1.01672463e-01   7.19705938e+04   6.73273265e-01   1.47160006e+01   3.84493545e-02   1.41301647e-01           27
sample_125.dat   9.54387560e-02   8.30843047e+04   6.73693240e-01   1.47160006e+01   3.69397700e-02   3.01478297e-01           29
sample_126.dat   8.83839130e-02   1.00412133e+05   6.72883928e-01   1.47160006e+01   3.37929167e-02   2.21586242e-01           25
sample_127.dat   1.02100164e-01   7.05791016e+04   6.71819270e-01   1.47160006e+01   3.87851857e-02   3.01895380e-01           25
sample_128.dat   9.85260084e-02   7.69749297e+04   6.71946466e-01   1.47160006e+01   4.42018583e-02   9.28236097e-02           29
sample_129.dat   1.05558202e-01   6.48833555e+04   6.73372149e-01   1.47160006e+01   3.97427715e-02   2.80289620e-01           24
sample_130.dat   1.03548653e-01   6.98658984e+04   6.73556864e-01   1.47160006e+01   4.54575196e-02   4.00129646e-01           27
sample_131.dat   9.21959579e-02   9.00423281e+04   6.73402190e-01   1.47160006e+01   2.50971429e-02   1.49860129e-01           25
sample_132.dat   1.15369484e-01   5.38904180e+04   6.73059106e-01   1.47160006e+01   2.69873850e-02   1.37208432e-01           27
sample_133.dat   1.02434799e-01   7.07638203e+04   6.72498643e-01   1.47160006e+01   4.87231202e-02   1.22139886e-01           28
sample_134.dat   1.05373949e-01   6.61663203e+04   6.72573566e-01   1.47160006e+01   2.49880049e-02   9.79005992e-02           27
sample_135.dat   1.15451485e-01   5.33715430e+04   6.73385978e-01   1.47160006e+01   4.30706702e-02   1.79477006e-01           28
sample_136.dat   9.48702395e-02   8.49062578e+04   6.73422217e-01   1.47160006e+01   3.42149623e-02   2.73429990e-01           26
sample_137.dat   1.02801628e-01   7.15730078e+04   6.73671186e-01   1.47160006e+01   3.93403098e-02   2.43872955e-01           30
sample_138.dat   1.01707719e-01   7.27944141e+04   6.72476053e-01   1.47160006e+01   3.05769481e-02   2.92265147e-01           27
sample_139.dat   1.03821017e-01   6.84935156e+04   6.73217297e-01   1.47160006e+01   2.28792690e-02   2.31387749e-01           30
sample_140.dat   9.72610861e-02   8.16033203e+04   6.73541903e-01   1.47160006e+01   3.84256952e-02   1.97406128e-01           27
sample_141.dat   1.10289052e-01   5.97765195e+04   6.72954023e-01   1.47160006e+01   3.70471701e-02   3.46035749e-01           29
sample_142.dat   1.10352054e-01   5.93247891e+04   6.73145711e-01   1.47160006e+01   3.28870825e-02   3.25511515e-01           28
sample_143.dat   1.03306971e-01   6.91134297e+04   6.72736347e-01   1.47160006e+01   5.70662953e-02   1.86927482e-01           28
sample_144.dat   9.43638757e-02   8.64884688e+04   6.73665226e-01   1.47160006e+01   4.03181203e-02   2.18852967e-01           27
sample_145.dat   9.93908420e-02   7.60089375e+04   6.72464967e-01   1.47160006e+01   4.42614034e-02   1.50133014e-01           25
sample_146.dat   1.12223722e-01   5.70256055e+04   6.71073854e-01   1.47160006e+01   4.17637937e-02   1.25115693e-01           29
sample_147.dat   1.16284184e-01   5.19833867e+04   6.73429847e-01   1.47160006e+01   5.64302467e-02   9.27676111e-02           25
sample_148.dat   9.21368599e-02   9.04075156e+04   6.73302710e-01   1.47160006e+01   2.17693970e-02   2.82760501e-01           22
sample_149.dat   9.62970853e-02   8.25530156e+04   6.73677802e-01   1.47160006e+01   2.83420440e-02   1.36143953e-01           27
sample_150.dat   1.08544119e-01   6.08357266e+04   6.72937572e-01   1.47160006e+01   3.68869826e-02   3.10993105e-01           25
sample_151.dat   1.04686834e-01   6.71020781e+04   6.73290908e-01   1.47160006e+01   5.29155396e-02   1.98256165e-01           25
sample_152.dat   9.74006280e-02   7.92559062e+04   6.73642755e-01   1.47160006e+01   3.42508554e-02   1.47151172e-01           26
sample_153.dat   1.10800877e-01   5.83763203e+04   6.73583627e-01   1.47160006e+01   3.83999906e-02   4.10742134e-01           27
sample_154.dat   1.23532638e-01   4.57971328e+04   6.72582328e-01   1.47160006e+01   4.89207394e-02   2.05591768e-01           26
sample_155.dat   1.03859417e-01   6.78163828e+04   6.72800779e-01   1.47160006e+01   5.06571718e-02   3.63751024e-01           24
sample_156.dat   1.12895779e-01   5.53680938e+04   6.72274113e-01   1.47160006e+01   6.02454655e-02   1.57717600e-01           25
sample_157.dat   9.23731700e-02   9.13580938e+04   6.73117399e-01   1.47160006e+01   4.80278358e-02   1.47206739e-01           27
sample_158.dat   1.15456589e-01   5.31914414e+04   6.73370719e-01   1.47160006e+01   5.38369417e-02   4.85061318e-01           26
sample_159.dat   8.72830153e-02   1.02777633e+05   6.72440827e-01   1.47160006e+01   5.08079901e-02   3.38585407e-01           25
sample_160.dat   1.04456060e-01   6.76331953e+04   6.73077941e-01   1.47160006e+01   3.48153077e-02   1.79855093e-01           28
sample_161.dat   1.08966604e-01   6.24796992e+04   6.71469212e-01   1.47160006e+01   4.79904488e-02   1.64337650e-01           26
sample_162.dat   9.77368206e-02   8.05271016e+04   6.73414946e-01   1.47160006e+01   5.18930219e-02   2.22145528e-01           26
sample_163.dat   1.21113971e-01   4.82568438e+04   6.72700703e-01   1.47160006e+01   2.47463193e-02   1.40390903e-01           27
sample_164.dat   9.63792428e-02   8.25590781e+04   6.73655331e-01   1.47160006e+01   3.14434879e-02   2.25406393e-01           26
sample_165.dat   9.77941751e-02   7.98117891e+04   6.71670198e-01   1.47160006e+01   3.21080983e-02   3.12208652e-01           28
sample_166.dat   1.01368770e-01   7.35043906e+04   6.71385586e-01   1.47160006e+01   2.77769566e-02   1.90938994e-01           25
sample_167.dat   9.23658013e-02   8.93671250e+04   6.72158003e-01   1.47160006e+01   1.22990087e-02   1.75612196e-01           22
sample_168.dat   1.03083462e-01   6.95263750e+04   6.73049688e-01   1.47160006e+01   2.69414522e-02   2.04098597e-01           24
sample_169.dat   1.03241809e-01   6.98346797e+04   6.73116207e-01   1.47160006e+01   4.08777259e-02   1.87894925e-01           27
sample_170.dat   1.10257007e-01   5.91870430e+04   6.71438456e-01   1.47160006e+01   3.13072503e-02   1.78293422e-01           25
sample_171.dat   9.97376814e-02   7.62416406e+04   6.72185004e-01   1.47160006e+01   1.95285883e-02   1.53771326e-01           27
sample_172.dat   9.83773693e-02   7.77878125e+04   6.72536850e-01   1.47160006e+01   2.67646145e-02   1.54030636e-01           26
sample_173.dat   9.79805142e-02   7.82751875e+04   6.71610355e-01   1.47160006e+01   3.67894284e-02   4.18131471e-01           26
sample_174.dat   1.12053134e-01   5.77692578e+04   6.72744095e-01   1.47160006e+01   3.03050745e-02   2.25015461e-01           25
sample_175.dat   1.03829876e-01   6.93448281e+04   6.72174931e-01   1.47160006e+01   4.01358306e-02   2.71282256e-01           27
sample_176.dat   1.04118623e-01   6.77934141e+04   6.72010958e-01   1.47160006e+01   2.29697060e-02   1.59512505e-01           29
sample_177.dat   8.77375901e-02   1.02428953e+05   6.73538566e-01   1.47160006e+01   3.20196785e-02   1.66715741e-01           28
sample_178.dat   1.27863631e-01   4.26386289e+04   6.73049688e-01   1.47160006e+01   1.82118490e-02   3.09227258e-01           25
sample_179.dat   1.07511126e-01   6.24959023e+04   6.71474755e-01   1.47160006e+01   3.56456861e-02   2.89417922e-01           22
sample_180.dat   1.12636045e-01   5.68621055e+04   6.72926366e-01   1.47160006e+01   1.98401529e-02   1.16066895e-01           25
sample_181.dat   1.06933199e-01   6.39582617e+04   6.73520386e-01   1.47160006e+01   2.58169267e-02   1.02175884e-01           30
sample_182.dat   1.00811690e-01   7.27146562e+04   6.73583627e-01   1.47160006e+01   2.81774495e-02   2.21739665e-01           26
sample_183.dat   9.70642045e-02   8.04626328e+04   6.72169685e-01   1.47160006e+01   3.68143655e-02   2.66245782e-01           25
sample_184.dat   1.02523968e-01   7.12549141e+04   6.73666418e-01   1.47160006e+01   2.78440118e-02   1.30320460e-01           30
sample_185.dat   1.13873638e-01   5.51154258e+04   6.73266530e-01   1.47160006e+01   4.71391603e-02   2.97006309e-01           25
sample_186.dat   9.42029655e-02   8.64830625e+04   6.73668146e-01   1.47160006e+01   3.75942402e-02   1.73315078e-01           27
sample_187.dat   9.93997231e-02   7.50288594e+04   6.73672378e-01   1.47160006e+01   4.99464720e-02   6.89186081e-02           26
sample_188.dat   1.03894174e-01   6.74088281e+04   6.71983361e-01   1.47160006e+01   3.38564813e-02   1.86275333e-01           26
sample_189.dat   1.06021114e-01   6.48455156e+04   6.72848761e-01   1.47160006e+01   6.24900572e-02   1.68595046e-01           27
sample_190.dat   1.09932818e-01   6.07114453e+04   6.72209740e-01   1.47160006e+01   2.31721066e-02   1.22981519e-01           29
sample_191.dat   9.06788781e-02   9.48766641e+04   6.73693836e-01   1.47160006e+01   3.29104215e-02   3.65470499e-01           28
sample_192.dat   1.17728919e-01   5.13776953e+04   6.72501385e-01   1.47160006e+01   4.99294512e-02   1.75603539e-01           30
sample_193.dat   1.00502387e-01   7.39307500e+04   6.73414946e-01   1.47160006e+01   2.33599506e-02   1.58559158e-01           26
sample_194.dat   1.09988064e-01   6.00723945e+04   6.69507086e-01   1.47160006e+01   2.86685396e-02   1.93373859e-01           25
sample_195.dat   8.84039029e-02   1.00406148e+05   6.73498452e-01   1.47160006e+01   4.04829681e-02   1.75852075e-01           27
sample_196.dat   9.43707749e-02   8.48089375e+04   6.73372149e-01   1.47160006e+01   2.93513257e-02   5.32660842e-01           24
sample_197.dat   1.18674405e-01   5.01741680e+04   6.73261583e-01   1.47160006e+01   2.93738693e-02   1.99466944e-01           28
sample_198.dat   1.15638971e-01   5.31262422e+04   6.71124816e-01   1.47160006e+01   5.15247248e-02   1.43436790e-01           26
sample_199.dat   1.04930565e-01   6.70266094e+04   6.73114240e-01   1.47160006e+01   2.29164250e-02   2.05449089e-01           27
sample_200.dat   1.01808526e-01   1.52320016e+05   6.73672855e-01   3.14990005e+01   3.57223637e-02   1.39707193e-01           28
sample_201.dat   1.19493835e-01   1.04421688e+05   6.72000468e-01   3.14990005e+01   4.30728532e-02   3.85909915e-01           26
sample_202.dat   1.07956372e-01   1.31883766e+05   6.72864437e-01   3.14990005e+01   3.79234664e-02   1.74353525e-01           26
sample_203.dat   1.09552339e-01   1.28588188e+05   6.73084021e-01   3.14990005e+01   4.47638631e-02   3.04870099e-01           25
sample_204.dat   1.05360985e-01   1.40356391e+05   6.73673570e-01   3.14990005e+01   2.86555495e-02   1.96443379e-01           30
sample_205.dat   1.03438705e-01   1.46609969e+05   6.73266530e-01   3.14990005e+01   3.03751305e-02   1.29508361e-01           29
sample_206.dat   1.05017617e-01   1.43543969e+05   6.73075438e-01   3.14990005e+01   3.26171517e-02   1.87573075e-01           29
sample_207.dat   1.03565626e-01   1.46649781e+05   6.73532963e-01   3.14990005e+01   3.94670032e-02   2.48743564e-01           26
sample_208.dat   1.05346374e-01   1.39871641e+05   6.72373652e-01   3.14990005e+01   3.63538004e-02   1.41968980e-01           27
sample_209.dat   1.01946957e-01   1.51606922e+05   6.73568189e-01   3.14990005e+01   3.63661461e-02   6.60565719e-02           27
sample_210.dat   1.17092259e-01   1.09420773e+05   6.73671186e-01   3.14990005e+01   3.85932215e-02   6.60379231e-02           27
sample_211.dat   1.09169550e-01   1.27941305e+05   6.73636913e-01   3.14990005e+01   4.40381877e-02   2.40704328e-01           26
sample_212.dat   1.08271942e-01   1.32080625e+05   6.73569143e-01   3.14990005e+01   2.81187296e-02   9.60942581e-02           27
sample_213.dat   1.07475400e-01   1.33547922e+05   6.73581660e-01   3.14990005e+01   3.44722159e-02   1.03999555e-01           24
sample_214.dat   1.05002992e-01   1.41816125e+05   6.73129916e-01   3.14990005e+01   2.60815416e-02   3.72871161e-01           28
sample_215.dat   1.09028392e-01   1.28038898e+05   6.73619568e-01   3.14990005e+01   3.73922437e-02   1.93014249e-01           26
sample_216.dat   1.01531401e-01   1.53794891e+05   6.72614932e-01   3.14990005e+01   4.74205427e-02   2.81025380e-01           23
sample_217.dat   1.07121736e-01   1.35326422e+05   6.73548341e-01   3.14990005e+01   3.43063995e-02   1.56404287e-01           27
sample_218.dat   1.11216247e-01   1.23118664e+05   6.73188925e-01   3.14990005e+01   3.99902798e-02   1.32419124e-01           26
sample_219.dat   1.02445826e-01   1.49716375e+05   6.73414946e-01   3.14990005e+01   4.22227569e-02   9.86629128e-02           25
sample_220.dat   1.11397609e-01   1.22810453e+05   6.73155546e-01   3.14990005e+01   4.83711287e-02   1.32275432e-01           28
sample_221.dat   1.09690353e-01   1.26866359e+05   6.73661530e-01   3.14990005e+01   2.76095103e-02   4.47020680e-01           25
sample_222.dat   1.03570119e-01   1.47085391e+05   6.73697948e-01   3.14990005e+01   2.45623291e-02   9.55884010e-02           27
sample_223.dat   9.99027118e-02   1.58116750e+05   6.73414946e-01   3.14990005e+01   3.30385379e-02   3.40781569e-01           25
sample_224.dat   1.16822183e-01   1.10159375e+05   6.72733128e-01   3.14990005e+01   3.63735966e-02   1.72195971e-01           27
sample_225.dat   1.01478606e-01   1.53505062e+05   6.73343897e-01   3.14990005e+01   4.32497486e-02   2.24298835e-01           25
sample_226.dat   1.08962677e-01   1.29545836e+05   6.73058331e-01   3.14990005e+01   3.49037945e-02   2.36620367e-01           27
sample_227.dat   1.14306740e-01   1.15749320e+05   6.73541903e-01   3.14990005e+01   3.94961834e-02   1.74201950e-01           23
sample_228.dat   9.69046354e-02   1.68993531e+05   6.73643351e-01   3.14990005e+01   4.24773283e-02   4.54715490e-01           24
sample_229.dat   1.03070714e-01   1.47368141e+05   6.73370421e-01   3.14990005e+01   3.33587416e-02   1.24800026e-01           27
sample_230.dat   1.05617471e-01   1.39538438e+05   6.73636913e-01   3.14990005e+01   4.46308665e-02   1.66917250e-01           27
sample_231.dat   1.10437930e-01   1.25837477e+05   6.72897696e-01   3.14990005e+01   1.66232027e-02   1.59712747e-01           29
sample_232.dat   1.04353063e-01   1.44429078e+05   6.72855258e-01   3.14990005e+01   2.86265574e-02   1.89920515e-01           28
sample_233.dat   1.08600572e-01   1.29670031e+05   6.73476934e-01   3.14990005e+01   3.11525743e-02   1.40239939e-01           27
sample_234.dat   1.04430288e-01   1.42526984e+05   6.73098803e-01   3.14990005e+01   5.14780767e-02   8.34821835e-02           29
sample_235.dat   1.06565975e-01   1.37538750e+05   6.73490465e-01   3.14990005e+01   3.67924124e-02   2.29068413e-01           28
sample_236.dat   1.08360134e-01   1.31555031e+05   6.73324347e-01   3.14990005e+01   3.97738330e-02   1.42092511e-01           29
sample_237.dat   1.07639186e-01   1.33412656e+05   6.73145711e-01   3.14990005e+01   3.65096517e-02   1.53927669e-01           29
sample_238.dat   1.08377740e-01   1.31284688e+05   6.73650324e-01   3.14990005e+01   3.79228145e-02   1.74143285e-01           29
sample_239.dat   1.09910958e-01   1.26776344e+05   6.73047245e-01   3.14990005e+01   3.96401323e-02   2.00634345e-01           26
sample_240.dat   1.05872661e-01   1.38787016e+05   6.73228145e-01   3.14990005e+01   4.30674851e-02   1.62834898e-01           28
sample_241.dat   1.00155510e-01   1.58732469e+05   6.73636913e-01   3.14990005e+01   2.40466036e-02   1.51158556e-01           28
sample_242.dat   1.09774306e-01   1.27600938e+05   6.73280895e-01   3.14990005e+01   2.59627253e-02   1.11182898e-01           25
sample_243.dat   1.08697943e-01   1.32044062e+05   6.73593342e-01   3.14990005e+01   3.89824174e-02   1.63954511e-01           29
sample_244.dat   9.74291638e-02   1.69140641e+05   6.73584580e-01   3.14990005e+01   2.60643605e-02   2.52073705e-01           26
sample_245.dat   1.21463619e-01   1.00180914e+05   6.73593342e-01   3.14990005e+01   3.87551785e-02   7.50541016e-02           28
sample_246.dat   1.05733357e-01   1.39574828e+05   6.73408151e-01   3.14990005e+01   2.97991205e-02   1.06152751e-01           28
sample_247.dat   9.79707763e-02   1.66376891e+05   6.73371494e-01   3.14990005e+01   3.41702141e-02   1.19004689e-01           26
sample_248.dat   1.02299504e-01   1.50555656e+05   6.73692644e-01   3.14990005e+01   4.12110239e-02   2.68861532e-01           26
sample_249.dat   1.15148172e-01   1.14833727e+05   6.73648655e-01   3.14990005e+01   4.01975438e-02   2.42997304e-01           26
sample_250.dat   1.05972394e-01   1.38499922e+05   6.73418999e-01   3.14990005e+01   3.67101580e-02   1.32348135e-01           28
sample_251.dat   1.19958483e-01   1.03583430e+05   6.73643351e-01   3.14990005e+01   4.29435037e-02   1.41976520e-01           28
sample_252.dat   1.04263581e-01   1.42838594e+05   6.73431873e-01   3.14990005e+01   2.05362700e-02   1.97493672e-01           28
sample_253.dat   1.05444670e-01   1.40052359e+05   6.73105717e-01   3.14990005e+01   3.17712240e-02   1.86046451e-01           28
sample_254.dat   9.94823277e-02   1.61030219e+05   6.73273265e-01   3.14990005e+01   3.60028297e-02   1.82966083e-01           28
sample_255.dat   1.11939907e-01   1.21155758e+05   6.72858238e-01   3.14990005e+01   2.00852547e-02   1.78857505e-01           30
sample_256.dat   1.07200705e-01   1.34318672e+05   6.73474252e-01   3.14990005e+01   4.41192240e-02   1.84729800e-01           29
sample_257.dat   1.19745567e-01   1.03425789e+05   6.72848761e-01   3.14990005e+01   4.07240354e-02   2.69192100e-01           27
sample_258.dat   1.16682254e-01   1.10080672e+05   6.73004210e-01   3.14990005e+01   3.80032770e-02   9.30200741e-02           25
sample_259.dat   1.00674987e-01   1.56777000e+05   6.73208892e-01   3.14990005e+01   2.59570200e-02   6.72315732e-02           27
sample_260.dat   1.04633600e-01   1.43431688e+05   6.73496902e-01   3.14990005e+01   3.46310511e-02   7.37648383e-02           28
sample_261.dat   1.16623744e-01   1.11529117e+05   6.73523486e-01   3.14990005e+01   3.05806175e-02   1.22339502e-01           27
sample_262.dat   1.17133424e-01   1.09016680e+05   6.73498452e-01   3.14990005e+01   3.44646052e-02   1.22621633e-01           30
sample_263.dat   1.20238848e-01   1.03088680e+05   6.73673570e-01   3.14990005e+01   3.75112519e-02   9.91887376e-02           28
sample_264.dat   1.04720280e-01   1.43511109e+05   6.73036218e-01   3.14990005e+01   3.25518176e-02   1.82082772e-01           28
sample_265.dat   1.00312822e-01   1.57036531e+05   6.73430562e-01   3.14990005e+01   2.91313417e-02   2.12324396e-01           29
sample_266.dat   1.11493878e-01   1.23344281e+05   6.73636913e-01   3.14990005e+01   2.91759800e-02   2.55492449e-01           27
sample_267.dat   1.10831596e-01   1.25220469e+05   6.73546433e-01   3.14990005e+01   4.06842493e-02   1.64680347e-01           28
sample_268.dat   1.04181558e-01   1.45193469e+05   6.73047245e-01   3.14990005e+01   3.32392044e-02   9.53977183e-02           28
sample_269.dat   1.13931827e-01   1.16823945e+05   6.73047245e-01   3.14990005e+01   3.78134511e-02   2.40159124e-01           27
sample_270.dat   1.07747056e-01   1.32684938e+05   6.73258305e-01   3.14990005e+01   3.94587815e-02   1.39013648e-01           27
sample_271.dat   1.08021110e-01   1.33146453e+05   6.73599362e-01   3.14990005e+01   4.02291119e-02   1.44576460e-01           28
sample_272.dat   1.07870713e-01   1.32905906e+05   6.72188520e-01   3.14990005e+01   4.64790277e-02   1.33470476e-01           27
sample_273.dat   1.08546935e-01   1.30784461e+05   6.73505962e-01   3.14990005e+01   3.47148702e-02   2.38869518e-01           26
sample_274.dat   1.16539232e-01   1.11163055e+05   6.72702014e-01   3.14990005e+01   4.24907915e-02   1.23353094e-01           27
sample_275.dat   1.09766044e-01   1.27911383e+05   6.73641860e-01   3.14990005e+01   2.69595198e-02   1.41342238e-01           28
sample_276.dat   1.04744546e-01   1.41917938e+05   6.73636913e-01   3.14990005e+01   3.50912064e-02   4.42703128e-01           26
sample_277.dat   1.09716721e-01   1.26874773e+05   6.73701763e-01   3.14990005e+01   3.72658968e-02   1.58115491e-01           26
sample_278.dat   1.06306501e-01   1.37569266e+05   6.73621774e-01   3.14990005e+01   3.25151198e-02   2.16492042e-01           29
sample_279.dat   1.07311957e-01   1.35893516e+05   6.73242390e-01   3.14990005e+01   2.47561708e-02   2.74924725e-01           28
sample_280.dat   1.17404766e-01   1.09234352e+05   6.73385024e-01   3.14990005e+01   3.76221500e-02   1.23697959e-01           28
sample_281.dat   1.04117379e-01   1.43779969e+05   6.73623621e-01   3.14990005e+01   3.07006873e-02   1.38682216e-01           28
sample_282.dat   1.03366598e-01   1.46948062e+05   6.73465014e-01   3.14990005e+01   3.82743366e-02   1.05760567e-01           29
sample_283.dat   1.04185171e-01   1.43148516e+05   6.73528671e-01   3.14990005e+01   3.74673679e-02   2.12948337e-01           23
sample_284.dat   1.09541371e-01   1.28400820e+05   6.72700703e-01   3.14990005e+01   3.96227352e-02   6.57699034e-02           27
sample_285.dat   1.01554178e-01   1.53057594e+05   6.72476351e-01   3.14990005e+01   3.98270786e-02   7.40672499e-02           30
sample_286.dat   1.15900993e-01   1.12744812e+05   6.71272457e-01   3.14990005e+01   3.67699340e-02   2.04275727e-01           24
sample_287.dat   1.05889410e-01   1.39153234e+05   6.72754347e-01   3.14990005e+01   2.44994983e-02   6.20340779e-02           28
sample_288.dat   1.04866222e-01   1.41680266e+05   6.72703326e-01   3.14990005e+01   4.20376621e-02   1.54788241e-01           28
sample_289.dat   9.28511173e-02   1.89269188e+05   6.73290908e-01   3.14990005e+01   2.99538001e-02   3.44904214e-01           26
sample_290.dat   1.13534227e-01   1.17337312e+05   6.72321260e-01   3.14990005e+01   2.90749818e-02   9.72321779e-02           26
sample_291.dat   9.70273018e-02   1.69517906e+05   6.73045516e-01   3.14990005e+01   3.17923501e-02   9.33779925e-02           26
sample_292.dat   1.10310763e-01   1.26786211e+05   6.73518777e-01   3.14990005e+01   3.39453816e-02   2.18691885e-01           26
sample_293.dat   1.03420898e-01   1.45931062e+05   6.72624528e-01   3.14990005e+01   3.47733088e-02   1.90762237e-01           25
sample_294.dat   9.89334360e-02   1.61523391e+05   6.72680140e-01   3.14990005e+01   3.09118368e-02   2.12720588e-01           24
sample_295.dat   1.19382881e-01   1.03754375e+05   6.73508108e-01   3.14990005e+01   2.82713193e-02   1.48363352e-01           25
sample_296.dat   1.19597398e-01   1.04455242e+05   6.73455775e-01   3.14990005e+01   3.93589288e-02   1.48855865e-01           25
sample_297.dat   1.24608733e-01   9.47891094e+04   6.73372149e-01   3.14990005e+01   2.52438746e-02   1.80662498e-01           26
sample_298.dat   1.02498159e-01   1.49428766e+05   6.73197627e-01   3.14990005e+01   3.16602774e-02   2.25897625e-01           26
sample_299.dat   1.11506335e-01   1.24250461e+05   6.73261464e-01   3.14990005e+01   2.42266208e-02   1.57950059e-01           29
sample_300.dat   1.08390100e-01   2.81438875e+05   6.73372149e-01   6.77300034e+01   3.66004147e-02   1.52205989e-01           28
sample_301.dat   1.05922095e-01   2.98682031e+05   6.73585892e-01   6.77300034e+01   3.86459827e-02   1.13370843e-01           30
sample_302.dat   1.06487490e-01   2.92613406e+05   6.73581243e-01   6.77300034e+01   2.55828034e-02   1.31828994e-01           27
sample_303.dat   1.08923174e-01   2.77452094e+05   6.73581243e-01   6.77300034e+01   3.57964821e-02   1.38809368e-01           27
sample_304.dat   1.13453567e-01   2.52391438e+05   6.73536360e-01   6.77300034e+01   2.98500881e-02   1.80539846e-01           28
sample_305.dat   1.07913770e-01   2.83050344e+05   6.73666894e-01   6.77300034e+01   2.83766836e-02   1.60129398e-01           28
sample_306.dat   1.09961174e-01   2.73854688e+05   6.73585892e-01   6.77300034e+01   3.63637097e-02   1.91676602e-01           29
sample_307.dat   1.10066414e-01   2.70372750e+05   6.73657238e-01   6.77300034e+01   3.63448150e-02   7.69181177e-02           29
sample_308.dat   1.04976982e-01   3.05642156e+05   6.73409700e-01   6.77300034e+01   4.05225493e-02   1.15404516e-01           30
sample_309.dat   1.03202574e-01   3.15087938e+05   6.73580110e-01   6.77300034e+01   3.71439829e-02   1.40742987e-01           29
sample_310.dat   1.04817376e-01   3.02471000e+05   6.73541903e-01   6.77300034e+01   3.16844210e-02   1.21114857e-01           28
sample_311.dat   1.09792732e-01   2.73218781e+05   6.73581243e-01   6.77300034e+01   4.56022061e-02   1.01674236e-01           30
sample_312.dat   1.07939921e-01   2.82615250e+05   6.73672378e-01   6.77300034e+01   2.50097942e-02   2.31800333e-01           25
sample_313.dat   1.18110619e-01   2.31324000e+05   6.73584521e-01   6.77300034e+01   3.50290574e-02   1.46562621e-01           30
sample_314.dat   1.10403009e-01   2.69825812e+05   6.73218429e-01   6.77300034e+01   4.29734513e-02   1.09616734e-01           25
sample_315.dat   1.09585479e-01   2.73356812e+05   6.73692465e-01   6.77300034e+01   3.64158750e-02   1.58442289e-01           27
sample_316.dat   1.10033982e-01   2.71062031e+05   6.73273921e-01   6.77300034e+01   2.83843987e-02   9.88296941e-02           23
sample_317.dat   1.08170576e-01   2.83275625e+05   6.73623621e-01   6.77300034e+01   3.17519493e-02   1.23947032e-01           28
sample_318.dat   1.06376559e-01   2.94510500e+05   6.73072278e-01   6.77300034e+01   3.03078666e-02   2.79906780e-01           28
sample_319.dat   1.08860537e-01   2.76911406e+05   6.73672378e-01   6.77300034e+01   3.67966965e-02   1.03438966e-01           28
sample_320.dat   1.04534820e-01   3.07184250e+05   6.73693836e-01   6.77300034e+01   3.23949046e-02   1.14854380e-01           28
sample_321.dat   1.07152902e-01   2.88638250e+05   6.73192263e-01   6.77300034e+01   3.66260260e-02   1.75233051e-01           27
sample_322.dat   1.13559023e-01   2.51616641e+05   6.73584580e-01   6.77300034e+01   3.18389758e-02   5.10341674e-02           29
sample_323.dat   1.07113853e-01   2.87080875e+05   6.73665226e-01   6.77300034e+01   3.35383676e-02   1.18889190e-01           23
sample_324.dat   1.09647535e-01   2.72539750e+05   6.73603475e-01   6.77300034e+01   3.18225846e-02   8.92891586e-02           27
sample_325.dat   1.11818761e-01   2.60968312e+05   6.73470378e-01   6.77300034e+01   2.55957283e-02   9.78090912e-02           26
sample_326.dat   1.05539799e-01   2.98650312e+05   6.73673570e-01   6.77300034e+01   3.01665552e-02   1.59590736e-01           25
sample_327.dat   1.01884820e-01   3.26489406e+05   6.73330963e-01   6.77300034e+01   4.16244566e-02   9.22264904e-02           28
sample_328.dat   1.10451370e-01   2.68534188e+05   6.73680246e-01   6.77300034e+01   3.34815234e-02   9.14133266e-02           27
sample_329.dat   1.14364073e-01   2.48457641e+05   6.73532665e-01   6.77300034e+01   3.24099772e-02   9.93269756e-02           30
sample_330.dat   1.05846487e-01   2.95722031e+05   6.73599362e-01   6.77300034e+01   3.77528965e-02   7.62409568e-01           26
sample_331.dat   1.01430342e-01   3.28480906e+05   6.73546433e-01   6.77300034e+01   2.87625920e-02   2.18194962e-01           30
sample_332.dat   1.13279819e-01   2.51917578e+05   6.73559546e-01   6.77300034e+01   3.31211761e-02   8.65629315e-02           24
sample_333.dat   1.20546468e-01   2.18628344e+05   6.73532963e-01   6.77300034e+01   2.87580993e-02   1.10677890e-01           29
sample_334.dat   1.06035985e-01   2.95476375e+05   6.72848761e-01   6.77300034e+01   3.89901474e-02   6.10736981e-02           25
sample_335.dat   1.13580704e-01   2.52894750e+05   6.73641801e-01   6.77300034e+01   3.50485556e-02   1.25099331e-01           29
sample_336.dat   1.05926253e-01   2.96082562e+05   6.73402190e-01   6.77300034e+01   3.33641917e-02   1.03467159e-01           26
sample_337.dat   1.11070864e-01   2.64547594e+05   6.73089325e-01   6.77300034e+01   3.62967849e-02   1.19026288e-01           27
sample_338.dat   1.04483359e-01   3.04785688e+05   6.72916830e-01   6.77300034e+01   3.09442617e-02   4.81209189e-01           25
sample_339.dat   1.07545525e-01   2.85113500e+05   6.73672378e-01   6.77300034e+01   4.03842181e-02   1.11004159e-01           27
sample_340.dat   1.13357067e-01   2.52247984e+05   6.73474014e-01   6.77300034e+01   3.72180156e-02   1.13020413e-01           28
sample_341.dat   1.05363749e-01   3.00714656e+05   6.73475623e-01   6.77300034e+01   4.63732295e-02   1.08466282e-01           26
sample_342.dat   1.16420142e-01   2.37777781e+05   6.73429847e-01   6.77300034e+01   3.57123762e-02   1.60246536e-01           28
sample_343.dat   1.08516015e-01   2.80431062e+05   6.71985865e-01   6.77300034e+01   4.00996022e-02   1.08615868e-01           27
sample_344.dat   1.02950037e-01   3.15581469e+05   6.73585355e-01   6.77300034e+01   3.33032236e-02   2.11523920e-01           27
sample_345.dat   1.06397554e-01   2.92318906e+05   6.73505962e-01   6.77300034e+01   3.32640931e-02   8.75798315e-02           27
sample_346.dat   1.07733771e-01   2.85505938e+05   6.73617542e-01   6.77300034e+01   3.72480042e-02   1.21495493e-01           27
sample_347.dat   1.10319167e-01   2.72116125e+05   6.73693240e-01   6.77300034e+01   3.16889770e-02   1.55456915e-01           30
sample_348.dat   1.16655067e-01   2.37537797e+05   6.73178852e-01   6.77300034e+01   3.37211899e-02   1.21260919e-01           28
sample_349.dat   1.09960712e-01   2.72177531e+05   6.72655344e-01   6.77300034e+01   3.78061607e-02   5.52182198e-02           26
sample_350.dat   1.08862661e-01   2.77561500e+05   6.73569143e-01   6.77300034e+01   3.21694650e-02   8.36576819e-02           28
sample_351.dat   1.12089179e-01   2.59300797e+05   6.73166513e-01   6.77300034e+01   2.79410277e-02   7.02662989e-02           27
sample_352.dat   1.12832673e-01   2.56066375e+05   6.73559725e-01   6.77300034e+01   2.43889540e-02   1.19594269e-01           27
sample_353.dat   1.04127064e-01   3.09368469e+05   6.73689902e-01   6.77300034e+01   2.77529433e-02   1.16466157e-01           27
sample_354.dat   1.07531957e-01   2.86964344e+05   6.73016608e-01   6.77300034e+01   3.17981280e-02   2.86495864e-01           29
sample_355.dat   1.06535308e-01   2.91340969e+05   6.73661530e-01   6.77300034e+01   2.91206799e-02   2.79489547e-01           27
sample_356.dat   1.04114674e-01   3.10222969e+05   6.73507452e-01   6.77300034e+01   3.09958141e-02   1.46624818e-01           26
sample_357.dat   1.06573530e-01   2.92829656e+05   6.73443735e-01   6.77300034e+01   3.31145786e-02   1.44840986e-01           28
sample_358.dat   1.12345487e-01   2.57036562e+05   6.73619568e-01   6.77300034e+01   2.83473972e-02   2.05517665e-01           26
sample_359.dat   1.16338506e-01   2.37388094e+05   6.72917545e-01   6.77300034e+01   3.86041366e-02   1.03113815e-01           29
sample_360.dat   1.14222594e-01   2.47839938e+05   6.73598945e-01   6.77300034e+01   4.27211784e-02   1.28969058e-01           28
sample_361.dat   1.12840168e-01   2.55697875e+05   6.73455775e-01   6.77300034e+01   2.38468926e-02   1.81471258e-01           29
sample_362.dat   1.06988490e-01   2.89473500e+05   6.73422456e-01   6.77300034e+01   3.49811278e-02   1.87147081e-01           29
sample_363.dat   1.12659194e-01   2.56918750e+05   6.73122525e-01   6.77300034e+01   3.36185731e-02   8.67032781e-02           28
sample_364.dat   1.14043944e-01   2.51387906e+05   6.73273265e-01   6.77300034e+01   3.52119692e-02   1.02000140e-01           28
sample_365.dat   1.11001782e-01   2.65984000e+05   6.73580110e-01   6.77300034e+01   3.05141937e-02   1.46880180e-01           26
sample_366.dat   1.13330685e-01   2.51673266e+05   6.73621774e-01   6.77300034e+01   2.98003368e-02   1.14853621e-01           25
sample_367.dat   1.14852875e-01   2.44656156e+05   6.73641860e-01   6.77300034e+01   4.20347527e-02   1.33148372e-01           27
sample_368.dat   1.09227195e-01   2.74926688e+05   6.73532963e-01   6.77300034e+01   3.38778235e-02   2.99491554e-01           27
sample_369.dat   1.09985456e-01   2.71867281e+05   6.73661530e-01   6.77300034e+01   3.21719497e-02   1.87030673e-01           27
sample_370.dat   1.03847824e-01   3.10228312e+05   6.73693836e-01   6.77300034e+01   2.25810464e-02   1.75056458e-01           25
sample_371.dat   1.08180448e-01   2.82483625e+05   6.72543526e-01   6.77300034e+01   4.53083627e-02   7.06535354e-02           28
sample_372.dat   1.09121166e-01   2.76191188e+05   6.73623621e-01   6.77300034e+01   3.31918150e-02   2.21527487e-01           25
sample_373.dat   1.16758183e-01   2.36308734e+05   6.73474014e-01   6.77300034e+01   4.16177064e-02   9.95571837e-02           29
sample_374.dat   1.06722496e-01   2.92092750e+05   6.73508108e-01   6.77300034e+01   3.27287391e-02   1.15274623e-01           28
sample_375.dat   1.08473621e-01   2.80936344e+05   6.73619568e-01   6.77300034e+01   2.87860297e-02   1.96982831e-01           30
sample_376.dat   1.07452989e-01   2.88040438e+05   6.73385024e-01   6.77300034e+01   3.44167538e-02   1.69771329e-01           29
sample_377.dat   1.07580006e-01   2.86057688e+05   6.73508108e-01   6.77300034e+01   3.88169140e-02   9.52181444e-02           28
sample_378.dat   1.08919889e-01   2.75872500e+05   6.73162222e-01   6.77300034e+01   3.72687243e-02   8.10284615e-02           24
sample_379.dat   1.05797008e-01   2.97970156e+05   6.73603475e-01   6.77300034e+01   3.70828733e-02   1.53927520e-01           27
sample_380.dat   1.11122139e-01   2.64097125e+05   6.73580110e-01   6.77300034e+01   3.47305425e-02   1.43812761e-01           28
sample_381.dat   1.15503326e-01   2.40804797e+05   6.73222303e-01   6.77300034e+01   4.06997055e-02   1.61981300e-01           23
sample_382.dat   1.07601397e-01   2.85744094e+05   6.73578382e-01   6.77300034e+01   3.06474213e-02   1.63203046e-01           29
sample_383.dat   1.14806391e-01   2.45859828e+05   6.73584580e-01   6.77300034e+01   3.58275883e-02   9.22693685e-02           28
sample_384.dat   1.11815810e-01   2.62466438e+05   6.73692465e-01   6.77300034e+01   2.69062873e-02   1.26318008e-01           29
sample_385.dat   1.11402519e-01   2.63037938e+05   6.73523486e-01   6.77300034e+01   4.36886996e-02   1.58940226e-01           30
sample_386.dat   1.08184122e-01   2.82411875e+05   6.73192263e-01   6.77300034e+01   3.22163180e-02   5.18897362e-02           27
sample_387.dat   1.08031847e-01   2.82761750e+05   6.73650324e-01   6.77300034e+01   3.42119448e-02   1.00235701e-01           25
sample_388.dat   1.12159528e-01   2.60315109e+05   6.73310220e-01   6.77300034e+01   3.62428688e-02   1.30940601e-01           27
sample_389.dat   1.07199579e-01   2.87981000e+05   6.73666894e-01   6.77300034e+01   3.15543152e-02   2.15429142e-01           29
sample_390.dat   1.06754646e-01   2.90422719e+05   6.72832489e-01   6.77300034e+01   3.45113389e-02   1.60176694e-01           30
sample_391.dat   1.12046301e-01   2.60224656e+05   6.73443079e-01   6.77300034e+01   3.28397267e-02   2.47154713e-01           27
sample_392.dat   1.10924415e-01   2.66668812e+05   6.73641801e-01   6.77300034e+01   3.45268250e-02   1.02855012e-01           29
sample_393.dat   1.07957929e-01   2.84757281e+05   6.72795713e-01   6.77300034e+01   3.02282646e-02   7.95921460e-02           30
sample_394.dat   1.11831278e-01   2.62549188e+05   6.73665226e-01   6.77300034e+01   4.07617651e-02   6.61967695e-02           29
sample_395.dat   1.10783033e-01   2.69341719e+05   6.73120141e-01   6.77300034e+01   3.54419537e-02   1.93805754e-01           27
sample_396.dat   1.10479169e-01   2.68195719e+05   6.73555255e-01   6.77300034e+01   3.50574926e-02   8.98330510e-02           27
sample_397.dat   1.02478981e-01   3.20442469e+05   6.73533916e-01   6.77300034e+01   3.07054408e-02   1.65782899e-01           27
sample_398.dat   1.14302702e-01   2.48340422e+05   6.73584521e-01   6.77300034e+01   3.46403010e-02   1.12318598e-01           27
sample_399.dat   1.06042467e-01   2.95505875e+05   6.73556864e-01   6.77300034e+01   3.64487171e-02   1.33618161e-01           28
sample_400.dat   1.09405473e-01   6.10164312e+05   6.73619568e-01   1.50527008e+02   2.80343425e-02   1.41178906e-01           29
sample_401.dat   1.12385184e-01   5.71275375e+05   6.73657238e-01   1.50527008e+02   3.17931473e-02   6.84925914e-02           29
sample_402.dat   1.12524211e-01   5.69866312e+05   6.73665226e-01   1.50527008e+02   3.23821343e-02   1.13935851e-01           29
sample_403.dat   1.07641771e-01   6.30643188e+05   6.73642755e-01   1.50527008e+02   2.75770836e-02   1.72449410e-01           27
sample_404.dat   1.08049676e-01   6.24949000e+05   6.73559725e-01   1.50527008e+02   3.02224960e-02   3.77914339e-01           25
sample_405.dat   1.11207336e-01   5.89082812e+05   6.73643351e-01   1.50527008e+02   3.79921235e-02   9.25938264e-02           30
sample_406.dat   1.06039710e-01   6.54631500e+05   6.73541307e-01   1.50527008e+02   3.43357809e-02   6.58719763e-02           28
sample_407.dat   1.11706443e-01   5.80717062e+05   6.73693240e-01   1.50527008e+02   3.58752981e-02   5.41038476e-02           28
sample_408.dat   1.08872630e-01   6.16225875e+05   6.73701763e-01   1.50527008e+02   4.20729443e-02   1.75226822e-01           30
sample_409.dat   1.10614501e-01   5.95682438e+05   6.73585355e-01   1.50527008e+02   3.77411991e-02   1.14185303e-01           27
sample_410.dat   1.07301570e-01   6.38781625e+05   6.73672855e-01   1.50527008e+02   3.46188582e-02   7.24061355e-02           29
sample_411.dat   1.11584626e-01   5.79676062e+05   6.73689902e-01   1.50527008e+02   3.37682404e-02   7.21797645e-02           26
sample_412.dat   1.08785689e-01   6.17555625e+05   6.73648655e-01   1.50527008e+02   3.17205563e-02   7.62595683e-02           30
sample_413.dat   1.09035276e-01   6.11597625e+05   6.73680246e-01   1.50527008e+02   3.25468890e-02   9.55096334e-02           29
sample_414.dat   1.10493124e-01   5.96484875e+05   6.73697948e-01   1.50527008e+02   3.43346633e-02   9.85279232e-02           29
sample_415.dat   1.08871743e-01   6.18467375e+05   6.73611224e-01   1.50527008e+02   2.95046754e-02   7.24764392e-02           28
sample_416.dat   1.07468821e-01   6.35531750e+05   6.73587024e-01   1.50527008e+02   3.28704603e-02   1.95867717e-01           29
sample_417.dat   1.12332389e-01   5.71790375e+05   6.73689902e-01   1.50527008e+02   3.31029631e-02   7.03298524e-02           26
sample_418.dat   1.09767884e-01   6.04273812e+05   6.73677802e-01   1.50527008e+02   3.36685255e-02   9.90177020e-02           30
sample_419.dat   1.06887609e-01   6.43043375e+05   6.73613131e-01   1.50527008e+02   3.48702893e-02   1.31892771e-01           29
sample_420.dat   1.09762125e-01   6.02359188e+05   6.73689902e-01   1.50527008e+02   3.29408161e-02   1.72443509e-01           29
sample_421.dat   1.06073469e-01   6.54867562e+05   6.73673391e-01   1.50527008e+02   3.79741974e-02   6.50156662e-02           28
sample_422.dat   1.12497218e-01   5.72413062e+05   6.73697650e-01   1.50527008e+02   3.30140144e-02   9.26889330e-02           28
sample_423.dat   1.10748380e-01   5.92529562e+05   6.73666418e-01   1.50527008e+02   3.53474319e-02   6.68197647e-02           29
sample_424.dat   1.08528413e-01   6.19896500e+05   6.73641860e-01   1.50527008e+02   3.58156599e-02   1.13475114e-01           30
sample_425.dat   1.09033599e-01   6.15033312e+05   6.73666418e-01   1.50527008e+02   3.26484367e-02   1.59403279e-01           30
sample_426.dat   1.07059680e-01   6.38477812e+05   6.73596740e-01   1.50527008e+02   3.38193737e-02   8.59716460e-02           26
sample_427.dat   1.09855831e-01   6.02766188e+05   6.73641860e-01   1.50527008e+02   3.45293060e-02   1.47681221e-01           28
sample_428.dat   1.09226838e-01   6.09550188e+05   6.73701763e-01   1.50527008e+02   3.76326293e-02   1.45497590e-01           27
sample_429.dat   1.07401729e-01   6.38285062e+05   6.73505962e-01   1.50527008e+02   2.90727522e-02   7.92632625e-02           29
sample_430.dat   1.13509811e-01   5.60566562e+05   6.73672378e-01   1.50527008e+02   3.86627987e-02   1.64235309e-01           28
sample_431.dat   1.10732645e-01   5.93646688e+05   6.73693240e-01   1.50527008e+02   3.84073071e-02   1.08560853e-01           30
sample_432.dat   1.07620962e-01   6.34818312e+05   6.73455775e-01   1.50527008e+02   3.52704041e-02   8.97414386e-02           29
sample_433.dat   1.08369857e-01   6.21882250e+05   6.73583627e-01   1.50527008e+02   3.31025496e-02   1.04058303e-01           28
sample_434.dat   1.09347470e-01   6.08133750e+05   6.73548222e-01   1.50527008e+02   2.94670518e-02   1.09127745e-01           27
sample_435.dat   1.11409061e-01   5.85292438e+05   6.73623621e-01   1.50527008e+02   3.01405080e-02   1.21709019e-01           29
sample_436.dat   1.11768998e-01   5.78830750e+05   6.73682272e-01   1.50527008e+02   3.42202261e-02   1.73636213e-01           28
sample_437.dat   1.09903716e-01   6.02444062e+05   6.73581243e-01   1.50527008e+02   2.93393712e-02   8.73341337e-02           28
sample_438.dat   1.07251354e-01   6.36345625e+05   6.73546433e-01   1.50527008e+02   3.58193517e-02   7.42729828e-02           28
sample_439.dat   1.08684637e-01   6.18638312e+05   6.73581660e-01   1.50527008e+02   2.98792254e-02   1.07166111e-01           28
sample_440.dat   1.13110945e-01   5.63206812e+05   6.73668146e-01   1.50527008e+02   2.64535043e-02   5.02488837e-02           29
sample_441.dat   1.13322966e-01   5.63028312e+05   6.73621774e-01   1.50527008e+02   3.27453241e-02   1.27720505e-01           29
sample_442.dat   1.08958855e-01   6.16878062e+05   6.73523486e-01   1.50527008e+02   3.18938009e-02   8.54058340e-02           29
sample_443.dat   1.15333326e-01   5.39080688e+05   6.73513591e-01   1.50527008e+02   3.58890817e-02   9.43138078e-02           26
sample_444.dat   1.06102750e-01   6.57561625e+05   6.73585892e-01   1.50527008e+02   2.91978959e-02   1.12851866e-01           28
sample_445.dat   1.08872324e-01   6.16142750e+05   6.73672855e-01   1.50527008e+02   4.14085165e-02   6.34802356e-02           27
sample_446.dat   1.06269047e-01   6.53144875e+05   6.73693240e-01   1.50527008e+02   3.08406651e-02   1.36240348e-01           27
sample_447.dat   1.08289622e-01   6.22501312e+05   6.73682272e-01   1.50527008e+02   2.97840890e-02   1.45973101e-01           27
sample_448.dat   1.10711023e-01   5.96077375e+05   6.73536360e-01   1.50527008e+02   3.65592763e-02   9.90839675e-02           28
sample_449.dat   1.09891161e-01   6.02992062e+05   6.73650324e-01   1.50527008e+02   3.40972655e-02   2.19755158e-01           27
sample_450.dat   1.09284781e-01   6.10123625e+05   6.73475623e-01   1.50527008e+02   3.10131311e-02   9.00777280e-02           27
sample_451.dat   1.11855894e-01   5.79972438e+05   6.73657238e-01   1.50527008e+02   3.00237909e-02   2.33822152e-01           28
sample_452.dat   1.15516603e-01   5.38235438e+05   6.73429847e-01   1.50527008e+02   3.13578658e-02   2.08254769e-01           30
sample_453.dat   1.07869439e-01   6.28491688e+05   6.73643351e-01   1.50527008e+02   3.94536145e-02   1.02916397e-01           26
sample_454.dat   1.01977602e-01   7.18161188e+05   6.73643351e-01   1.50527008e+02   2.91803461e-02   8.40703249e-02           28
sample_455.dat   1.07193187e-01   6.40359438e+05   6.73643351e-01   1.50527008e+02   3.31017300e-02   1.45215854e-01           28
sample_456.dat   1.12693913e-01   5.68048438e+05   6.73641801e-01   1.50527008e+02   3.28233540e-02   6.02440126e-02           30
sample_457.dat   1.07483715e-01   6.32502500e+05   6.73636913e-01   1.50527008e+02   4.06250209e-02   5.73259108e-02           27
sample_458.dat   1.07894979e-01   6.26632812e+05   6.73541903e-01   1.50527008e+02   3.44713815e-02   1.19650081e-01           27
sample_459.dat   1.11107260e-01   5.88434062e+05   6.73574209e-01   1.50527008e+02   3.93357500e-02   4.98651341e-02           26
sample_460.dat   1.13989517e-01   5.53583500e+05   6.73484147e-01   1.50527008e+02   3.17062624e-02   4.52627614e-02           29
sample_461.dat   1.10956185e-01   5.86620125e+05   6.73697650e-01   1.50527008e+02   3.58757265e-02   2.64426410e-01           28
sample_462.dat   1.12339199e-01   5.73484625e+05   6.73666894e-01   1.50527008e+02   3.70366462e-02   1.01175569e-01           30
sample_463.dat   1.09225467e-01   6.10807438e+05   6.73587024e-01   1.50527008e+02   3.79875861e-02   5.76325245e-02           28
sample_464.dat   1.08853497e-01   6.16284250e+05   6.73532963e-01   1.50527008e+02   3.54330838e-02   6.87518641e-02           29
sample_465.dat   1.12431809e-01   5.68004812e+05   6.73593342e-01   1.50527008e+02   3.51421572e-02   2.69246161e-01           27
sample_466.dat   1.12594202e-01   5.68219750e+05   6.73488677e-01   1.50527008e+02   3.25991958e-02   6.93727508e-02           25
sample_467.dat   1.09993786e-01   6.03415375e+05   6.73671186e-01   1.50527008e+02   3.09838485e-02   5.34783080e-02           28
sample_468.dat   1.08746886e-01   6.17478500e+05   6.73581660e-01   1.50527008e+02   3.55793275e-02   7.12092891e-02           29
sample_469.dat   1.10842623e-01   5.92433375e+05   6.73701763e-01   1.50527008e+02   4.50841263e-02   1.67611629e-01           30
sample_470.dat   1.10331140e-01   5.93945812e+05   6.73641801e-01   1.50527008e+02   3.03192902e-02   1.84164688e-01           24
sample_471.dat   1.07631303e-01   6.33176125e+05   6.73672378e-01   1.50527008e+02   3.47569101e-02   9.42889526e-02           25
sample_472.dat   1.09162830e-01   6.13917625e+05   6.73677802e-01   1.50527008e+02   3.64258587e-02   1.77090570e-01           27
sample_473.dat   1.12787791e-01   5.66521500e+05   6.73680246e-01   1.50527008e+02   3.07976846e-02   1.54400006e-01           28
sample_474.dat   1.10348523e-01   5.97216438e+05   6.73532665e-01   1.50527008e+02   3.42959054e-02   1.10225298e-01           30
sample_475.dat   1.10213876e-01   6.00880188e+05   6.73642755e-01   1.50527008e+02   3.15909274e-02   7.46501610e-02           29
sample_476.dat   1.09023482e-01   6.10243875e+05   6.73650324e-01   1.50527008e+02   3.18077877e-02   9.17382538e-02           23
sample_477.dat   1.07819974e-01   6.29504500e+05   6.73642755e-01   1.50527008e+02   3.41283567e-02   1.08092941e-01           28
sample_478.dat   1.11026168e-01   5.88266688e+05   6.73657238e-01   1.50527008e+02   2.62828581e-02   8.47793072e-02           27
sample_479.dat   1.08423069e-01   6.23263250e+05   6.73548222e-01   1.50527008e+02   3.75336520e-02   7.48437196e-02           29
sample_480.dat   1.12576067e-01   5.68013750e+05   6.73598945e-01   1.50527008e+02   2.90279873e-02   6.31441101e-02           27
sample_481.dat   1.02869898e-01   7.01615562e+05   6.73648655e-01   1.50527008e+02   3.31045575e-02   7.48873278e-02           28
sample_482.dat   1.05068430e-01   6.69319188e+05   6.73693240e-01   1.50527008e+02   3.65623832e-02   7.10862949e-02           30
sample_483.dat   1.14382811e-01   5.50584812e+05   6.73693240e-01   1.50527008e+02   2.67812666e-02   9.52433720e-02           29
sample_484.dat   1.14115983e-01   5.52040188e+05   6.73598945e-01   1.50527008e+02   3.29046026e-02   6.08331822e-02           30
sample_485.dat   1.07936963e-01   6.28371062e+05   6.73680246e-01   1.50527008e+02   2.76129879e-02   1.20104715e-01           28
sample_486.dat   1.13542587e-01   5.56451062e+05   6.73654556e-01   1.50527008e+02   3.93607430e-02   9.28160846e-02           26
sample_487.dat   1.12667762e-01   5.70190312e+05   6.73697650e-01   1.50527008e+02   3.48149613e-02   1.05527192e-01           29
sample_488.dat   1.08498693e-01   6.24658062e+05   6.73498452e-01   1.50527008e+02   2.91130971e-02   1.08305484e-01           29
sample_489.dat   1.13708869e-01   5.55110438e+05   6.73580110e-01   1.50527008e+02   3.48463245e-02   2.36938730e-01           27
sample_490.dat   1.08781517e-01   6.16219375e+05   6.73692644e-01   1.50527008e+02   3.46276201e-02   4.30353023e-02           26
sample_491.dat   1.05549134e-01   6.64465250e+05   6.73518777e-01   1.50527008e+02   3.11797205e-02   2.39005074e-01           28
sample_492.dat   1.13600619e-01   5.57900312e+05   6.73581660e-01   1.50527008e+02   3.20655070e-02   1.39433354e-01           28
sample_493.dat   1.04725584e-01   6.72825250e+05   6.73661530e-01   1.50527008e+02   3.29332128e-02   9.78475809e-02           26
sample_494.dat   1.05697542e-01   6.58486125e+05   6.73603475e-01   1.50527008e+02   3.08822952e-02   9.61861983e-02           28
sample_495.dat   1.10833362e-01   5.90547375e+05   6.73697650e-01   1.50527008e+02   3.77919823e-02   1.32686809e-01           28
sample_496.dat   1.10080950e-01   5.98373500e+05   6.73693240e-01   1.50527008e+02   3.83961871e-02   5.39879724e-02           26
sample_497.dat   1.08930774e-01   6.14116500e+05   6.73682272e-01   1.50527008e+02   3.60212810e-02   1.22078702e-01           28
sample_498.dat   1.07284233e-01   6.35341000e+05   6.73584580e-01   1.50527008e+02   4.08108048e-02   1.68391913e-01           26
sample_499.dat   1.10742815e-01   5.90416312e+05   6.73677802e-01   1.50527008e+02   3.09849661e-02   8.19907486e-02           26
sample_500.dat   1.10595614e-01   1.33324138e+06   6.73693240e-01   3.38688995e+02   3.45254764e-02   1.16630398e-01           26
sample_501.dat   1.08115204e-01   1.40823538e+06   6.73673570e-01   3.38688995e+02   3.62191349e-02   1.76914066e-01           29
sample_502.dat   1.10388637e-01   1.33625288e+06   6.73673391e-01   3.38688995e+02   3.36389951e-02   1.01135023e-01           27
sample_503.dat   1.12020753e-01   1.29201700e+06   6.73621774e-01   3.38688995e+02   3.11309677e-02   1.15933053e-01           28
sample_504.dat   1.10387355e-01   1.33655212e+06   6.73636913e-01   3.38688995e+02   3.39223295e-02   6.57005385e-02           27
sample_505.dat   1.13104120e-01   1.26143075e+06   6.73654556e-01   3.38688995e+02   3.32659632e-02   4.09284681e-02           27
sample_506.dat   1.11332439e-01   1.30828862e+06   6.73697948e-01   3.38688995e+02   3.60417366e-02   2.53803670e-01           24
sample_507.dat   1.11284897e-01   1.31214662e+06   6.73642755e-01   3.38688995e+02   3.12221348e-02   1.57822892e-01           29
sample_508.dat   1.09068349e-01   1.37791550e+06   6.73636913e-01   3.38688995e+02   3.59868370e-02   8.49797055e-02           27
sample_509.dat   1.07455350e-01   1.42740412e+06   6.73611224e-01   3.38688995e+02   3.49104702e-02   1.29158914e-01           30
sample_510.dat   1.10542528e-01   1.33320588e+06   6.73697650e-01   3.38688995e+02   3.45791355e-02   4.43386808e-02           27
sample_511.dat   1.12239987e-01   1.29055225e+06   6.73697948e-01   3.38688995e+02   3.33601870e-02   1.17800169e-01           27
sample_512.dat   1.10717610e-01   1.33034662e+06   6.73692644e-01   3.38688995e+02   3.33049111e-02   1.08188659e-01           27
sample_513.dat   1.08701266e-01   1.39622262e+06   6.73693240e-01   3.38688995e+02   3.78212072e-02   1.09727874e-01           30
sample_514.dat   1.09895356e-01   1.35698950e+06   6.73665226e-01   3.38688995e+02   3.57160531e-02   2.38442197e-01           29
sample_515.dat   1.09158449e-01   1.36618438e+06   6.73673391e-01   3.38688995e+02   3.40732969e-02   1.16583429e-01           23
sample_516.dat   1.13610230e-01   1.25484188e+06   6.73680246e-01   3.38688995e+02   3.45367193e-02   8.18115398e-02           28
sample_517.dat   1.09694622e-01   1.35523562e+06   6.73569143e-01   3.38688995e+02   3.49323116e-02   2.67518848e-01           27
sample_518.dat   1.08814761e-01   1.38626912e+06   6.73666418e-01   3.38688995e+02   3.26778181e-02   7.90041760e-02           28
sample_519.dat   1.09795056e-01   1.35857675e+06   6.73693240e-01   3.38688995e+02   3.11921444e-02   8.84483531e-02           29
sample_520.dat   1.08574234e-01   1.39096675e+06   6.73693836e-01   3.38688995e+02   3.55151184e-02   1.33049533e-01           27
sample_521.dat   1.08031213e-01   1.40751075e+06   6.73693836e-01   3.38688995e+02   3.57608721e-02   5.96367344e-02           26
sample_522.dat   1.12087533e-01   1.29105562e+06   6.73650324e-01   3.38688995e+02   2.78911740e-02   8.84225965e-02           29
sample_523.dat   1.12353317e-01   1.28345750e+06   6.73672378e-01   3.38688995e+02   3.69558223e-02   2.07686111e-01           29
sample_524.dat   1.12603001e-01   1.27783762e+06   6.73697650e-01   3.38688995e+02   3.58915813e-02   1.00441091e-01           29
sample_525.dat   1.09551013e-01   1.36084812e+06   6.73642755e-01   3.38688995e+02   3.38137597e-02   1.66375414e-01           28
sample_526.dat   1.10648893e-01   1.33069500e+06   6.73697948e-01   3.38688995e+02   3.11099794e-02   1.98217586e-01           29
sample_527.dat   1.11208983e-01   1.31482562e+06   6.73668146e-01   3.38688995e+02   3.44935879e-02   9.74052250e-02           29
sample_528.dat   1.10896148e-01   1.32226025e+06   6.73693836e-01   3.38688995e+02   3.30878161e-02   7.13676587e-02           26
sample_529.dat   1.09071597e-01   1.37531700e+06   6.73693836e-01   3.38688995e+02   3.39556634e-02   6.70219362e-02           27
sample_530.dat   1.09185860e-01   1.37406100e+06   6.73697650e-01   3.38688995e+02   3.23300771e-02   2.28306755e-01           26
sample_531.dat   1.06996335e-01   1.43756425e+06   6.73665226e-01   3.38688995e+02   3.46237496e-02   6.84814528e-02           26
sample_532.dat   1.08547077e-01   1.39233662e+06   6.73486173e-01   3.38688995e+02   3.02590523e-02   1.56095237e-01           29
sample_533.dat   1.08973451e-01   1.38471850e+06   6.73693836e-01   3.38688995e+02   3.26502360e-02   8.25919881e-02           28
sample_534.dat   1.09761186e-01   1.35212700e+06   6.73649967e-01   3.38688995e+02   3.28359120e-02   1.36698321e-01           27
sample_535.dat   1.11929707e-01   1.29632450e+06   6.73617542e-01   3.38688995e+02   3.35704871e-02   1.44054413e-01           29
sample_536.dat   1.09915070e-01   1.34948138e+06   6.73697948e-01   3.38688995e+02   3.21341567e-02   1.50346145e-01           26
sample_537.dat   1.08720519e-01   1.38333412e+06   6.73673391e-01   3.38688995e+02   3.56852897e-02   1.02996446e-01           25
sample_538.dat   1.12087548e-01   1.28538050e+06   6.73673570e-01   3.38688995e+02   3.33654918e-02   9.29488465e-02           25
sample_539.dat   1.12886615e-01   1.27535175e+06   6.73455894e-01   3.38688995e+02   2.96996869e-02   1.25588089e-01           30
sample_540.dat   1.12208664e-01   1.28907762e+06   6.73671186e-01   3.38688995e+02   2.84994077e-02   1.69646502e-01           28
sample_541.dat   1.09453104e-01   1.36542475e+06   6.73673570e-01   3.38688995e+02   3.41806635e-02   1.26910508e-01           27
sample_542.dat   1.09749444e-01   1.35119975e+06   6.73693836e-01   3.38688995e+02   3.28392759e-02   2.55403131e-01           25
sample_543.dat   1.09288208e-01   1.36828338e+06   6.73672378e-01   3.38688995e+02   3.13125476e-02   1.38372302e-01           27
sample_544.dat   1.11417599e-01   1.31019100e+06   6.73701763e-01   3.38688995e+02   3.46679501e-02   1.12580709e-01           28
sample_545.dat   1.12336986e-01   1.29069262e+06   6.73636913e-01   3.38688995e+02   3.57851386e-02   4.80418988e-02           28
sample_546.dat   1.12294577e-01   1.28472712e+06   6.73693836e-01   3.38688995e+02   3.48401293e-02   8.00085962e-02           27
sample_547.dat   1.09463163e-01   1.36501112e+06   6.73610389e-01   3.38688995e+02   3.21630612e-02   4.83450666e-02           27
sample_548.dat   1.07829206e-01   1.41425800e+06   6.73693836e-01   3.38688995e+02   3.05808391e-02   1.82815716e-01           29
sample_549.dat   1.12934090e-01   1.26955138e+06   6.73697948e-01   3.38688995e+02   3.31186242e-02   1.04715198e-01           30
sample_550.dat   1.10986128e-01   1.32170612e+06   6.73697650e-01   3.38688995e+02   3.36552933e-02   9.95297208e-02           29
sample_551.dat   1.10688865e-01   1.32854600e+06   6.73673570e-01   3.38688995e+02   3.36542688e-02   5.95398955e-02           30
sample_552.dat   1.09014243e-01   1.37906662e+06   6.73673570e-01   3.38688995e+02   3.79717201e-02   8.72294158e-02           30
sample_553.dat   1.09756753e-01   1.35667212e+06   6.73697948e-01   3.38688995e+02   3.47077772e-02   8.79320949e-02           28
sample_554.dat   1.10389970e-01   1.34041975e+06   6.73697948e-01   3.38688995e+02   3.74410972e-02   2.09567994e-01           29
sample_555.dat   1.10299096e-01   1.33739938e+06   6.73682094e-01   3.38688995e+02   3.49252820e-02   2.22555161e-01           26
sample_556.dat   1.07308000e-01   1.42922875e+06   6.73693836e-01   3.38688995e+02   3.31793316e-02   1.08064234e-01           27
sample_557.dat   1.09513938e-01   1.35700300e+06   6.73591614e-01   3.38688995e+02   3.15980613e-02   1.68174937e-01           25
sample_558.dat   1.10847995e-01   1.32192038e+06   6.73672378e-01   3.38688995e+02   3.18822637e-02   1.37915060e-01           27
sample_559.dat   1.11692913e-01   1.30564350e+06   6.73697948e-01   3.38688995e+02   3.46158184e-02   5.70682772e-02           30
sample_560.dat   1.12048954e-01   1.29749675e+06   6.73643351e-01   3.38688995e+02   3.36158052e-02   1.11789070e-01           29
sample_561.dat   1.08486474e-01   1.39537312e+06   6.73655331e-01   3.38688995e+02   3.67873535e-02   8.82995948e-02           29
sample_562.dat   1.12462811e-01   1.28160088e+06   6.73701763e-01   3.38688995e+02   3.45889032e-02   1.85069904e-01           28
sample_563.dat   1.12685435e-01   1.27260500e+06   6.73689902e-01   3.38688995e+02   3.27580273e-02   1.24001376e-01           26
sample_564.dat   1.09680787e-01   1.35740275e+06   6.73692644e-01   3.38688995e+02   3.03023700e-02   1.60513729e-01           26
sample_565.dat   1.09595954e-01   1.36606350e+06   6.73666418e-01   3.38688995e+02   3.39011140e-02   7.99402148e-02           30
sample_566.dat   1.10873587e-01   1.32583638e+06   6.73693836e-01   3.38688995e+02   3.62306312e-02   6.65105730e-02           28
sample_567.dat   1.10859074e-01   1.32240562e+06   6.73665226e-01   3.38688995e+02   3.43712345e-02   5.61350733e-02           26
sample_568.dat   1.09909385e-01   1.35211662e+06   6.73642755e-01   3.38688995e+02   3.38700563e-02   1.27549633e-01           27
sample_569.dat   1.11601152e-01   1.30273375e+06   6.73672855e-01   3.38688995e+02   3.75931822e-02   1.37329876e-01           27
sample_570.dat   1.12039953e-01   1.29373900e+06   6.73692644e-01   3.38688995e+02   3.36097330e-02   1.90432355e-01           28
sample_571.dat   1.10899441e-01   1.32684462e+06   6.73666418e-01   3.38688995e+02   3.74841243e-02   6.84610158e-02           28
sample_572.dat   1.09206058e-01   1.36808212e+06   6.73692644e-01   3.38688995e+02   3.29940580e-02   6.86955824e-02           25
sample_573.dat   1.08311474e-01   1.40127838e+06   6.73689902e-01   3.38688995e+02   3.34741436e-02   7.48813897e-02           26
sample_574.dat   1.11496985e-01   1.30881850e+06   6.73668146e-01   3.38688995e+02   3.22311223e-02   1.46384403e-01           30
sample_575.dat   1.10958762e-01   1.32415450e+06   6.73668146e-01   3.38688995e+02   3.01244743e-02   1.90386087e-01           27
sample_576.dat   1.08359836e-01   1.39754250e+06   6.73692644e-01   3.38688995e+02   3.50890271e-02   1.93897441e-01           28
sample_577.dat   1.09246284e-01   1.37127688e+06   6.73643351e-01   3.38688995e+02   3.21671404e-02   1.75096437e-01           27
sample_578.dat   1.10558003e-01   1.32953550e+06   6.73672855e-01   3.38688995e+02   3.38580944e-02   1.50948271e-01           24
sample_579.dat   1.11890085e-01   1.29912038e+06   6.73619568e-01   3.38688995e+02   3.67129073e-02   9.32495147e-02           29
sample_580.dat   1.11952782e-01   1.29821350e+06   6.73682094e-01   3.38688995e+02   3.32556441e-02   1.51365995e-01           30
sample_581.dat   1.09080568e-01   1.37592012e+06   6.73689902e-01   3.38688995e+02   3.32702100e-02   1.02288879e-01           27
sample_582.dat   1.11371607e-01   1.31434238e+06   6.73654556e-01   3.38688995e+02   3.19191515e-02   1.02828562e-01           29
sample_583.dat   1.11765638e-01   1.29927950e+06   6.73701763e-01   3.38688995e+02   3.42084020e-02   1.05896525e-01           27
sample_584.dat   1.10212989e-01   1.34061762e+06   6.73693836e-01   3.38688995e+02   3.15207615e-02   9.40239802e-02           24
sample_585.dat   1.12254575e-01   1.29124225e+06   6.73642755e-01   3.38688995e+02   3.42802331e-02   8.01826119e-02           29
sample_586.dat   1.13871336e-01   1.24508500e+06   6.73672855e-01   3.38688995e+02   3.34778242e-02   1.33344978e-01           28
sample_587.dat   1.08931236e-01   1.38212338e+06   6.73599362e-01   3.38688995e+02   3.43476720e-02   1.07839860e-01           28
sample_588.dat   1.11318924e-01   1.31123650e+06   6.73650324e-01   3.38688995e+02   3.82199883e-02   2.41401196e-01           27
sample_589.dat   1.11177839e-01   1.32075988e+06   6.73693836e-01   3.38688995e+02   3.29708457e-02   8.85793939e-02           29
sample_590.dat   1.10135980e-01   1.33906962e+06   6.73654556e-01   3.38688995e+02   3.37126106e-02   2.69767523e-01           23
sample_591.dat   1.09259844e-01   1.37123888e+06   6.73655331e-01   3.38688995e+02   3.61825861e-02   3.79908048e-02           27
sample_592.dat   1.09658383e-01   1.35793062e+06   6.73701763e-01   3.38688995e+02   3.23869176e-02   3.27733219e-01           28
sample_593.dat   1.11495025e-01   1.31123512e+06   6.73692644e-01   3.38688995e+02   3.26888934e-02   1.22848131e-01           29
sample_594.dat   1.11246936e-01   1.31632238e+06   6.73655331e-01   3.38688995e+02   3.47105972e-02   3.68185043e-02           28
sample_595.dat   1.10660963e-01   1.33264250e+06   6.73666894e-01   3.38688995e+02   3.66412289e-02   1.00761794e-01           30
sample_596.dat   1.07627444e-01   1.42446488e+06   6.73657238e-01   3.38688995e+02   3.38511057e-02   1.19105689e-01           30
sample_597.dat   1.11530304e-01   1.30435550e+06   6.73614740e-01   3.38688995e+02   3.34581956e-02   4.45017144e-02           28
sample_598.dat   1.12116434e-01   1.29518475e+06   6.73613250e-01   3.38688995e+02   3.32961157e-02   8.54771063e-02           30
sample_599.dat   1.13063999e-01   1.27168225e+06   6.73591614e-01   3.38688995e+02   3.19250561e-02   1.89268574e-01           30
sample_600.dat   1.10637277e-01   2.66082275e+06   6.73682272e-01   6.77390991e+02   3.72042246e-02   7.33418614e-02           29
sample_601.dat   1.08878762e-01   2.75473200e+06   6.73689902e-01   6.77390991e+02   3.40262502e-02   1.23430640e-01           26
sample_602.dat   1.10892244e-01   2.65133675e+06   6.73697650e-01   6.77390991e+02   3.47810984e-02   1.20427601e-01           28
sample_603.dat   1.10470437e-01   2.66666875e+06   6.73642755e-01   6.77390991e+02   3.39015760e-02   1.12898923e-01           28
sample_604.dat   1.09890454e-01   2.70938225e+06   6.73623621e-01   6.77390991e+02   3.49925533e-02   7.59093389e-02           30
sample_605.dat   1.10379457e-01   2.67254025e+06   6.73693836e-01   6.77390991e+02   3.09183057e-02   1.84988573e-01           27
sample_606.dat   1.10394426e-01   2.67226775e+06   6.73692465e-01   6.77390991e+02   3.33723724e-02   1.12195343e-01           29
sample_607.dat   1.07724734e-01   2.82295025e+06   6.73642755e-01   6.77390991e+02   3.43533084e-02   1.02043547e-01           27
sample_608.dat   1.10444881e-01   2.66604525e+06   6.73671186e-01   6.77390991e+02   3.38695422e-02   8.32707658e-02           28
sample_609.dat   1.10408157e-01   2.67706350e+06   6.73697650e-01   6.77390991e+02   3.54567803e-02   1.54943153e-01           27
sample_610.dat   1.09892204e-01   2.69366450e+06   6.73672855e-01   6.77390991e+02   3.66252325e-02   1.48058280e-01           29
sample_611.dat   1.12497546e-01   2.56406350e+06   6.73697650e-01   6.77390991e+02   3.57286073e-02   9.33077559e-02           30
sample_612.dat   1.09804615e-01   2.70587350e+06   6.73693836e-01   6.77390991e+02   3.19370888e-02   7.29324296e-02           25
sample_613.dat   1.09644189e-01   2.72521125e+06   6.73693240e-01   6.77390991e+02   3.40396129e-02   1.38772428e-01           30
sample_614.dat   1.08560167e-01   2.76839825e+06   6.73673570e-01   6.77390991e+02   3.50236259e-02   2.02620283e-01           21
sample_615.dat   1.11231275e-01   2.62867650e+06   6.73697948e-01   6.77390991e+02   3.51809114e-02   1.90270141e-01           29
sample_616.dat   1.11982211e-01   2.58678750e+06   6.73697650e-01   6.77390991e+02   3.24255936e-02   5.59324473e-02           27
sample_617.dat   1.10139608e-01   2.69231100e+06   6.73689902e-01   6.77390991e+02   3.41453254e-02   4.24663611e-02           28
sample_618.dat   1.08475171e-01   2.79204925e+06   6.73693836e-01   6.77390991e+02   3.55347171e-02   4.97740768e-02           29
sample_619.dat   1.12103634e-01   2.58777525e+06   6.73682272e-01   6.77390991e+02   3.22450884e-02   8.22111890e-02           30
sample_620.dat   1.07790999e-01   2.82287900e+06   6.73697650e-01   6.77390991e+02   3.28967795e-02   2.86791176e-01           26
sample_621.dat   1.12067528e-01   2.58965075e+06   6.73692465e-01   6.77390991e+02   3.49510238e-02   9.10022929e-02           29
sample_622.dat   1.10189348e-01   2.68544150e+06   6.73692465e-01   6.77390991e+02   3.36689949e-02   3.41566019e-02           28
sample_623.dat   1.11387409e-01   2.61675850e+06   6.73680246e-01   6.77390991e+02   3.49436551e-02   1.04448810e-01           28
sample_624.dat   1.06970944e-01   2.87693350e+06   6.73693836e-01   6.77390991e+02   2.99291741e-02   1.62201792e-01           26
sample_625.dat   1.12083934e-01   2.58701225e+06   6.73682272e-01   6.77390991e+02   3.49637046e-02   1.12353995e-01           30
sample_626.dat   1.10253677e-01   2.68288500e+06   6.73673570e-01   6.77390991e+02   2.96699461e-02   3.28813314e-01           27
sample_627.dat   1.11610003e-01   2.61437075e+06   6.73654556e-01   6.77390991e+02   3.28300893e-02   1.00716002e-01           29
sample_628.dat   1.10024147e-01   2.68715300e+06   6.73693240e-01   6.77390991e+02   3.32731679e-02   1.01780176e-01           26
sample_629.dat   1.10176556e-01   2.68795875e+06   6.73666894e-01   6.77390991e+02   3.42720598e-02   9.61090103e-02           28
sample_630.dat   1.10199548e-01   2.68778525e+06   6.73682272e-01   6.77390991e+02   3.11045945e-02   1.67802691e-01           27
sample_631.dat   1.10038757e-01   2.70235750e+06   6.73673391e-01   6.77390991e+02   3.49490605e-02   1.41469434e-01           30
sample_632.dat   1.08951524e-01   2.75801050e+06   6.73692644e-01   6.77390991e+02   3.32262665e-02   6.25993088e-02           29
sample_633.dat   1.11318201e-01   2.61936225e+06   6.73672855e-01   6.77390991e+02   3.28827016e-02   9.35474485e-02           27
sample_634.dat   1.13930777e-01   2.49157200e+06   6.73693240e-01   6.77390991e+02   3.33149135e-02   9.51065123e-02           30
sample_635.dat   1.09583765e-01   2.71801350e+06   6.73682094e-01   6.77390991e+02   3.39463502e-02   7.59462938e-02           27
sample_636.dat   1.10117406e-01   2.68870500e+06   6.73672378e-01   6.77390991e+02   3.19960713e-02   7.96480924e-02           28
sample_637.dat   1.10277884e-01   2.67543550e+06   6.73650324e-01   6.77390991e+02   3.44818607e-02   1.47971272e-01           28
sample_638.dat   1.13312557e-01   2.52195700e+06   6.73689902e-01   6.77390991e+02   3.51551548e-02   1.82246983e-01           30
sample_639.dat   1.09548092e-01   2.71504900e+06   6.73697650e-01   6.77390991e+02   3.25286947e-02   4.52144369e-02           26
sample_640.dat   1.08834095e-01   2.77022375e+06   6.73613250e-01   6.77390991e+02   3.37710716e-02   7.45005533e-02           30
sample_641.dat   1.09886646e-01   2.70925050e+06   6.73677802e-01   6.77390991e+02   3.34680006e-02   1.17767744e-01           30
sample_642.dat   1.10477023e-01   2.67100700e+06   6.73697948e-01   6.77390991e+02   3.30783911e-02   9.09888968e-02           28
sample_643.dat   1.10624798e-01   2.66636750e+06   6.73672855e-01   6.77390991e+02   3.21554355e-02   7.57701546e-02           30
sample_644.dat   1.11580864e-01   2.60379175e+06   6.73701763e-01   6.77390991e+02   3.52266543e-02   9.43753570e-02           27
sample_645.dat   1.10502340e-01   2.67758275e+06   6.73697650e-01   6.77390991e+02   3.40867080e-02   8.70557353e-02           29
sample_646.dat   1.10046588e-01   2.69218900e+06   6.73693836e-01   6.77390991e+02   3.58194262e-02   1.01153933e-01           29
sample_647.dat   1.09745353e-01   2.71831925e+06   6.73701763e-01   6.77390991e+02   3.48206647e-02   4.40591760e-02           28
sample_648.dat   1.10026591e-01   2.69302050e+06   6.73697650e-01   6.77390991e+02   3.41856405e-02   1.61495253e-01           28
sample_649.dat   1.09254092e-01   2.73629700e+06   6.73654556e-01   6.77390991e+02   3.45109925e-02   6.83506429e-02           25
sample_650.dat   1.11258894e-01   2.62635250e+06   6.73666894e-01   6.77390991e+02   3.15404087e-02   8.34843740e-02           28
sample_651.dat   1.10326543e-01   2.67480850e+06   6.73697650e-01   6.77390991e+02   3.34069915e-02   1.60648361e-01           28
sample_652.dat   1.10798381e-01   2.65051875e+06   6.73672378e-01   6.77390991e+02   3.52605507e-02   1.46723136e-01           28
sample_653.dat   1.12102911e-01   2.58384250e+06   6.73697650e-01   6.77390991e+02   3.37473117e-02   5.17914668e-02           29
sample_654.dat   1.12685800e-01   2.54937200e+06   6.73649967e-01   6.77390991e+02   3.51828896e-02   4.61078733e-02           29
sample_655.dat   1.09506905e-01   2.72371775e+06   6.73693836e-01   6.77390991e+02   3.34248729e-02   1.23299100e-01           29
sample_656.dat   1.09001905e-01   2.75650950e+06   6.73697650e-01   6.77390991e+02   3.45100276e-02   6.16601668e-02           28
sample_657.dat   1.09103084e-01   2.74016550e+06   6.73666418e-01   6.77390991e+02   3.44542712e-02   7.44492263e-02           25
sample_658.dat   1.10260099e-01   2.67874375e+06   6.73677802e-01   6.77390991e+02   3.47095393e-02   1.00627668e-01           29
sample_659.dat   1.09383799e-01   2.72934100e+06   6.73697948e-01   6.77390991e+02   3.50835323e-02   6.77248463e-02           27
sample_660.dat   1.09476790e-01   2.71982675e+06   6.73697650e-01   6.77390991e+02   3.59492637e-02   1.21796884e-01           27
sample_661.dat   1.11104101e-01   2.63588825e+06   6.73697948e-01   6.77390991e+02   3.43540981e-02   6.33414388e-02           27
sample_662.dat   1.10829510e-01   2.65494400e+06   6.73666418e-01   6.77390991e+02   3.26925293e-02   1.03294589e-01           29
sample_663.dat   1.10542387e-01   2.66511600e+06   6.73657238e-01   6.77390991e+02   3.56770568e-02   7.88268894e-02           28
sample_664.dat   1.09482124e-01   2.71673975e+06   6.73692465e-01   6.77390991e+02   3.25925797e-02   6.91157058e-02           24
sample_665.dat   1.12002455e-01   2.58947250e+06   6.73673570e-01   6.77390991e+02   3.15871499e-02   1.10650957e-01           28
sample_666.dat   1.10969648e-01   2.63694300e+06   6.73701763e-01   6.77390991e+02   3.39381844e-02   1.68500349e-01           27
sample_667.dat   1.10178508e-01   2.69017600e+06   6.73697650e-01   6.77390991e+02   3.38473096e-02   1.34884387e-01           30
sample_668.dat   1.10484473e-01   2.67191250e+06   6.73692644e-01   6.77390991e+02   3.27948965e-02   9.45918635e-02           27
sample_669.dat   1.09028473e-01   2.74522275e+06   6.73680246e-01   6.77390991e+02   3.48651968e-02   1.58917621e-01           27
sample_670.dat   1.09211080e-01   2.73993250e+06   6.73692465e-01   6.77390991e+02   3.40798311e-02   1.75276279e-01           29
sample_671.dat   1.11234426e-01   2.62868300e+06   6.73672378e-01   6.77390991e+02   3.17321196e-02   6.07987680e-02           29
sample_672.dat   1.10164374e-01   2.69407925e+06   6.73697650e-01   6.77390991e+02   3.22012827e-02   9.21297967e-02           29
sample_673.dat   1.10056333e-01   2.69243200e+06   6.73672855e-01   6.77390991e+02   3.65110822e-02   1.11903779e-01           28
sample_674.dat   1.10909611e-01   2.64653175e+06   6.73697948e-01   6.77390991e+02   3.23624797e-02   8.13031718e-02           28
sample_675.dat   1.10104397e-01   2.69487350e+06   6.73693836e-01   6.77390991e+02   3.38652581e-02   9.76398215e-02           29
sample_676.dat   1.11811474e-01   2.59370950e+06   6.73672378e-01   6.77390991e+02   3.45328376e-02   1.84742168e-01           28
sample_677.dat   1.12298086e-01   2.57846975e+06   6.73682272e-01   6.77390991e+02   3.23974863e-02   1.11958593e-01           29
sample_678.dat   1.09356433e-01   2.73268975e+06   6.73693240e-01   6.77390991e+02   3.04988120e-02   8.45446214e-02           27
sample_679.dat   1.10824898e-01   2.65616500e+06   6.73697948e-01   6.77390991e+02   3.26048620e-02   6.33719414e-02           30
sample_680.dat   1.11829221e-01   2.59324850e+06   6.73672855e-01   6.77390991e+02   3.38829309e-02   1.46603197e-01           28
sample_681.dat   1.10997334e-01   2.63747875e+06   6.73697948e-01   6.77390991e+02   3.45516503e-02   9.90545005e-02           28
sample_682.dat   1.12991706e-01   2.54103625e+06   6.73689902e-01   6.77390991e+02   3.36128436e-02   9.19394344e-02           29
sample_683.dat   1.08944893e-01   2.75622325e+06   6.73697650e-01   6.77390991e+02   3.33776139e-02   2.14932695e-01           27
sample_684.dat   1.10428788e-01   2.67464100e+06   6.73693240e-01   6.77390991e+02   3.45557816e-02   7.15879574e-02           27
sample_685.dat   1.10424645e-01   2.67720250e+06   6.73682094e-01   6.77390991e+02   3.52545418e-02   2.82296747e-01           28
sample_686.dat   1.13810211e-01   2.49131050e+06   6.73682094e-01   6.77390991e+02   3.33242342e-02   4.85129282e-02           28
sample_687.dat   1.11698739e-01   2.60002575e+06   6.73701763e-01   6.77390991e+02   3.17924209e-02   5.99175207e-02           29
sample_688.dat   1.10177897e-01   2.68923500e+06   6.73693240e-01   6.77390991e+02   3.46184932e-02   9.09241587e-02           29
sample_689.dat   1.10573836e-01   2.65823950e+06   6.73701763e-01   6.77390991e+02   3.70832533e-02   9.23835412e-02           27
sample_690.dat   1.10104211e-01   2.68891375e+06   6.73693836e-01   6.77390991e+02   3.56462672e-02   2.82418281e-01           29
sample_691.dat   1.10397466e-01   2.67065625e+06   6.73701763e-01   6.77390991e+02   3.33444439e-02   1.72936901e-01           27
sample_692.dat   1.10657334e-01   2.66082950e+06   6.73697948e-01   6.77390991e+02   3.35788392e-02   1.51719123e-01           29
sample_693.dat   1.08662941e-01   2.76519100e+06   6.73692644e-01   6.77390991e+02   3.32662724e-02   6.59356564e-02           23
sample_694.dat   1.09112412e-01   2.74792650e+06   6.73682094e-01   6.77390991e+02   3.19549218e-02   1.72907263e-01           29
sample_695.dat   1.07466310e-01   2.83689200e+06   6.73672855e-01   6.77390991e+02   3.49711366e-02   9.57253575e-02           24
sample_696.dat   1.09632455e-01   2.71440700e+06   6.73701763e-01   6.77390991e+02   3.28694731e-02   6.23017214e-02           27
sample_697.dat   1.11267492e-01   2.62718100e+06   6.73697650e-01   6.77390991e+02   3.24401222e-02   2.18456462e-01           28
sample_698.dat   1.11037955e-01   2.63457550e+06   6.73672855e-01   6.77390991e+02   3.32421437e-02   6.78709000e-02           28
sample_699.dat   1.08841024e-01   2.75745375e+06   6.73682272e-01   6.77390991e+02   3.21185514e-02   2.17368409e-01           25
