#ID, Rs, Dc, R200, Mvir, xoff, rho_rms, niter
000   1.02560617e-01   2.69659219e+04   6.15447700e-01   5.25200033e+00   5.62817678e-02   1.59182340e-01           24
001   1.05381832e-01   2.63156406e+04   6.18648231e-01   5.25200033e+00   3.11080888e-02   3.58808815e-01           26
002   7.69527555e-02   5.38016367e+04   6.17841005e-01   5.25200033e+00   3.15869860e-02   2.99406409e-01           29
003   8.57280269e-02   4.15254805e+04   6.16865039e-01   5.25200033e+00   3.04563921e-02   1.23155206e-01           27
004   1.07886352e-01   2.45314414e+04   6.15046620e-01   5.25200033e+00   1.26417084e-02   1.91183820e-01           21
005   9.26111564e-02   3.37908320e+04   6.14968598e-01   5.25200033e+00   2.77818497e-02   3.53752911e-01           21
006   1.07081570e-01   2.44865312e+04   6.18939400e-01   5.25200033e+00   2.93555055e-02   4.88654494e-01           22
007   9.03552324e-02   3.76203828e+04   6.18357301e-01   5.25200033e+00   4.91149537e-02   2.80479491e-01           26
008   6.76715523e-02   7.33932500e+04   6.18545949e-01   5.25200033e+00   5.34379259e-02   2.53481030e-01           24
009   1.21573724e-01   1.87542949e+04   6.16125524e-01   5.25200033e+00   4.47395481e-02   7.73727655e-01           27
010   1.15726188e-01   2.08514590e+04   6.17124915e-01   5.25200033e+00   7.57778361e-02   3.84504974e-01           29
011   8.62154663e-02   4.07405195e+04   6.17219746e-01   5.25200033e+00   3.65184136e-02   3.96824658e-01           23
012   9.70210731e-02   3.07498867e+04   6.13570392e-01   5.25200033e+00   4.53271903e-02   4.11905318e-01           24
013   8.70163143e-02   4.01660742e+04   6.14523113e-01   5.25200033e+00   5.60780726e-02   3.38579535e-01           25
014   1.24201246e-01   1.73672676e+04   6.14254534e-01   5.25200033e+00   7.54046217e-02   4.71600562e-01           25
015   1.10626563e-01   2.31630977e+04   6.18157864e-01   5.25200033e+00   5.82889430e-02   2.76485085e-01           27
016   1.12631053e-01   2.10930605e+04   6.16079509e-01   5.25200033e+00   1.56059870e-02   1.09195054e-01           21
017   1.14780307e-01   2.10199668e+04   6.12265170e-01   5.25200033e+00   4.21655141e-02   1.74885824e-01           26
018   1.09093733e-01   2.28504316e+04   6.15546823e-01   5.25200033e+00   1.82630457e-02   3.00564528e-01           23
019   7.43188784e-02   5.94896523e+04   6.17055178e-01   5.25200033e+00   3.35366167e-02   3.40445310e-01           26
020   1.00937441e-01   2.85405352e+04   6.14970505e-01   5.25200033e+00   2.16389876e-02   2.17429623e-01           28
021   8.44749063e-02   4.38841055e+04   6.17200196e-01   5.25200033e+00   3.63350846e-02   4.33514595e-01           27
022   9.25993845e-02   3.45924180e+04   6.15413189e-01   5.25200033e+00   4.19990644e-02   2.86511928e-01           25
023   9.32694450e-02   3.46984023e+04   6.18658125e-01   5.25200033e+00   4.52498384e-02   2.46738166e-01           27
024   1.09516285e-01   2.29280625e+04   6.15438223e-01   5.25200033e+00   4.24886420e-02   3.01349878e-01           27
025   9.30803418e-02   3.47383320e+04   6.18687153e-01   5.25200033e+00   5.16677424e-02   3.20144385e-01           25
026   8.64575356e-02   4.10893164e+04   6.18394852e-01   5.25200033e+00   1.74177308e-02   1.70059204e-01           27
027   1.08828433e-01   2.36710488e+04   6.17285371e-01   5.25200033e+00   5.89065179e-02   1.66676715e-01           24
028   1.05118483e-01   2.51766289e+04   6.18445754e-01   5.25200033e+00   5.25279418e-02   1.57727122e-01           24
029   8.85106549e-02   3.82342383e+04   6.16441250e-01   5.25200033e+00   6.20741174e-02   4.15987104e-01           23
030   1.08322039e-01   2.36461953e+04   6.18061602e-01   5.25200033e+00   3.06902286e-02   2.81222790e-01           24
031   1.06662549e-01   2.47149043e+04   6.18503749e-01   5.25200033e+00   5.58653809e-02   3.99908513e-01           24
032   8.07429925e-02   4.76727148e+04   6.14570260e-01   5.25200033e+00   3.41908783e-02   3.37044269e-01           25
033   1.01680338e-01   2.78872812e+04   6.18257701e-01   5.25200033e+00   7.45050702e-03   2.54427195e-01           27
034   1.04928918e-01   2.56249121e+04   6.18744493e-01   5.25200033e+00   2.32313890e-02   3.65363806e-01           27
035   8.94336104e-02   3.69755547e+04   6.17998958e-01   5.25200033e+00   6.91705272e-02   2.03340709e-01           25
036   7.81943947e-02   5.26024336e+04   6.15618289e-01   5.25200033e+00   4.31601070e-02   6.24042034e-01           29
037   9.43596512e-02   3.35542383e+04   6.18038476e-01   5.25200033e+00   3.60831656e-02   2.53802568e-01           27
038   7.45720938e-02   5.76584766e+04   6.16789639e-01   5.25200033e+00   5.69631755e-02   3.63497496e-01           29
039   7.37107769e-02   6.03092188e+04   6.17903292e-01   5.25200033e+00   3.85232158e-02   6.80311680e-01           22
040   1.04806788e-01   2.64875391e+04   6.18009269e-01   5.25200033e+00   7.24875256e-02   5.35149634e-01           26
041   1.02383874e-01   2.66722070e+04   6.12002134e-01   5.25200033e+00   5.36203831e-02   2.68068403e-01           25
042   6.96039423e-02   6.80644922e+04   6.15450442e-01   5.25200033e+00   3.25465500e-02   2.05569118e-01           25
043   1.30562827e-01   1.55127549e+04   6.13793790e-01   5.25200033e+00   5.73092662e-02   1.93835959e-01           24
044   1.15547232e-01   2.11952871e+04   6.16447628e-01   5.25200033e+00   5.13765030e-02   3.34884107e-01           28
045   9.80325192e-02   3.01168223e+04   6.14414573e-01   5.25200033e+00   6.41424954e-02   5.65963328e-01           22
046   9.19996724e-02   3.54721211e+04   6.18891299e-01   5.25200033e+00   4.38989513e-02   3.49396676e-01           29
047   8.99966508e-02   3.67258086e+04   6.17252052e-01   5.25200033e+00   6.67603612e-02   1.19476408e-01           27
048   1.04910687e-01   2.49757754e+04   6.18418515e-01   5.25200033e+00   2.19396241e-02   3.31329018e-01           22
049   8.83848146e-02   3.91599492e+04   6.16842330e-01   5.25200033e+00   4.43280749e-02   3.61004353e-01           28
050   8.28909874e-02   4.55554805e+04   6.17235124e-01   5.25200033e+00   5.81665225e-02   4.06627148e-01           27
051   1.05891719e-01   2.52515000e+04   6.17762744e-01   5.25200033e+00   2.88350601e-02   2.11140618e-01           24
052   9.89396796e-02   2.99858047e+04   6.18105114e-01   5.25200033e+00   5.95083348e-02   1.44293517e-01           27
053   9.38636586e-02   3.30380469e+04   6.18918598e-01   5.25200033e+00   7.56576285e-02   1.72166422e-01           27
054   1.00868091e-01   2.83395137e+04   6.18589759e-01   5.25200033e+00   7.20826834e-02   2.73014635e-01           24
055   6.69905692e-02   7.56870938e+04   6.18689179e-01   5.25200033e+00   2.66049989e-02   2.81242311e-01           26
056   7.40407556e-02   5.81059414e+04   6.18261039e-01   5.25200033e+00   5.69614284e-02   4.11511421e-01           25
057   8.81008506e-02   3.99167227e+04   6.07360542e-01   5.25200033e+00   3.95948738e-02   6.01729274e-01           26
058   1.14687972e-01   2.12838672e+04   6.14820361e-01   5.25200033e+00   4.89069037e-02   2.85540670e-01           23
059   8.82513896e-02   3.88561680e+04   6.17506444e-01   5.25200033e+00   2.68578194e-02   2.85288274e-01           28
060   7.30272233e-02   6.07883789e+04   6.18009150e-01   5.25200033e+00   3.67548093e-02   5.27913153e-01           23
061   1.03563651e-01   2.66153594e+04   6.17420971e-01   5.25200033e+00   6.68117926e-02   2.26873770e-01           28
062   7.62548074e-02   5.62808203e+04   6.15929782e-01   5.25200033e+00   6.52390942e-02   6.41754746e-01           23
063   1.09892458e-01   2.30611738e+04   6.18338406e-01   5.25200033e+00   4.61301059e-02   3.74890715e-01           25
064   1.08746871e-01   2.36807109e+04   6.17776394e-01   5.25200033e+00   1.73813198e-02   1.34377718e-01           27
065   7.19613731e-02   6.50611484e+04   6.16732121e-01   5.25200033e+00   3.76480483e-02   5.16417921e-01           21
066   7.98881501e-02   4.83126367e+04   6.18685246e-01   5.25200033e+00   4.86148298e-02   3.34214419e-01           24
067   1.05672665e-01   2.55410957e+04   6.18569493e-01   5.25200033e+00   5.09340577e-02   2.75351942e-01           23
068   7.63126165e-02   5.56084297e+04   6.14282250e-01   5.25200033e+00   5.12383692e-02   8.51552308e-01           24
069   9.79036093e-02   2.99457422e+04   6.16784811e-01   5.25200033e+00   7.40425438e-02   1.03901222e-01           25
070   6.12398982e-02   9.37260156e+04   6.16937995e-01   5.25200033e+00   2.67854724e-02   3.98567796e-01           24
071   8.18735659e-02   4.62436250e+04   6.15433753e-01   5.25200033e+00   3.83175761e-02   5.08673191e-01           25
072   9.30965245e-02   3.38504102e+04   6.18824124e-01   5.25200033e+00   3.39750573e-02   2.46670291e-01           25
073   6.77516609e-02   7.48920078e+04   6.13733530e-01   5.25200033e+00   2.19943132e-02   2.72837937e-01           26
074   7.86912590e-02   5.11888828e+04   6.18320942e-01   5.25200033e+00   3.77545059e-02   2.44501323e-01           25
075   1.12344868e-01   2.21010273e+04   6.16618097e-01   5.25200033e+00   6.38570562e-02   1.78239599e-01           27
076   1.10146895e-01   2.34613574e+04   6.16869688e-01   5.25200033e+00   5.35775684e-02   2.28410482e-01           30
077   9.79648530e-02   2.97771328e+04   6.18597269e-01   5.25200033e+00   5.57226203e-02   2.60975629e-01           24
078   9.53849629e-02   3.23365195e+04   6.17307484e-01   5.25200033e+00   3.64798568e-02   7.35359251e-01           21
079   1.08229235e-01   2.40382578e+04   6.16493821e-01   5.25200033e+00   4.93322276e-02   3.07404697e-01           25
080   1.00195527e-01   2.86051055e+04   6.15799129e-01   5.25200033e+00   5.32891527e-02   2.88801938e-01           24
081   1.04177728e-01   2.58072480e+04   6.16863549e-01   5.25200033e+00   4.95081954e-02   1.38168961e-01           27
082   1.04581483e-01   2.58697617e+04   6.18662000e-01   5.25200033e+00   8.55201930e-02   1.63692862e-01           22
083   9.84448791e-02   3.00658828e+04   6.14605367e-01   5.25200033e+00   7.92965889e-02   2.19299063e-01           25
084   8.38089883e-02   4.29296250e+04   6.18077636e-01   5.25200033e+00   7.02859536e-02   4.01981592e-01           23
085   1.01077199e-01   2.82000645e+04   6.17559314e-01   5.25200033e+00   4.20620218e-02   5.29542685e-01           25
086   8.94101411e-02   3.76684531e+04   6.16298735e-01   5.25200033e+00   6.04943596e-02   2.90945590e-01           28
087   1.02856569e-01   2.79253379e+04   6.18710339e-01   5.25200033e+00   3.27912942e-02   1.96025446e-01           20
088   8.61984417e-02   4.14731719e+04   6.14450455e-01   5.25200033e+00   6.75740167e-02   5.28725564e-01           25
089   1.00843504e-01   2.78885098e+04   6.16776884e-01   5.25200033e+00   4.39327285e-02   1.50630429e-01           24
090   9.53968987e-02   3.33021602e+04   6.15667582e-01   5.25200033e+00   6.44443482e-02   2.68396437e-01           25
091   1.06414936e-01   2.49561289e+04   6.18874311e-01   5.25200033e+00   4.73979637e-02   2.82452464e-01           29
092   8.52460861e-02   4.36780312e+04   6.17905021e-01   5.25200033e+00   5.12411036e-02   3.53434652e-01           28
093   1.15822703e-01   2.11448945e+04   6.18543684e-01   5.25200033e+00   5.52966967e-02   2.40480319e-01           26
094   1.22592635e-01   1.81327461e+04   6.17208481e-01   5.25200033e+00   3.48266140e-02   2.37220392e-01           26
095   8.07517245e-02   4.80328164e+04   6.18597269e-01   5.25200033e+00   5.17374501e-02   1.78495318e-01           27
096   9.28324983e-02   3.42077383e+04   6.16496384e-01   5.25200033e+00   3.80638242e-02   4.32336360e-01           26
097   9.42177251e-02   3.39941953e+04   6.17003798e-01   5.25200033e+00   6.10510819e-02   3.33335549e-01           26
098   9.99598950e-02   2.84851094e+04   6.17827177e-01   5.25200033e+00   3.28500494e-02   3.41728538e-01           27
099   6.72935843e-02   7.45687188e+04   6.17727041e-01   5.25200033e+00   1.99378375e-02   4.98679668e-01           25
100   1.07565589e-01   5.13728945e+04   6.18065000e-01   1.14140005e+01   2.43145041e-02   1.84793472e-01           28
101   9.41023156e-02   7.05363906e+04   6.18104339e-01   1.14140005e+01   4.76709902e-02   2.52791166e-01           27
102   1.02464497e-01   5.77146133e+04   6.17552936e-01   1.14140005e+01   4.70140986e-02   1.66978508e-01           25
103   8.69479924e-02   8.61832344e+04   6.17048860e-01   1.14140005e+01   4.20537554e-02   5.48480570e-01           29
104   9.74600837e-02   6.46020039e+04   6.18589759e-01   1.14140005e+01   4.09187041e-02   1.95176676e-01           26
105   9.05658379e-02   7.60709688e+04   6.17249727e-01   1.14140005e+01   3.37535851e-02   5.92298687e-01           23
106   1.12928100e-01   4.58433750e+04   6.18445754e-01   1.14140005e+01   5.37274927e-02   1.69328436e-01           25
107   9.72595811e-02   6.59312891e+04   6.17765248e-01   1.14140005e+01   4.10243087e-02   4.37045306e-01           26
108   8.19430575e-02   9.88972109e+04   6.17496014e-01   1.14140005e+01   5.71613535e-02   2.35960379e-01           27
109   8.96667764e-02   7.90479297e+04   6.18739903e-01   1.14140005e+01   4.06074859e-02   2.65628546e-01           24
110   1.05367377e-01   5.51430234e+04   6.15354180e-01   1.14140005e+01   4.22211066e-02   2.49308825e-01           28
111   9.25628021e-02   7.38491484e+04   6.18902981e-01   1.14140005e+01   3.35787386e-02   1.15578420e-01           26
112   8.97526965e-02   7.86379141e+04   6.18658304e-01   1.14140005e+01   4.68891338e-02   1.93785250e-01           24
113   1.10033713e-01   4.86864570e+04   6.18945062e-01   1.14140005e+01   4.73287962e-02   2.93872327e-01           24
114   1.04930833e-01   5.47186914e+04   6.18416011e-01   1.14140005e+01   5.07206619e-02   6.47272170e-02           25
115   8.94413516e-02   8.05268828e+04   6.15886450e-01   1.14140005e+01   2.93946844e-02   2.12293401e-01           25
116   8.49631429e-02   9.09799531e+04   6.17414773e-01   1.14140005e+01   5.08731008e-02   3.57208967e-01           24
117   1.21796384e-01   3.88995078e+04   6.17715538e-01   1.14140005e+01   3.75041068e-02   2.51856297e-01           26
118   1.02983974e-01   5.65377578e+04   6.17203772e-01   1.14140005e+01   5.43521307e-02   1.04074501e-01           25
119   1.08931787e-01   5.14652500e+04   6.15702271e-01   1.14140005e+01   2.59901863e-02   2.18101040e-01           28
120   9.90028307e-02   6.32855078e+04   6.18804514e-01   1.14140005e+01   6.74069747e-02   2.19817504e-01           24
121   9.82098877e-02   6.56048828e+04   6.16732836e-01   1.14140005e+01   4.11599800e-02   1.53351337e-01           30
122   1.18688837e-01   4.08376172e+04   6.16021514e-01   1.14140005e+01   6.12000972e-02   2.78039575e-01           26
123   9.05520245e-02   7.63865391e+04   6.17345870e-01   1.14140005e+01   3.09875682e-02   1.99224815e-01           24
124   1.09284028e-01   5.04933125e+04   6.18840337e-01   1.14140005e+01   4.23390269e-02   2.89272755e-01           29
125   1.01001136e-01   5.92151016e+04   6.18718743e-01   1.14140005e+01   2.33126543e-02   6.27769381e-02           27
126   9.33428332e-02   7.14489453e+04   6.15299046e-01   1.14140005e+01   5.86260110e-02   4.10115212e-01           22
127   1.05886191e-01   5.37316328e+04   6.18840337e-01   1.14140005e+01   3.77014764e-02   2.07079113e-01           25
128   9.91213918e-02   6.25784570e+04   6.16228044e-01   1.14140005e+01   2.61255205e-02   1.83809027e-01           27
129   1.18803822e-01   4.03965312e+04   6.18829668e-01   1.14140005e+01   3.19846943e-02   3.69538695e-01           19
130   8.72030929e-02   8.35928281e+04   6.18949294e-01   1.14140005e+01   4.00013439e-02   1.24896497e-01           26
131   1.06307052e-01   5.31434570e+04   6.18339539e-01   1.14140005e+01   4.77524363e-02   3.34522963e-01           28
132   8.13753903e-02   9.98159453e+04   6.18930101e-01   1.14140005e+01   3.78650874e-02   6.31100833e-01           23
133   9.33884159e-02   7.22009688e+04   6.18138731e-01   1.14140005e+01   4.59838063e-02   1.96254268e-01           24
134   9.86598507e-02   6.26195586e+04   6.17604852e-01   1.14140005e+01   1.98664069e-02   4.62835878e-01           25
135   9.48587656e-02   6.89631328e+04   6.18749976e-01   1.14140005e+01   3.29744667e-02   1.99126437e-01           28
136   1.10893369e-01   4.84205586e+04   6.18942618e-01   1.14140005e+01   5.03073186e-02   1.82996288e-01           27
137   1.08398266e-01   5.06264375e+04   6.17871821e-01   1.14140005e+01   5.28570898e-02   2.54098445e-01           27
138   1.00023039e-01   6.08499648e+04   6.17846549e-01   1.14140005e+01   4.69134860e-02   4.27002192e-01           29
139   1.12977266e-01   4.62364297e+04   6.18580937e-01   1.14140005e+01   2.97883339e-02   1.14798337e-01           27
140   9.13839638e-02   7.58112578e+04   6.16940022e-01   1.14140005e+01   3.58693339e-02   1.79469988e-01           27
141   8.48823339e-02   8.97561875e+04   6.18480265e-01   1.14140005e+01   5.60463779e-02   2.91348994e-01           24
142   1.11506246e-01   4.81798047e+04   6.17285371e-01   1.14140005e+01   4.10493836e-02   2.10131764e-01           27
143   1.01582348e-01   6.04187930e+04   6.18927836e-01   1.14140005e+01   4.72500175e-02   2.01452941e-01           28
144   1.09245576e-01   4.96505195e+04   6.18699491e-01   1.14140005e+01   3.36290933e-02   1.96146384e-01           28
145   1.10054284e-01   4.87127422e+04   6.18824542e-01   1.14140005e+01   4.25596498e-02   2.16132954e-01           27
146   9.76722687e-02   6.39601406e+04   6.18639410e-01   1.14140005e+01   4.27888297e-02   7.39957914e-02           27
147   1.04584374e-01   5.50057148e+04   6.18932426e-01   1.14140005e+01   3.49709243e-02   1.27854005e-01           26
148   1.04470380e-01   5.55092461e+04   6.16784155e-01   1.14140005e+01   5.19087277e-02   2.35252723e-01           29
149   9.46113169e-02   6.97198672e+04   6.17947578e-01   1.14140005e+01   4.57126275e-02   1.28156275e-01           28
150   9.45742056e-02   7.01305625e+04   6.18076384e-01   1.14140005e+01   3.31409127e-02   1.83172226e-01           28
151   1.09228455e-01   5.00517422e+04   6.18317306e-01   1.14140005e+01   6.22713342e-02   4.01875138e-01           25
152   1.04885995e-01   5.44281250e+04   6.18406117e-01   1.14140005e+01   5.10035381e-02   1.51913017e-01           28
153   9.45655704e-02   6.94871875e+04   6.18668079e-01   1.14140005e+01   4.21194956e-02   1.04427338e-01           25
154   1.21176921e-01   3.96676250e+04   6.16731882e-01   1.14140005e+01   4.49696034e-02   6.22821093e-01           26
155   8.74178931e-02   8.49247656e+04   6.18660927e-01   1.14140005e+01   4.29804176e-02   5.35807729e-01           27
156   9.89980847e-02   6.25847695e+04   6.17853999e-01   1.14140005e+01   4.30508889e-02   1.41906545e-01           25
157   8.96792784e-02   7.90649688e+04   6.17940009e-01   1.14140005e+01   4.08566147e-02   2.37667546e-01           26
158   1.06193282e-01   5.27792812e+04   6.18133008e-01   1.14140005e+01   4.00126427e-02   2.47061148e-01           23
159   1.03023231e-01   5.72949414e+04   6.18273020e-01   1.14140005e+01   4.64143306e-02   4.98111665e-01           21
160   9.40342322e-02   7.10641094e+04   6.17345870e-01   1.14140005e+01   5.27024493e-02   1.53320223e-01           25
161   9.79795903e-02   6.36862109e+04   6.18090868e-01   1.14140005e+01   3.62022780e-02   3.95490140e-01           27
162   9.84930396e-02   6.28195391e+04   6.18472219e-01   1.14140005e+01   3.56429853e-02   3.06351781e-01           26
163   9.52432901e-02   7.00642188e+04   6.16029024e-01   1.14140005e+01   5.34482747e-02   2.03455448e-01           27
164   1.00947522e-01   5.92343789e+04   6.17653847e-01   1.14140005e+01   4.07789685e-02   2.87663937e-01           27
165   8.81964043e-02   8.27972656e+04   6.18396878e-01   1.14140005e+01   4.34825681e-02   1.06307901e-01           26
166   1.02547675e-01   5.80055742e+04   6.18613720e-01   1.14140005e+01   2.63415202e-02   1.75939351e-01           30
167   9.15758014e-02   7.65430391e+04   6.18267953e-01   1.14140005e+01   5.34201823e-02   3.94713879e-01           28
168   8.97493884e-02   7.94462344e+04   6.17853999e-01   1.14140005e+01   3.19800004e-02   1.06709361e-01           28
169   9.50300395e-02   6.89294297e+04   6.18612409e-01   1.14140005e+01   2.22947877e-02   2.12620735e-01           27
170   1.27291724e-01   3.50413359e+04   6.17151380e-01   1.14140005e+01   5.14833666e-02   2.71278799e-01           26
171   1.00547038e-01   6.07545664e+04   6.17940009e-01   1.14140005e+01   3.93750630e-02   3.96017998e-01           28
172   9.56729874e-02   6.69877969e+04   6.18018925e-01   1.14140005e+01   5.00098988e-02   2.23260000e-01           25
173   9.15348008e-02   7.62054844e+04   6.16431653e-01   1.14140005e+01   4.29608598e-02   4.58585978e-01           28
174   8.51462707e-02   8.93410391e+04   6.18866205e-01   1.14140005e+01   3.46773416e-02   4.25442725e-01           26
175   9.42287520e-02   7.06268906e+04   6.18696213e-01   1.14140005e+01   2.06567291e-02   1.06176160e-01           28
176   1.08538575e-01   4.96877969e+04   6.18799150e-01   1.14140005e+01   6.08631223e-02   7.76456892e-02           25
177   1.06064983e-01   5.37191602e+04   6.18851066e-01   1.14140005e+01   3.46891098e-02   2.68286824e-01           25
178   1.13223217e-01   4.55155117e+04   6.18574560e-01   1.14140005e+01   3.55455279e-02   2.31494501e-01           25
179   1.01968072e-01   5.93337461e+04   6.17015660e-01   1.14140005e+01   3.44022363e-02   1.39392003e-01           28
180   8.00537392e-02   1.04160945e+05   6.18829668e-01   1.14140005e+01   3.56529206e-02   3.68205249e-01           25
181   1.22104503e-01   3.88364023e+04   6.18752003e-01   1.14140005e+01   5.24751619e-02   1.46325082e-01           27
182   1.23640478e-01   3.74625820e+04   6.17380381e-01   1.14140005e+01   4.26019877e-02   2.77913511e-01           27
183   8.96159858e-02   7.85236172e+04   6.16060793e-01   1.14140005e+01   4.39220704e-02   1.30528092e-01           23
184   1.09338947e-01   4.89172383e+04   6.18629634e-01   1.14140005e+01   2.84716859e-02   7.43846595e-02           25
185   9.31521282e-02   7.16194688e+04   6.16752684e-01   1.14140005e+01   3.15663107e-02   1.81989267e-01           24
186   8.55910406e-02   9.05016953e+04   6.18189037e-01   1.14140005e+01   3.13404351e-02   4.09019560e-01           29
187   8.94513950e-02   8.01769766e+04   6.17776394e-01   1.14140005e+01   4.00469750e-02   1.73071727e-01           28
188   1.15080945e-01   4.37733711e+04   6.18777633e-01   1.14140005e+01   4.27226499e-02   2.60826468e-01           25
189   9.29572135e-02   7.22263984e+04   6.18696868e-01   1.14140005e+01   3.09810080e-02   3.41700703e-01           25
190   1.09233856e-01   5.05362969e+04   6.16851747e-01   1.14140005e+01   3.64348963e-02   2.61978269e-01           26
191   7.91447163e-02   1.07782492e+05   6.18871033e-01   1.14140005e+01   3.48809659e-02   3.66520137e-01           27
192   1.06761105e-01   5.23643398e+04   6.15467131e-01   1.14140005e+01   4.76320125e-02   2.56689161e-01           27
193   1.02289252e-01   5.80068203e+04   6.17736876e-01   1.14140005e+01   3.36257890e-02   2.49814257e-01           29
194   1.09581344e-01   4.87901367e+04   6.18044615e-01   1.14140005e+01   4.68018241e-02   2.23604545e-01           28
195   9.39977393e-02   7.12617656e+04   6.18776977e-01   1.14140005e+01   5.48589490e-02   2.21624792e-01           24
196   1.08666889e-01   5.12061523e+04   6.18749976e-01   1.14140005e+01   5.55827729e-02   1.60800323e-01           29
197   7.74123371e-02   1.14956000e+05   6.18719995e-01   1.14140005e+01   4.92815822e-02   3.33354861e-01           28
198   9.24742296e-02   7.28868906e+04   6.18727267e-01   1.14140005e+01   4.41660471e-02   1.25109017e-01           26
199   9.88679081e-02   6.32435117e+04   6.15268588e-01   1.14140005e+01   4.24171798e-02   1.33736834e-01           28
200   1.01679161e-01   1.24935078e+05   6.18250072e-01   2.44270000e+01   3.51611599e-02   1.09745078e-01           29
201   1.09330490e-01   1.04700961e+05   6.18164301e-01   2.44270000e+01   5.13444878e-02   1.14901751e-01           29
202   1.20030060e-01   8.47580703e+04   6.18858755e-01   2.44270000e+01   4.82951365e-02   1.78332508e-01           27
203   1.05598949e-01   1.15059750e+05   6.18432760e-01   2.44270000e+01   3.40308808e-02   1.25833496e-01           29
204   9.52012762e-02   1.47560891e+05   6.18752956e-01   2.44270000e+01   3.00655924e-02   1.16273805e-01           29
205   1.03756413e-01   1.18944195e+05   6.18825138e-01   2.44270000e+01   3.36302854e-02   2.82342553e-01           27
206   9.11983475e-02   1.62113531e+05   6.18617952e-01   2.44270000e+01   2.62998790e-02   1.79622233e-01           29
207   1.07410170e-01   1.10641859e+05   6.18550718e-01   2.44270000e+01   3.05138715e-02   2.70560771e-01           26
208   1.08294480e-01   1.07506117e+05   6.18890166e-01   2.44270000e+01   3.35845239e-02   7.04322010e-02           26
209   1.03827313e-01   1.19246977e+05   6.18375599e-01   2.44270000e+01   3.75507884e-02   1.58916369e-01           27
210   1.04857862e-01   1.17510133e+05   6.18138731e-01   2.44270000e+01   4.53856997e-02   7.41000891e-01           27
211   9.81466323e-02   1.34587641e+05   6.18658304e-01   2.44270000e+01   4.24381606e-02   2.31480137e-01           25
212   9.96884033e-02   1.30733508e+05   6.18739367e-01   2.44270000e+01   3.77320349e-02   2.57136732e-01           28
213   9.86755714e-02   1.32501375e+05   6.18940413e-01   2.44270000e+01   4.34782840e-02   1.85423315e-01           27
214   9.76082385e-02   1.37697703e+05   6.18285596e-01   2.44270000e+01   3.87793370e-02   1.26164526e-01           27
215   1.12504773e-01   9.84587656e+04   6.18945599e-01   2.44270000e+01   3.06687076e-02   3.13428402e-01           28
216   1.10251345e-01   1.03343352e+05   6.18615568e-01   2.44270000e+01   3.94884162e-02   1.11734234e-01           28
217   1.17472574e-01   8.92976562e+04   6.18446946e-01   2.44270000e+01   2.90630888e-02   1.39116153e-01           30
218   1.10245422e-01   1.02796773e+05   6.18859589e-01   2.44270000e+01   3.95301282e-02   1.62843212e-01           25
219   1.11429334e-01   1.00861039e+05   6.18824124e-01   2.44270000e+01   4.05634493e-02   1.51376456e-01           29
220   1.01508476e-01   1.24818961e+05   6.18136168e-01   2.44270000e+01   4.91493568e-02   2.71262497e-01           23
221   1.05177872e-01   1.15368094e+05   6.18874311e-01   2.44270000e+01   3.96498404e-02   1.20467499e-01           28
222   1.08941585e-01   1.07080359e+05   6.18253291e-01   2.44270000e+01   4.42218296e-02   9.13429856e-02           27
223   1.11678541e-01   1.00000398e+05   6.18891299e-01   2.44270000e+01   3.75789702e-02   2.64414728e-01           28
224   1.10087596e-01   1.03765078e+05   6.18846059e-01   2.44270000e+01   4.54537421e-02   3.83404672e-01           27
225   9.51916501e-02   1.45585000e+05   6.18825138e-01   2.44270000e+01   5.15545048e-02   1.25367805e-01           27
226   9.96939838e-02   1.30846609e+05   6.18895948e-01   2.44270000e+01   3.46965939e-02   7.07632676e-02           24
227   1.08419828e-01   1.08143000e+05   6.18651211e-01   2.44270000e+01   4.24545184e-02   2.23352969e-01           27
228   1.11940309e-01   9.98764062e+04   6.18845403e-01   2.44270000e+01   4.48934101e-02   1.02526076e-01           28
229   1.01260714e-01   1.26071742e+05   6.18504345e-01   2.44270000e+01   3.99556570e-02   2.29155540e-01           29
230   1.08734198e-01   1.06954789e+05   6.18851066e-01   2.44270000e+01   3.45261283e-02   2.33239099e-01           27
231   1.12757750e-01   9.73002812e+04   6.18884325e-01   2.44270000e+01   3.56671065e-02   1.80162936e-01           29
232   1.12215109e-01   9.84955391e+04   6.18884325e-01   2.44270000e+01   4.43990752e-02   1.90086007e-01           25
233   1.05671525e-01   1.14235523e+05   6.18119061e-01   2.44270000e+01   3.08467224e-02   1.97897822e-01           26
234   1.14913799e-01   9.35974688e+04   6.18491650e-01   2.44270000e+01   3.82256545e-02   8.90135914e-02           27
235   1.08730868e-01   1.06974258e+05   6.18364751e-01   2.44270000e+01   5.05404994e-02   1.32612810e-01           28
236   1.04728818e-01   1.16014922e+05   6.18574798e-01   2.44270000e+01   4.39392552e-02   2.61008769e-01           27
237   1.00330755e-01   1.29400984e+05   6.18871689e-01   2.44270000e+01   3.49918380e-02   2.62296468e-01           29
238   1.06292136e-01   1.13422109e+05   6.17197216e-01   2.44270000e+01   4.69009951e-02   1.48703843e-01           29
239   1.08621940e-01   1.06904977e+05   6.18326306e-01   2.44270000e+01   2.69848686e-02   2.57837743e-01           24
240   1.04740657e-01   1.17114164e+05   6.18437409e-01   2.44270000e+01   5.49090207e-02   2.26122603e-01           25
241   1.13309525e-01   9.68179766e+04   6.18281484e-01   2.44270000e+01   2.83383355e-02   1.98719591e-01           29
242   1.00459576e-01   1.28092625e+05   6.17955387e-01   2.44270000e+01   3.50113325e-02   1.16681151e-01           29
243   1.05107740e-01   1.15135148e+05   6.18638575e-01   2.44270000e+01   4.68827076e-02   2.43404493e-01           27
244   9.40628871e-02   1.49304578e+05   6.18720233e-01   2.44270000e+01   5.01993857e-02   1.36700720e-01           29
245   1.19471960e-01   8.63848516e+04   6.18554294e-01   2.44270000e+01   3.69181670e-02   1.59226790e-01           27
246   1.19130202e-01   8.65584609e+04   6.18333638e-01   2.44270000e+01   4.35781442e-02   7.82133639e-02           27
247   1.15395099e-01   9.42023984e+04   6.18918598e-01   2.44270000e+01   4.38372158e-02   1.76968023e-01           28
248   1.13210164e-01   9.74239375e+04   6.18837059e-01   2.44270000e+01   4.46615629e-02   1.01863615e-01           29
249   1.11200705e-01   1.00666328e+05   6.18339539e-01   2.44270000e+01   4.18393239e-02   1.68540135e-01           28
250   1.04212180e-01   1.16896664e+05   6.18924558e-01   2.44270000e+01   4.64540273e-02   2.73750752e-01           26
251   1.03223011e-01   1.20893172e+05   6.18480265e-01   2.44270000e+01   4.18731272e-02   9.58942771e-02           27
252   9.88500714e-02   1.33385203e+05   6.18893981e-01   2.44270000e+01   4.26106788e-02   2.03140825e-01           25
253   1.13299616e-01   9.69921484e+04   6.18824124e-01   2.44270000e+01   2.63567511e-02   1.50146395e-01           28
254   1.01171106e-01   1.28199992e+05   6.18777633e-01   2.44270000e+01   3.76735628e-02   1.27476290e-01           29
255   1.16443209e-01   9.11731406e+04   6.18324637e-01   2.44270000e+01   3.97170298e-02   6.80426806e-02           29
256   1.08597584e-01   1.07098500e+05   6.18197441e-01   2.44270000e+01   2.79145930e-02   2.07486451e-01           29
257   1.04607038e-01   1.17637961e+05   6.18874311e-01   2.44270000e+01   3.84631492e-02   2.42573142e-01           29
258   9.64284837e-02   1.42027156e+05   6.18918598e-01   2.44270000e+01   4.12335880e-02   2.82180279e-01           26
259   1.06831439e-01   1.11083914e+05   6.18111849e-01   2.44270000e+01   3.87395509e-02   2.09769517e-01           27
260   1.04931116e-01   1.15795750e+05   6.18884325e-01   2.44270000e+01   2.87835561e-02   2.09893569e-01           29
261   9.21174064e-02   1.57187578e+05   6.18415654e-01   2.44270000e+01   3.27808522e-02   2.08914146e-01           25
262   1.07269272e-01   1.09867148e+05   6.18281484e-01   2.44270000e+01   3.67198586e-02   1.60922736e-01           26
263   9.01049823e-02   1.66247109e+05   6.18017912e-01   2.44270000e+01   3.50140780e-02   3.38260472e-01           25
264   1.14397652e-01   9.42267266e+04   6.18719399e-01   2.44270000e+01   3.97537611e-02   9.35494974e-02           26
265   1.24464191e-01   7.88066094e+04   6.17846549e-01   2.44270000e+01   3.27055417e-02   1.19902737e-01           30
266   1.11547351e-01   1.02066617e+05   6.18166208e-01   2.44270000e+01   4.70667928e-02   2.24317789e-01           28
267   1.03568383e-01   1.20164766e+05   6.18722856e-01   2.44270000e+01   3.59039940e-02   1.33891746e-01           28
268   1.09320819e-01   1.05457297e+05   6.18619084e-01   2.44270000e+01   4.75859717e-02   1.01275206e-01           26
269   1.07200958e-01   1.10916031e+05   6.18101180e-01   2.44270000e+01   3.90559807e-02   7.13866293e-01           26
270   1.13164522e-01   9.80398125e+04   6.18732691e-01   2.44270000e+01   3.93920355e-02   1.85580075e-01           29
271   9.99111012e-02   1.30564016e+05   6.18851066e-01   2.44270000e+01   3.31003144e-02   1.13466419e-01           27
272   1.06484592e-01   1.11344922e+05   6.18884325e-01   2.44270000e+01   3.43265682e-02   3.88534576e-01           26
273   9.68529731e-02   1.38127859e+05   6.18912280e-01   2.44270000e+01   2.89267953e-02   1.30171746e-01           25
274   1.15561791e-01   9.39306328e+04   6.17053032e-01   2.44270000e+01   4.17203680e-02   1.77768901e-01           29
275   1.01033673e-01   1.26807805e+05   6.18651211e-01   2.44270000e+01   4.25616167e-02   2.71459997e-01           28
276   1.05771340e-01   1.15323930e+05   6.18709505e-01   2.44270000e+01   2.26474497e-02   2.08851203e-01           27
277   1.07532598e-01   1.10368711e+05   6.18009150e-01   2.44270000e+01   3.41096781e-02   1.81142777e-01           29
278   9.86832082e-02   1.33110375e+05   6.18856311e-01   2.44270000e+01   4.82936427e-02   1.24261059e-01           29
279   1.09938473e-01   1.03950922e+05   6.17768168e-01   2.44270000e+01   1.66851077e-02   1.93227679e-01           29
280   1.11879215e-01   9.97615938e+04   6.18949592e-01   2.44270000e+01   3.21735181e-02   4.16484058e-01           27
281   1.05166040e-01   1.14304125e+05   6.18818283e-01   2.44270000e+01   3.18909548e-02   2.69152880e-01           29
282   1.17807262e-01   8.82736484e+04   6.18166208e-01   2.44270000e+01   4.42649201e-02   1.07191317e-01           26
283   1.11745909e-01   1.01171578e+05   6.18871689e-01   2.44270000e+01   5.20016365e-02   9.29348469e-02           27
284   1.05573803e-01   1.14874383e+05   6.18849397e-01   2.44270000e+01   4.31205332e-02   2.91182995e-01           28
285   1.12012163e-01   9.91508750e+04   6.18879676e-01   2.44270000e+01   3.66189554e-02   1.57423988e-01           24
286   9.61691961e-02   1.41436969e+05   6.18339539e-01   2.44270000e+01   3.53368111e-02   1.96024433e-01           27
287   1.10458560e-01   1.04399641e+05   6.18619084e-01   2.44270000e+01   5.03009111e-02   2.35343799e-01           28
288   1.06100120e-01   1.12057820e+05   6.18198752e-01   2.44270000e+01   3.98563445e-02   9.89087299e-02           24
289   1.02329895e-01   1.22593930e+05   6.18687153e-01   2.44270000e+01   3.55687663e-02   1.69728354e-01           25
290   1.11349076e-01   1.00667273e+05   6.18613839e-01   2.44270000e+01   4.08716314e-02   8.97478014e-02           27
291   9.77169722e-02   1.36147312e+05   6.18718147e-01   2.44270000e+01   1.70307606e-02   1.52368352e-01           25
292   1.08128853e-01   1.08189086e+05   6.17448390e-01   2.44270000e+01   4.49447557e-02   5.43014586e-01           27
293   1.03988290e-01   1.17780602e+05   6.17658913e-01   2.44270000e+01   3.24002802e-02   5.92216514e-02           26
294   1.08231716e-01   1.08122945e+05   6.18856311e-01   2.44270000e+01   4.51365300e-02   4.07523811e-01           28
295   9.99425873e-02   1.30528734e+05   6.18930817e-01   2.44270000e+01   4.62163277e-02   1.27327606e-01           27
296   9.61680934e-02   1.43170516e+05   6.18727386e-01   2.44270000e+01   3.80387791e-02   1.56341389e-01           28
297   9.89170074e-02   1.33172922e+05   6.17319524e-01   2.44270000e+01   2.89778486e-02   4.86884028e-01           24
298   9.46571976e-02   1.46993109e+05   6.17930532e-01   2.44270000e+01   4.32029366e-02   2.12224334e-01           26
299   1.01981521e-01   1.24094883e+05   6.18458450e-01   2.44270000e+01   4.07382585e-02   3.52902800e-01           29
300   1.08032614e-01   2.33186922e+05   6.18744493e-01   5.25200005e+01   4.02950794e-02   2.18879864e-01           30
301   1.04201280e-01   2.52206297e+05   6.18912280e-01   5.25200005e+01   3.66778225e-02   9.29622501e-02           27
302   1.01279326e-01   2.69983875e+05   6.18198752e-01   5.25200005e+01   3.20739821e-02   1.69756278e-01           29
303   1.02783136e-01   2.61562969e+05   6.18849397e-01   5.25200005e+01   2.67149284e-02   1.28985226e-01           29
304   1.13714918e-01   2.05562953e+05   6.18845403e-01   5.25200005e+01   4.12778221e-02   9.96564254e-02           27
305   1.09944060e-01   2.21852094e+05   6.18719816e-01   5.25200005e+01   3.71202342e-02   8.68973434e-02           24
306   1.04869179e-01   2.49525719e+05   6.18418515e-01   5.25200005e+01   4.10367474e-02   2.13343501e-01           28
307   1.10509716e-01   2.20268219e+05   6.18845403e-01   5.25200005e+01   3.70488353e-02   2.47222409e-01           29
308   1.09754749e-01   2.24176000e+05   6.18895948e-01   5.25200005e+01   3.72028463e-02   1.36061504e-01           30
309   1.06238991e-01   2.40642922e+05   6.17934227e-01   5.25200005e+01   3.49018872e-02   6.88037947e-02           28
310   1.01474300e-01   2.68133656e+05   6.18874252e-01   5.25200005e+01   2.96051931e-02   1.34289086e-01           26
311   1.18584737e-01   1.85391859e+05   6.18874311e-01   5.25200005e+01   4.00954150e-02   2.28303194e-01           26
312   1.09473236e-01   2.22699234e+05   6.18893981e-01   5.25200005e+01   3.66379656e-02   1.05166569e-01           23
313   1.06884211e-01   2.37661609e+05   6.18949592e-01   5.25200005e+01   3.59643586e-02   1.02953166e-01           27
314   1.11340322e-01   2.16219141e+05   6.18837059e-01   5.25200005e+01   4.27417867e-02   5.77490181e-02           27
315   1.11256093e-01   2.16226750e+05   6.18722260e-01   5.25200005e+01   3.44404317e-02   1.70727223e-01           26
316   1.11319833e-01   2.15943969e+05   6.18666530e-01   5.25200005e+01   3.29954661e-02   2.85221398e-01           29
317   1.04865909e-01   2.48415594e+05   6.18835926e-01   5.25200005e+01   4.25467379e-02   1.65080056e-01           26
318   1.02854595e-01   2.60930344e+05   6.18930101e-01   5.25200005e+01   3.02850865e-02   2.05793783e-01           28
319   1.13837913e-01   2.04275062e+05   6.18694663e-01   5.25200005e+01   3.29996310e-02   2.19656944e-01           27
320   1.13427959e-01   2.07132875e+05   6.18668079e-01   5.25200005e+01   4.79065664e-02   1.33272916e-01           29
321   1.06223978e-01   2.42118766e+05   6.18804514e-01   5.25200005e+01   3.22143808e-02   1.16283305e-01           27
322   1.05234772e-01   2.46665609e+05   6.18926704e-01   5.25200005e+01   3.73156257e-02   1.69225171e-01           30
323   1.07370354e-01   2.36090109e+05   6.18739903e-01   5.25200005e+01   3.95721197e-02   1.84342906e-01           29
324   1.16285831e-01   1.95748594e+05   6.18518770e-01   5.25200005e+01   4.37463447e-02   6.79057091e-02           29
325   1.09793708e-01   2.23754438e+05   6.18940413e-01   5.25200005e+01   3.63380723e-02   1.00413777e-01           29
326   1.11999176e-01   2.13894531e+05   6.18804514e-01   5.25200005e+01   3.02344095e-02   1.74758434e-01           28
327   1.05879486e-01   2.43517031e+05   6.18933201e-01   5.25200005e+01   3.99094038e-02   2.06995025e-01           25
328   1.01403698e-01   2.68237938e+05   6.18918598e-01   5.25200005e+01   3.30274068e-02   1.48680434e-01           27
329   1.03666708e-01   2.54386312e+05   6.18949294e-01   5.25200005e+01   4.23930399e-02   1.27400756e-01           25
330   1.04397222e-01   2.50770953e+05   6.18732691e-01   5.25200005e+01   4.08375300e-02   1.53482705e-01           28
331   1.11991033e-01   2.14602922e+05   6.18779302e-01   5.25200005e+01   3.99937108e-02   1.33024096e-01           29
332   1.01303011e-01   2.68288469e+05   6.18660927e-01   5.25200005e+01   3.21555734e-02   7.80822113e-02           28
333   1.04795083e-01   2.49904281e+05   6.18894398e-01   5.25200005e+01   3.56042422e-02   1.16562672e-01           26
334   1.02453165e-01   2.62176688e+05   6.18846416e-01   5.25200005e+01   4.29767221e-02   1.59799293e-01           27
335   1.07892811e-01   2.33014906e+05   6.18696213e-01   5.25200005e+01   3.09014563e-02   2.92065531e-01           28
336   1.14496060e-01   2.03280672e+05   6.18918598e-01   5.25200005e+01   3.74715142e-02   1.07720062e-01           29
337   1.19791076e-01   1.82284969e+05   6.18658125e-01   5.25200005e+01   3.23988199e-02   1.07594550e-01           29
338   1.06126301e-01   2.41563094e+05   6.18804514e-01   5.25200005e+01   3.54267322e-02   2.30105370e-01           29
339   9.99043733e-02   2.77389812e+05   6.18932426e-01   5.25200005e+01   3.72469164e-02   9.08213258e-02           27
340   1.04557350e-01   2.50274422e+05   6.18578374e-01   5.25200005e+01   3.19396816e-02   6.97254911e-02           29
341   1.09477945e-01   2.24143422e+05   6.18846416e-01   5.25200005e+01   4.07069959e-02   2.82097906e-01           25
342   1.06813483e-01   2.37021438e+05   6.18492723e-01   5.25200005e+01   3.88177149e-02   1.71770111e-01           28
343   1.07255600e-01   2.35214688e+05   6.18933201e-01   5.25200005e+01   3.77089642e-02   1.13756463e-01           26
344   1.05747074e-01   2.44668047e+05   6.18739367e-01   5.25200005e+01   3.70744281e-02   1.97897390e-01           28
345   1.10318303e-01   2.19536688e+05   6.18912280e-01   5.25200005e+01   4.71989214e-02   1.36841655e-01           26
346   1.06020153e-01   2.42723391e+05   6.18821442e-01   5.25200005e+01   3.17594334e-02   2.70846248e-01           29
347   1.15176909e-01   1.99744109e+05   6.17577434e-01   5.25200005e+01   3.28698866e-02   9.35391933e-02           27
348   1.15224980e-01   1.99147141e+05   6.18696868e-01   5.25200005e+01   3.88864651e-02   1.36347011e-01           26
349   1.11647055e-01   2.13000094e+05   6.18939400e-01   5.25200005e+01   4.31265980e-02   1.71644256e-01           25
350   1.16177447e-01   1.95189016e+05   6.18696213e-01   5.25200005e+01   4.00700979e-02   1.57638088e-01           26
351   1.08063765e-01   2.31545656e+05   6.18871033e-01   5.25200005e+01   3.67907807e-02   1.50000453e-01           28
352   1.03217222e-01   2.58026031e+05   6.18927836e-01   5.25200005e+01   4.71579842e-02   1.09186895e-01           29
353   1.07252643e-01   2.37051422e+05   6.18184924e-01   5.25200005e+01   3.80255692e-02   2.12005630e-01           29
354   1.01728342e-01   2.64996125e+05   6.18837059e-01   5.25200005e+01   3.52154560e-02   1.27358690e-01           25
355   1.06217623e-01   2.40806359e+05   6.18606389e-01   5.25200005e+01   3.83992381e-02   1.03702068e-01           27
356   9.93743911e-02   2.82796625e+05   6.18512034e-01   5.25200005e+01   3.56633663e-02   1.47560433e-01           29
357   1.12650916e-01   2.10506422e+05   6.18503749e-01   5.25200005e+01   3.87134328e-02   8.19258988e-02           27
358   1.10590115e-01   2.20501031e+05   6.18752956e-01   5.25200005e+01   2.96676084e-02   1.73485175e-01           29
359   1.11561835e-01   2.16006688e+05   6.18739903e-01   5.25200005e+01   3.99098918e-02   1.97468013e-01           26
360   1.04784489e-01   2.47502078e+05   6.18924558e-01   5.25200005e+01   3.40430997e-02   1.15140289e-01           26
361   1.00913785e-01   2.72002844e+05   6.18574798e-01   5.25200005e+01   3.68976444e-02   1.24895617e-01           28
362   1.08937398e-01   2.29170219e+05   6.18668079e-01   5.25200005e+01   4.61936928e-02   2.02259734e-01           30
363   1.08567126e-01   2.27877469e+05   6.18267953e-01   5.25200005e+01   4.30483632e-02   1.25856906e-01           24
364   1.01480119e-01   2.67554656e+05   6.18322790e-01   5.25200005e+01   3.89849432e-02   3.20580482e-01           26
365   1.00346968e-01   2.75546406e+05   6.18696868e-01   5.25200005e+01   3.56600396e-02   3.73226285e-01           26
366   1.09120101e-01   2.29159562e+05   6.18924558e-01   5.25200005e+01   4.16647047e-02   1.90316573e-01           27
367   1.06506139e-01   2.36657078e+05   6.18871033e-01   5.25200005e+01   2.95516215e-02   5.89685068e-02           23
368   1.11096948e-01   2.18039438e+05   6.18940413e-01   5.25200005e+01   5.01649268e-02   1.54221579e-01           29
369   1.01872265e-01   2.66786656e+05   6.18777633e-01   5.25200005e+01   3.38802524e-02   1.58710375e-01           28
370   1.11584194e-01   2.14344344e+05   6.18648231e-01   5.25200005e+01   3.95725369e-02   2.03989372e-01           29
371   1.09412022e-01   2.23261000e+05   6.18167043e-01   5.25200005e+01   3.63030732e-02   2.24605829e-01           25
372   1.07472241e-01   2.34225344e+05   6.18599892e-01   5.25200005e+01   2.94325631e-02   7.81881735e-02           29
373   1.03062138e-01   2.57116609e+05   6.18538678e-01   5.25200005e+01   3.88305262e-02   2.13547155e-01           26
374   1.02592841e-01   2.60790094e+05   6.18776977e-01   5.25200005e+01   3.62116285e-02   1.18326187e-01           28
375   1.04525797e-01   2.50266297e+05   6.18924558e-01   5.25200005e+01   4.62137572e-02   2.04271197e-01           28
376   1.03536420e-01   2.55352516e+05   6.18927002e-01   5.25200005e+01   3.90478261e-02   1.61095321e-01           27
377   1.17162496e-01   1.91524047e+05   6.18879676e-01   5.25200005e+01   3.37582901e-02   1.47110462e-01           29
378   1.05308063e-01   2.47564391e+05   6.18818283e-01   5.25200005e+01   3.88346538e-02   2.25335881e-01           29
379   1.06538765e-01   2.39515484e+05   6.17885053e-01   5.25200005e+01   4.09439392e-02   2.10497662e-01           29
380   1.07195906e-01   2.36267344e+05   6.18648231e-01   5.25200005e+01   4.80821058e-02   1.53602108e-01           26
381   1.03990421e-01   2.52202469e+05   6.18718743e-01   5.25200005e+01   3.99584621e-02   1.04300506e-01           25
382   1.11518554e-01   2.16197281e+05   6.18357301e-01   5.25200005e+01   4.93502542e-02   2.69559056e-01           27
383   1.08916581e-01   2.27401641e+05   6.18722856e-01   5.25200005e+01   3.10324375e-02   1.24363907e-01           28
384   1.08402833e-01   2.30671391e+05   6.18887484e-01   5.25200005e+01   2.95818709e-02   1.80559665e-01           28
385   1.06053539e-01   2.42725234e+05   6.18685246e-01   5.25200005e+01   3.45307551e-02   7.03911185e-02           26
386   1.04644649e-01   2.49061156e+05   6.18933201e-01   5.25200005e+01   4.19940688e-02   3.57285649e-01           25
387   1.08883813e-01   2.28032500e+05   6.18880093e-01   5.25200005e+01   4.44233865e-02   1.30740121e-01           29
388   1.03754923e-01   2.55125562e+05   6.18710339e-01   5.25200005e+01   4.13124152e-02   1.30663022e-01           26
389   9.68456939e-02   2.99508312e+05   6.18895948e-01   5.25200005e+01   3.95761132e-02   1.31104156e-01           30
390   1.17715836e-01   1.88925938e+05   6.18710339e-01   5.25200005e+01   3.63703109e-02   7.59285688e-02           26
391   9.90051776e-02   2.82628844e+05   6.18799150e-01   5.25200005e+01   3.76558155e-02   1.69397011e-01           29
392   1.09053046e-01   2.27488969e+05   6.18954003e-01   5.25200005e+01   3.20334658e-02   1.01400793e-01           28
393   1.10853739e-01   2.18080359e+05   6.18863702e-01   5.25200005e+01   3.73721607e-02   7.11678267e-02           30
394   1.06183320e-01   2.40070062e+05   6.18858755e-01   5.25200005e+01   3.84233519e-02   6.25223279e-01           27
395   1.11175850e-01   2.17353578e+05   6.18587494e-01   5.25200005e+01   4.00788710e-02   1.16614722e-01           28
396   1.06758617e-01   2.38545656e+05   6.18418515e-01   5.25200005e+01   4.24063951e-02   2.56788075e-01           29
397   1.07693829e-01   2.34030438e+05   6.18639410e-01   5.25200005e+01   3.81409191e-02   1.20633140e-01           28
398   1.08931109e-01   2.26958719e+05   6.18694663e-01   5.25200005e+01   2.56375410e-02   1.40790120e-01           26
399   9.98019874e-02   2.79100000e+05   6.18285596e-01   5.25200005e+01   4.03444432e-02   5.71022093e-01           29
400   1.03497118e-01   5.67720625e+05   6.18863702e-01   1.16727005e+02   3.57627571e-02   2.57937819e-01           28
401   1.13404147e-01   4.60935438e+05   6.18887484e-01   1.16727005e+02   3.81440371e-02   1.43560261e-01           30
402   1.08867712e-01   5.07149062e+05   6.18866205e-01   1.16727005e+02   3.21097150e-02   9.16145965e-02           29
403   1.07106753e-01   5.26254938e+05   6.18719816e-01   1.16727005e+02   4.49962169e-02   8.58542323e-02           29
404   1.02116458e-01   5.85286438e+05   6.18927836e-01   1.16727005e+02   3.52311954e-02   2.57345080e-01           30
405   1.01550929e-01   5.92321750e+05   6.18818283e-01   1.16727005e+02   4.22529913e-02   2.41295442e-01           26
406   1.09136008e-01   5.01674000e+05   6.18851066e-01   1.16727005e+02   4.13853005e-02   1.10575795e-01           30
407   1.00830607e-01   6.02908500e+05   6.18884325e-01   1.16727005e+02   3.79802138e-02   1.24834456e-01           29
408   1.05800748e-01   5.37183250e+05   6.18705928e-01   1.16727005e+02   3.53634767e-02   1.18715376e-01           29
409   1.08241804e-01   5.12250875e+05   6.18933201e-01   1.16727005e+02   3.40601206e-02   1.78513378e-01           29
410   1.06144905e-01   5.35287312e+05   6.18776977e-01   1.16727005e+02   3.68810333e-02   1.40152454e-01           29
411   1.05799325e-01   5.41967125e+05   6.18842185e-01   1.16727005e+02   3.57845165e-02   1.09043047e-01           28
412   1.09955974e-01   4.95656375e+05   6.18949592e-01   1.16727005e+02   3.83773223e-02   9.37125981e-02           29
413   1.07716553e-01   5.14347812e+05   6.18934333e-01   1.16727005e+02   4.33870070e-02   3.28845590e-01           27
414   1.08783245e-01   5.07285000e+05   6.18573070e-01   1.16727005e+02   3.39899212e-02   9.96370390e-02           29
415   1.04188807e-01   5.57592938e+05   6.18918598e-01   1.16727005e+02   3.98541838e-02   1.96063712e-01           25
416   1.05507568e-01   5.40504250e+05   6.18858755e-01   1.16727005e+02   3.68542522e-02   1.14031360e-01           25
417   1.07300654e-01   5.21927719e+05   6.18871689e-01   1.16727005e+02   4.14917283e-02   1.38337001e-01           30
418   1.12533987e-01   4.64907562e+05   6.18927836e-01   1.16727005e+02   4.25186716e-02   4.39084858e-01           26
419   1.02764644e-01   5.74164000e+05   6.18927717e-01   1.16727005e+02   3.39698158e-02   8.24551657e-02           27
420   1.05652474e-01   5.42263500e+05   6.18858755e-01   1.16727005e+02   3.01623028e-02   1.05560549e-01           27
421   9.88478214e-02   6.34796625e+05   6.18479550e-01   1.16727005e+02   3.81539948e-02   2.17728749e-01           28
422   1.04799412e-01   5.49255750e+05   6.18709505e-01   1.16727005e+02   3.77695896e-02   1.76722497e-01           26
423   1.05940461e-01   5.35720062e+05   6.18856311e-01   1.16727005e+02   3.65351029e-02   7.08670020e-02           25
424   1.09731734e-01   4.94664250e+05   6.18945599e-01   1.16727005e+02   4.17820774e-02   3.40537757e-01           28
425   1.03337049e-01   5.66997562e+05   6.18845403e-01   1.16727005e+02   3.68245877e-02   9.95317698e-02           26
426   1.12798154e-01   4.64388438e+05   6.18949294e-01   1.16727005e+02   3.70023176e-02   6.13867007e-02           26
427   1.08201854e-01   5.13386656e+05   6.18744493e-01   1.16727005e+02   3.60284224e-02   1.72607347e-01           30
428   1.08269781e-01   5.10875469e+05   6.18825138e-01   1.16727005e+02   4.07472812e-02   8.70748609e-02           28
429   1.08727477e-01   5.03385969e+05   6.18818283e-01   1.16727005e+02   3.37447077e-02   2.03405112e-01           27
430   1.06538817e-01   5.28491062e+05   6.18881106e-01   1.16727005e+02   4.15603817e-02   1.02066636e-01           26
431   1.14115328e-01   4.51248562e+05   6.18918598e-01   1.16727005e+02   4.27902155e-02   1.40164614e-01           27
432   1.05111212e-01   5.46634875e+05   6.18926704e-01   1.16727005e+02   3.75671238e-02   2.58955836e-01           28
433   1.08896442e-01   5.04784906e+05   6.18932426e-01   1.16727005e+02   3.98381166e-02   8.50978717e-02           28
434   1.06570452e-01   5.29903188e+05   6.18926704e-01   1.16727005e+02   3.90948988e-02   8.51178840e-02           30
435   1.03514954e-01   5.65564688e+05   6.18932426e-01   1.16727005e+02   4.21840064e-02   9.74893495e-02           28
436   1.04055405e-01   5.60944812e+05   6.18891299e-01   1.16727005e+02   3.92898619e-02   1.54576465e-01           29
437   1.03594035e-01   5.66048062e+05   6.18934333e-01   1.16727005e+02   3.79816927e-02   1.13699026e-01           29
438   1.05565935e-01   5.43901938e+05   6.18932426e-01   1.16727005e+02   3.31967771e-02   1.06271744e-01           29
439   1.10018156e-01   4.90770844e+05   6.18884325e-01   1.16727005e+02   4.09817770e-02   1.06412478e-01           27
440   1.09417051e-01   4.98258500e+05   6.18661046e-01   1.16727005e+02   3.95815820e-02   1.69352680e-01           26
441   1.04491241e-01   5.54438250e+05   6.18954003e-01   1.16727005e+02   3.78531031e-02   1.07000947e-01           24
442   1.08626984e-01   5.06613781e+05   6.18873656e-01   1.16727005e+02   3.89604867e-02   1.20244376e-01           29
443   1.12438440e-01   4.69190656e+05   6.18874311e-01   1.16727005e+02   3.72387432e-02   8.58187303e-02           28
444   1.05888724e-01   5.35671812e+05   6.18818283e-01   1.16727005e+02   3.57829630e-02   1.87522724e-01           26
445   1.08388506e-01   5.11558375e+05   6.18881106e-01   1.16727005e+02   3.95732522e-02   1.07027113e-01           29
446   1.03799097e-01   5.62602188e+05   6.18927002e-01   1.16727005e+02   4.02236953e-02   9.69069824e-02           28
447   1.09182030e-01   5.02903719e+05   6.18866205e-01   1.16727005e+02   3.57089005e-02   1.14430413e-01           29
448   1.06772527e-01   5.25798000e+05   6.18840337e-01   1.16727005e+02   3.15509848e-02   3.92030597e-01           27
449   1.12569235e-01   4.68394094e+05   6.18873775e-01   1.16727005e+02   4.48809452e-02   8.52754563e-02           29
450   1.08890891e-01   5.07406500e+05   6.18871689e-01   1.16727005e+02   3.76931541e-02   1.07390039e-01           29
451   1.06430650e-01   5.31602875e+05   6.18927717e-01   1.16727005e+02   3.46642137e-02   1.48155198e-01           28
452   1.05130270e-01   5.44016312e+05   6.18934333e-01   1.16727005e+02   4.09093536e-02   2.51407266e-01           27
453   1.09478362e-01   4.97283344e+05   6.18954003e-01   1.16727005e+02   3.80758122e-02   4.11291450e-01           28
454   1.10482514e-01   4.87590219e+05   6.18856311e-01   1.16727005e+02   3.73446234e-02   1.47080287e-01           29
455   1.07222244e-01   5.20403781e+05   6.18718147e-01   1.16727005e+02   3.88161391e-02   2.44506091e-01           27
456   1.08260423e-01   5.11359812e+05   6.18739247e-01   1.16727005e+02   4.31606285e-02   8.58936980e-02           29
457   1.09158821e-01   4.99276406e+05   6.18945599e-01   1.16727005e+02   3.37984525e-02   1.04933217e-01           27
458   1.08140163e-01   5.12299000e+05   6.18718743e-01   1.16727005e+02   3.89448069e-02   1.18561260e-01           30
459   1.09696031e-01   4.96041594e+05   6.18849397e-01   1.16727005e+02   4.08358872e-02   8.63430053e-02           29
460   1.11454129e-01   4.75540625e+05   6.18658304e-01   1.16727005e+02   3.18433829e-02   9.01369080e-02           27
461   1.06104061e-01   5.33664938e+05   6.18842185e-01   1.16727005e+02   3.77977453e-02   2.22916171e-01           29
462   1.04874477e-01   5.49189000e+05   6.18942618e-01   1.16727005e+02   4.31921966e-02   7.36621916e-02           27
463   1.11192070e-01   4.77659812e+05   6.18902981e-01   1.16727005e+02   3.29535492e-02   1.46786362e-01           28
464   1.11319251e-01   4.79465250e+05   6.18491650e-01   1.16727005e+02   3.91934477e-02   1.56450540e-01           27
465   1.04782730e-01   5.49648500e+05   6.18744850e-01   1.16727005e+02   4.09149267e-02   7.24396557e-02           29
466   1.08912133e-01   5.04407812e+05   6.18912280e-01   1.16727005e+02   4.04651463e-02   6.84700385e-02           28
467   1.07988238e-01   5.13601625e+05   6.18881106e-01   1.16727005e+02   4.14462313e-02   9.35686454e-02           27
468   1.11222647e-01   4.81271594e+05   6.18637979e-01   1.16727005e+02   3.87848578e-02   1.51401475e-01           29
469   1.07649058e-01   5.16249844e+05   6.18930817e-01   1.16727005e+02   3.52556445e-02   1.38745382e-01           27
470   1.08456910e-01   5.06630438e+05   6.18918598e-01   1.16727005e+02   3.86553109e-02   1.58492371e-01           29
471   1.04484603e-01   5.53902812e+05   6.18934333e-01   1.16727005e+02   3.24279927e-02   1.91357225e-01           26
472   1.09758548e-01   4.96973156e+05   6.18902981e-01   1.16727005e+02   3.83054614e-02   1.34643212e-01           27
473   1.08509168e-01   5.09067469e+05   6.18924558e-01   1.16727005e+02   3.70208509e-02   9.67902541e-02           27
474   1.09072827e-01   4.99807219e+05   6.18821442e-01   1.16727005e+02   4.00424488e-02   1.63049445e-01           24
475   1.04795016e-01   5.48327438e+05   6.18606389e-01   1.16727005e+02   4.25271578e-02   1.92836836e-01           25
476   1.07599281e-01   5.18413094e+05   6.18845403e-01   1.16727005e+02   3.64296064e-02   6.54039979e-02           29
477   1.13213882e-01   4.58458219e+05   6.18879676e-01   1.16727005e+02   3.77341621e-02   7.12643415e-02           27
478   1.08168714e-01   5.08363594e+05   6.18936896e-01   1.16727005e+02   3.76579724e-02   1.43960252e-01           29
479   1.12273723e-01   4.71835688e+05   6.18623734e-01   1.16727005e+02   3.97240110e-02   1.54471055e-01           30
480   1.11370489e-01   4.79109719e+05   6.18927836e-01   1.16727005e+02   3.34442370e-02   9.52800512e-02           30
481   1.00979231e-01   5.98863250e+05   6.18846059e-01   1.16727005e+02   3.32802869e-02   1.72420919e-01           27
482   1.11338802e-01   4.77125125e+05   6.18752003e-01   1.16727005e+02   3.99378836e-02   9.98719037e-02           27
483   1.04369476e-01   5.54136062e+05   6.18807554e-01   1.16727005e+02   4.17705067e-02   3.72965217e-01           25
484   1.10998474e-01   4.82399312e+05   6.18912280e-01   1.16727005e+02   4.07810174e-02   1.01174742e-01           29
485   1.08611621e-01   5.04445469e+05   6.18606389e-01   1.16727005e+02   3.75401340e-02   6.10859916e-02           25
486   1.06810860e-01   5.27172188e+05   6.18837059e-01   1.16727005e+02   3.57641801e-02   1.33806661e-01           29
487   1.03710309e-01   5.63332188e+05   6.18766546e-01   1.16727005e+02   3.31093408e-02   1.36868417e-01           28
488   1.07885659e-01   5.12600312e+05   6.18945062e-01   1.16727005e+02   3.34187374e-02   1.45288318e-01           25
489   1.08396098e-01   5.08728812e+05   6.18722856e-01   1.16727005e+02   4.15081121e-02   1.51310608e-01           27
490   1.04186051e-01   5.57118438e+05   6.18945599e-01   1.16727005e+02   4.42368425e-02   1.90272778e-01           27
491   1.01308048e-01   5.95299500e+05   6.18873656e-01   1.16727005e+02   3.47667523e-02   9.74755362e-02           27
492   1.11823164e-01   4.74843188e+05   6.18927002e-01   1.16727005e+02   3.89719531e-02   1.08949602e-01           29
493   1.13959886e-01   4.55730562e+05   6.18927717e-01   1.16727005e+02   3.64812836e-02   1.04686506e-01           29
494   1.11251816e-01   4.76372500e+05   6.18893981e-01   1.16727005e+02   3.83211337e-02   1.21139809e-01           23
495   1.08957022e-01   5.03025656e+05   6.18949294e-01   1.16727005e+02   4.02724482e-02   2.00751439e-01           28
496   1.03135847e-01   5.71006812e+05   6.18821442e-01   1.16727005e+02   3.63638699e-02   1.08140983e-01           27
497   1.16089992e-01   4.36136844e+05   6.18945599e-01   1.16727005e+02   3.52747664e-02   1.14325762e-01           28
498   1.18001729e-01   4.20890375e+05   6.18930101e-01   1.16727005e+02   4.43189591e-02   8.93082619e-02           29
499   1.03742413e-01   5.62628688e+05   6.18639410e-01   1.16727005e+02   4.46551442e-02   1.72271341e-01           28
500   1.07842274e-01   1.15305738e+06   6.18949592e-01   2.62652008e+02   3.63648199e-02   1.11036859e-01           27
501   1.08497575e-01   1.13833062e+06   6.18856311e-01   2.62652008e+02   4.08103876e-02   1.44754037e-01           28
502   1.07124425e-01   1.17833900e+06   6.18949294e-01   2.62652008e+02   3.84566002e-02   1.27140701e-01           27
503   1.09641440e-01   1.11401175e+06   6.18874252e-01   2.62652008e+02   3.58736515e-02   1.13679633e-01           27
504   1.08686842e-01   1.13548412e+06   6.18949592e-01   2.62652008e+02   3.88817303e-02   1.23134360e-01           28
505   1.08205616e-01   1.14635025e+06   6.18732691e-01   2.62652008e+02   3.88613828e-02   9.87564847e-02           28
506   1.08401522e-01   1.14406612e+06   6.18932426e-01   2.62652008e+02   3.56560871e-02   1.01344779e-01           27
507   1.05791263e-01   1.20758600e+06   6.18949592e-01   2.62652008e+02   3.79814021e-02   1.26076549e-01           27
508   1.10340126e-01   1.09787762e+06   6.18940413e-01   2.62652008e+02   3.73901092e-02   9.58906189e-02           29
509   1.07150778e-01   1.17532888e+06   6.18930101e-01   2.62652008e+02   3.76734994e-02   1.53280005e-01           29
510   1.06457241e-01   1.19373475e+06   6.18949294e-01   2.62652008e+02   3.99665274e-02   1.75839871e-01           28
511   1.08522020e-01   1.13634088e+06   6.18873656e-01   2.62652008e+02   3.28919291e-02   1.76642045e-01           27
512   1.06142431e-01   1.19928588e+06   6.18912280e-01   2.62652008e+02   3.93448025e-02   9.84906033e-02           27
513   1.07157655e-01   1.17579350e+06   6.18927836e-01   2.62652008e+02   3.44742648e-02   1.49878353e-01           30
514   1.09301753e-01   1.12491350e+06   6.18945062e-01   2.62652008e+02   3.99500877e-02   4.52940837e-02           29
515   1.10902287e-01   1.08396950e+06   6.18933201e-01   2.62652008e+02   3.66801545e-02   7.73813725e-02           29
516   1.13014616e-01   1.04279619e+06   6.18870914e-01   2.62652008e+02   3.51005383e-02   9.40837786e-02           30
517   1.11570783e-01   1.06753850e+06   6.18927717e-01   2.62652008e+02   3.68857235e-02   5.18006496e-02           26
518   1.10876612e-01   1.08298838e+06   6.18949294e-01   2.62652008e+02   3.50863673e-02   1.12604231e-01           27
519   1.06884636e-01   1.18056450e+06   6.18954003e-01   2.62652008e+02   4.05602828e-02   1.82110354e-01           29
520   1.08534068e-01   1.14144175e+06   6.18939400e-01   2.62652008e+02   3.75905633e-02   7.83234686e-02           29
521   1.07869476e-01   1.15702325e+06   6.18930101e-01   2.62652008e+02   3.51197012e-02   5.45170419e-02           28
522   1.03720166e-01   1.26960588e+06   6.18924558e-01   2.62652008e+02   3.75815816e-02   8.18641782e-02           28
523   1.10403344e-01   1.09604962e+06   6.18887484e-01   2.62652008e+02   3.86135280e-02   8.43101144e-02           29
524   1.07998088e-01   1.15473662e+06   6.18954003e-01   2.62652008e+02   3.96242850e-02   7.09534958e-02           27
525   1.07375205e-01   1.16975812e+06   6.18945062e-01   2.62652008e+02   3.83904353e-02   1.24241486e-01           29
526   1.09899126e-01   1.10404612e+06   6.18942618e-01   2.62652008e+02   3.52534167e-02   5.20226285e-02           27
527   1.05216868e-01   1.22604688e+06   6.18887484e-01   2.62652008e+02   3.52543928e-02   1.08639665e-01           26
528   1.09290458e-01   1.12358500e+06   6.18891299e-01   2.62652008e+02   4.01151292e-02   1.29235327e-01           29
529   1.05048515e-01   1.22575650e+06   6.18924558e-01   2.62652008e+02   3.53679918e-02   8.47173631e-02           27
530   1.04222745e-01   1.25164225e+06   6.18918598e-01   2.62652008e+02   3.54139172e-02   9.84004289e-02           28
531   1.04181096e-01   1.24890400e+06   6.18718743e-01   2.62652008e+02   3.50499004e-02   1.24641366e-01           27
532   1.09558187e-01   1.12218088e+06   6.18853986e-01   2.62652008e+02   3.83043513e-02   7.84712732e-02           30
533   1.08168013e-01   1.14706075e+06   6.18933201e-01   2.62652008e+02   3.69216390e-02   9.24767479e-02           29
534   1.07738137e-01   1.16496312e+06   6.18940413e-01   2.62652008e+02   3.90330218e-02   6.00603633e-02           30
535   1.07824348e-01   1.15426850e+06   6.18729413e-01   2.62652008e+02   3.61946113e-02   1.65167063e-01           28
536   1.07660718e-01   1.15879975e+06   6.18945062e-01   2.62652008e+02   3.83567251e-02   7.14174807e-02           24
537   1.10023290e-01   1.10298562e+06   6.18918598e-01   2.62652008e+02   3.49339768e-02   1.01916626e-01           29
538   1.05453186e-01   1.21708000e+06   6.18863702e-01   2.62652008e+02   3.69408764e-02   1.56999022e-01           29
539   1.11908793e-01   1.06222012e+06   6.18949592e-01   2.62652008e+02   3.99621725e-02   8.13255906e-02           29
540   1.12703487e-01   1.04454325e+06   6.18939400e-01   2.62652008e+02   4.30553481e-02   7.78439492e-02           28
541   1.11168832e-01   1.07900012e+06   6.18942618e-01   2.62652008e+02   3.61029655e-02   1.00490794e-01           27
542   1.09020688e-01   1.12746362e+06   6.18840337e-01   2.62652008e+02   4.16446999e-02   1.04590684e-01           27
543   1.09747544e-01   1.11291425e+06   6.18927836e-01   2.62652008e+02   3.79446894e-02   1.24988504e-01           28
544   1.13859862e-01   1.02052612e+06   6.18791342e-01   2.62652008e+02   3.81314307e-02   6.37932941e-02           29
545   1.09687515e-01   1.11092638e+06   6.18870914e-01   2.62652008e+02   3.96411531e-02   1.14253432e-01           27
546   1.08464941e-01   1.14255625e+06   6.18939400e-01   2.62652008e+02   3.75026427e-02   5.24413772e-02           27
547   1.08629242e-01   1.13989875e+06   6.18866324e-01   2.62652008e+02   3.86951044e-02   6.31903484e-02           28
548   1.09505318e-01   1.11936288e+06   6.18891299e-01   2.62652008e+02   3.75807323e-02   1.08219340e-01           29
549   1.07585594e-01   1.16309362e+06   6.18846416e-01   2.62652008e+02   3.83770652e-02   1.02858789e-01           27
550   1.08552814e-01   1.13399812e+06   6.18945599e-01   2.62652008e+02   3.89095619e-02   5.31800501e-02           25
551   1.07877441e-01   1.15675188e+06   6.18821442e-01   2.62652008e+02   3.71824913e-02   1.23689577e-01           29
552   1.06955878e-01   1.17878875e+06   6.18942618e-01   2.62652008e+02   3.49595062e-02   1.55193537e-01           30
553   1.04214847e-01   1.24705250e+06   6.18895948e-01   2.62652008e+02   3.52213420e-02   1.84409335e-01           25
554   1.06703810e-01   1.18318212e+06   6.18940413e-01   2.62652008e+02   3.68578695e-02   2.04400480e-01           27
555   1.06164813e-01   1.19626000e+06   6.18940413e-01   2.62652008e+02   3.52617353e-02   1.25396401e-01           26
556   1.07332349e-01   1.17042738e+06   6.18824124e-01   2.62652008e+02   3.71576361e-02   6.00309558e-02           28
557   1.11222282e-01   1.07467475e+06   6.18932426e-01   2.62652008e+02   3.80423404e-02   1.82384029e-01           28
558   1.06457166e-01   1.19025175e+06   6.18926704e-01   2.62652008e+02   4.01652679e-02   2.44371578e-01           26
559   1.10409372e-01   1.09597262e+06   6.18949592e-01   2.62652008e+02   4.12862040e-02   1.32232025e-01           28
560   1.06750898e-01   1.18681625e+06   6.18930817e-01   2.62652008e+02   3.39440815e-02   1.18423671e-01           29
561   1.07029177e-01   1.17251000e+06   6.18918598e-01   2.62652008e+02   3.77117023e-02   1.51290908e-01           27
562   1.09170184e-01   1.12491875e+06   6.18927836e-01   2.62652008e+02   3.16924267e-02   1.39000848e-01           28
563   1.08846143e-01   1.13442138e+06   6.18902981e-01   2.62652008e+02   3.70908976e-02   5.33177704e-02           26
564   1.05153359e-01   1.22564288e+06   6.18949592e-01   2.62652008e+02   3.57992686e-02   1.46493837e-01           25
565   1.11752830e-01   1.05980800e+06   6.18874252e-01   2.62652008e+02   3.93238962e-02   2.24364325e-01           25
566   1.11403376e-01   1.07891688e+06   6.18890166e-01   2.62652008e+02   3.71219888e-02   9.94463116e-02           29
567   1.05938956e-01   1.20490750e+06   6.18930101e-01   2.62652008e+02   3.53479795e-02   6.32609278e-02           28
568   1.04059063e-01   1.25403900e+06   6.18930101e-01   2.62652008e+02   3.72064449e-02   1.06279127e-01           27
569   1.08438879e-01   1.14205162e+06   6.18902981e-01   2.62652008e+02   3.89146917e-02   1.06955118e-01           27
570   1.10995792e-01   1.08241162e+06   6.18945599e-01   2.62652008e+02   3.75107527e-02   9.27967951e-02           29
571   1.05508529e-01   1.21269888e+06   6.18930817e-01   2.62652008e+02   3.80794108e-02   1.51225865e-01           25
572   1.08046800e-01   1.15106625e+06   6.18936896e-01   2.62652008e+02   3.99569608e-02   6.10459186e-02           25
573   1.08656876e-01   1.13964012e+06   6.18934333e-01   2.62652008e+02   3.61733995e-02   5.58320507e-02           29
574   1.07395485e-01   1.16562700e+06   6.18895948e-01   2.62652008e+02   3.91233526e-02   1.06407754e-01           28
575   1.10455707e-01   1.09368788e+06   6.18942618e-01   2.62652008e+02   3.51294130e-02   1.60244241e-01           27
576   1.06934793e-01   1.18357325e+06   6.18949592e-01   2.62652008e+02   3.84093113e-02   9.41180065e-02           28
577   1.11446820e-01   1.07213275e+06   6.18879676e-01   2.62652008e+02   3.60586196e-02   1.33986905e-01           29
578   1.07952543e-01   1.15903850e+06   6.18954003e-01   2.62652008e+02   4.16075923e-02   1.13343306e-01           29
579   1.08268403e-01   1.14865262e+06   6.18873775e-01   2.62652008e+02   3.91429402e-02   1.02390610e-01           29
580   1.10303156e-01   1.10021438e+06   6.18835926e-01   2.62652008e+02   3.84020992e-02   7.23746568e-02           30
581   1.05724230e-01   1.21414188e+06   6.18859589e-01   2.62652008e+02   3.53855267e-02   1.32067934e-01           29
582   1.07878797e-01   1.15706238e+06   6.18927002e-01   2.62652008e+02   3.68825868e-02   1.24454230e-01           27
583   1.10002846e-01   1.10851662e+06   6.18930101e-01   2.62652008e+02   3.65143865e-02   8.18839371e-02           29
584   1.09374627e-01   1.11639938e+06   6.18866205e-01   2.62652008e+02   4.16971073e-02   8.73879939e-02           26
585   1.09991774e-01   1.10086888e+06   6.18873656e-01   2.62652008e+02   4.14712057e-02   9.48476568e-02           23
586   1.06651984e-01   1.18981862e+06   6.18910015e-01   2.62652008e+02   3.32823023e-02   1.07813977e-01           30
587   1.08221084e-01   1.14742662e+06   6.18942618e-01   2.62652008e+02   3.87134962e-02   8.19535255e-02           29
588   1.06121778e-01   1.19698100e+06   6.18902981e-01   2.62652008e+02   3.77786346e-02   1.07227199e-01           27
589   1.09482937e-01   1.11627212e+06   6.18942618e-01   2.62652008e+02   3.62845212e-02   1.28131226e-01           28
590   1.05752535e-01   1.21035125e+06   6.18890166e-01   2.62652008e+02   3.47212851e-02   5.01425155e-02           28
591   1.06655888e-01   1.19131338e+06   6.18902981e-01   2.62652008e+02   3.30439210e-02   9.87389013e-02           30
592   1.07253395e-01   1.17236012e+06   6.18918598e-01   2.62652008e+02   3.47940736e-02   1.05248936e-01           29
593   1.04898341e-01   1.23444088e+06   6.18824542e-01   2.62652008e+02   3.75526659e-02   6.84479252e-02           26
594   1.08900532e-01   1.13598400e+06   6.18842185e-01   2.62652008e+02   3.66500951e-02   5.25050946e-02           28
595   1.08716503e-01   1.13306438e+06   6.18918598e-01   2.62652008e+02   3.79477628e-02   6.84862062e-02           28
596   1.06885299e-01   1.18204188e+06   6.18856311e-01   2.62652008e+02   3.61932404e-02   6.13578707e-02           29
597   1.06810272e-01   1.18628900e+06   6.18837893e-01   2.62652008e+02   3.61628309e-02   7.56238252e-02           29
598   1.11445092e-01   1.06945225e+06   6.18945062e-01   2.62652008e+02   4.04386744e-02   1.92589357e-01           25
599   1.08732708e-01   1.13000962e+06   6.18936896e-01   2.62652008e+02   3.75724807e-02   8.65218341e-02           26
600   1.07138656e-01   2.34797875e+06   6.18933201e-01   5.25304016e+02   3.82485129e-02   9.14729685e-02           27
601   1.08082578e-01   2.29403325e+06   6.18945062e-01   5.25304016e+02   3.92490961e-02   6.15267307e-02           27
602   1.08650491e-01   2.27201475e+06   6.18930101e-01   5.25304016e+02   3.92845050e-02   1.11330748e-01           27
603   1.07124507e-01   2.34955025e+06   6.18945599e-01   5.25304016e+02   3.99327092e-02   7.05471337e-02           27
604   1.08606048e-01   2.26721925e+06   6.18954003e-01   5.25304016e+02   3.73405218e-02   4.77440059e-02           25
605   1.11532532e-01   2.13292400e+06   6.18945599e-01   5.25304016e+02   3.97135466e-02   4.03287932e-02           27
606   1.07924595e-01   2.29908950e+06   6.18939400e-01   5.25304016e+02   3.87811810e-02   2.11210161e-01           27
607   1.09540358e-01   2.22720450e+06   6.18933201e-01   5.25304016e+02   3.71993631e-02   5.59976287e-02           28
608   1.08119212e-01   2.29642750e+06   6.18893981e-01   5.25304016e+02   3.76178846e-02   1.19028583e-01           28
609   1.11258976e-01   2.15085925e+06   6.18945062e-01   5.25304016e+02   3.81797366e-02   7.75760040e-02           29
610   1.09869286e-01   2.21609900e+06   6.18939400e-01   5.25304016e+02   3.87816057e-02   1.23935089e-01           29
611   1.10423103e-01   2.19028975e+06   6.18932426e-01   5.25304016e+02   3.88667583e-02   9.48775113e-02           30
612   1.08256713e-01   2.28348225e+06   6.18949592e-01   5.25304016e+02   3.94936837e-02   8.17554891e-02           26
613   1.07864760e-01   2.31538800e+06   6.18954003e-01   5.25304016e+02   3.76766473e-02   1.57217756e-01           29
614   1.09478988e-01   2.23147700e+06   6.18918598e-01   5.25304016e+02   3.64395939e-02   8.84594172e-02           28
615   1.05749227e-01   2.41368850e+06   6.18954003e-01   5.25304016e+02   3.69858667e-02   3.48272547e-02           26
616   1.05759375e-01   2.41092900e+06   6.18891299e-01   5.25304016e+02   3.66039351e-02   7.51702264e-02           26
617   1.08716264e-01   2.26624550e+06   6.18939400e-01   5.25304016e+02   3.75656076e-02   3.66459973e-02           29
618   1.09247275e-01   2.24414750e+06   6.18949592e-01   5.25304016e+02   3.78311016e-02   1.37862206e-01           30
619   1.06704459e-01   2.36199725e+06   6.18918598e-01   5.25304016e+02   3.72173674e-02   2.07707971e-01           27
620   1.08402595e-01   2.27774000e+06   6.18954003e-01   5.25304016e+02   3.88746262e-02   3.26892048e-01           25
621   1.07583404e-01   2.32041600e+06   6.18910015e-01   5.25304016e+02   3.66213731e-02   7.96966478e-02           27
622   1.09698579e-01   2.21816300e+06   6.18949294e-01   5.25304016e+02   3.69280390e-02   9.51330960e-02           27
623   1.07755318e-01   2.31357700e+06   6.18942618e-01   5.25304016e+02   3.89294699e-02   1.25530437e-01           28
624   1.08309470e-01   2.29170850e+06   6.18891299e-01   5.25304016e+02   3.81147973e-02   7.32183084e-02           30
625   1.06222309e-01   2.39722175e+06   6.18945599e-01   5.25304016e+02   3.85132059e-02   1.00295387e-01           30
626   1.07836567e-01   2.31739050e+06   6.18890166e-01   5.25304016e+02   3.97499204e-02   1.01585016e-01           29
627   1.09785892e-01   2.21469475e+06   6.18936896e-01   5.25304016e+02   3.46549340e-02   5.54238707e-02           25
628   1.09738626e-01   2.22399825e+06   6.18912280e-01   5.25304016e+02   3.97430807e-02   8.82319584e-02           28
629   1.09961376e-01   2.20408150e+06   6.18945599e-01   5.25304016e+02   3.83279882e-02   1.43356964e-01           27
630   1.10385142e-01   2.19015225e+06   6.18930817e-01   5.25304016e+02   3.63943465e-02   5.21735698e-02           30
631   1.08945206e-01   2.25477550e+06   6.18949294e-01   5.25304016e+02   3.81665938e-02   1.04831465e-01           27
632   1.06573388e-01   2.36364150e+06   6.18949294e-01   5.25304016e+02   3.33156772e-02   2.00253069e-01           26
633   1.10537723e-01   2.18051250e+06   6.18942618e-01   5.25304016e+02   3.82578112e-02   1.10921912e-01           27
634   1.07076593e-01   2.35068100e+06   6.18884325e-01   5.25304016e+02   3.58955003e-02   1.13366865e-01           28
635   1.09007090e-01   2.25197725e+06   6.18927717e-01   5.25304016e+02   3.80453877e-02   4.80627157e-02           26
636   1.07538216e-01   2.32315800e+06   6.18954003e-01   5.25304016e+02   3.71537395e-02   7.11230487e-02           28
637   1.05893284e-01   2.41076825e+06   6.18933201e-01   5.25304016e+02   3.56100798e-02   7.71481097e-02           29
638   1.08200863e-01   2.29051725e+06   6.18949592e-01   5.25304016e+02   3.97076905e-02   1.11127272e-01           29
639   1.08397342e-01   2.27993075e+06   6.18930101e-01   5.25304016e+02   3.67293879e-02   6.92951530e-02           27
640   1.07828990e-01   2.32050025e+06   6.18880093e-01   5.25304016e+02   3.79046239e-02   8.17348137e-02           28
641   1.08237214e-01   2.29338150e+06   6.18930101e-01   5.25304016e+02   3.56572643e-02   5.54968156e-02           29
642   1.09294809e-01   2.24487075e+06   6.18930101e-01   5.25304016e+02   3.70525308e-02   6.70995191e-02           29
643   1.06204048e-01   2.39398175e+06   6.18949592e-01   5.25304016e+02   3.54297720e-02   6.44599348e-02           29
644   1.06735542e-01   2.35684325e+06   6.18949592e-01   5.25304016e+02   4.00809497e-02   7.09723458e-02           24
645   1.08387165e-01   2.28494175e+06   6.18954003e-01   5.25304016e+02   3.73203643e-02   1.00437075e-01           29
646   1.08249836e-01   2.28504850e+06   6.18933201e-01   5.25304016e+02   3.65265384e-02   1.08888723e-01           28
647   1.07733928e-01   2.30412525e+06   6.18930101e-01   5.25304016e+02   3.76456343e-02   1.69405758e-01           24
648   1.09898880e-01   2.21248875e+06   6.18887484e-01   5.25304016e+02   3.82850431e-02   7.33265728e-02           30
649   1.07982568e-01   2.30549525e+06   6.18954003e-01   5.25304016e+02   3.71376798e-02   7.02967867e-02           29
650   1.09585434e-01   2.22424275e+06   6.18954003e-01   5.25304016e+02   4.00591120e-02   1.10835142e-01           27
651   1.08330026e-01   2.28830225e+06   6.18936896e-01   5.25304016e+02   3.93996984e-02   8.73991475e-02           28
652   1.04542196e-01   2.48536125e+06   6.18926704e-01   5.25304016e+02   3.88660990e-02   1.08375691e-01           30
653   1.06607027e-01   2.37749775e+06   6.18949294e-01   5.25304016e+02   3.64086851e-02   3.27401459e-02           29
654   1.07612237e-01   2.32126200e+06   6.18930101e-01   5.25304016e+02   3.53251621e-02   7.67925903e-02           27
655   1.09149218e-01   2.25219550e+06   6.18954003e-01   5.25304016e+02   3.95011567e-02   4.75761853e-02           29
656   1.07180424e-01   2.34398675e+06   6.18871033e-01   5.25304016e+02   4.15674038e-02   1.13137797e-01           29
657   1.05895281e-01   2.40935050e+06   6.18933201e-01   5.25304016e+02   4.20186371e-02   8.42509344e-02           28
658   1.08090803e-01   2.29461075e+06   6.18940413e-01   5.25304016e+02   3.55221219e-02   1.04223631e-01           28
659   1.12685747e-01   2.09149125e+06   6.18942618e-01   5.25304016e+02   3.87943611e-02   7.28912801e-02           29
660   1.08239390e-01   2.29340475e+06   6.18949592e-01   5.25304016e+02   3.61472741e-02   1.06932186e-01           29
661   1.10834442e-01   2.17029375e+06   6.18949592e-01   5.25304016e+02   3.78443450e-02   6.40520006e-02           28
662   1.08798303e-01   2.26472475e+06   6.18942618e-01   5.25304016e+02   3.67201753e-02   1.20041214e-01           30
663   1.09058104e-01   2.26146100e+06   6.18945599e-01   5.25304016e+02   3.78148928e-02   6.23522513e-02           30
664   1.09107688e-01   2.24107825e+06   6.18939400e-01   5.25304016e+02   3.53300944e-02   9.79959443e-02           27
665   1.08291768e-01   2.29887825e+06   6.18936896e-01   5.25304016e+02   4.15669903e-02   7.00926036e-02           30
666   1.09457120e-01   2.22327375e+06   6.18939400e-01   5.25304016e+02   3.64064202e-02   8.65647197e-02           24
667   1.07898310e-01   2.31111450e+06   6.18945599e-01   5.25304016e+02   3.92976888e-02   7.84250870e-02           30
668   1.06312960e-01   2.38317850e+06   6.18954003e-01   5.25304016e+02   3.85655575e-02   1.23599239e-01           26
669   1.02719635e-01   2.58243225e+06   6.18884325e-01   5.25304016e+02   3.75685953e-02   6.68113381e-02           26
670   1.09653339e-01   2.23399675e+06   6.18942618e-01   5.25304016e+02   3.77560072e-02   6.43139780e-02           30
671   1.09445289e-01   2.23294075e+06   6.18945599e-01   5.25304016e+02   3.94703932e-02   1.59528002e-01           27
672   1.07785009e-01   2.31652500e+06   6.18933201e-01   5.25304016e+02   3.82608883e-02   9.67077464e-02           28
673   1.07434422e-01   2.32536575e+06   6.18939400e-01   5.25304016e+02   3.88177857e-02   1.78542137e-01           29
674   1.07455060e-01   2.32836100e+06   6.18945062e-01   5.25304016e+02   3.75909507e-02   7.33607039e-02           29
675   1.07693978e-01   2.31804875e+06   6.18949294e-01   5.25304016e+02   3.81221995e-02   6.74882457e-02           28
676   1.08001404e-01   2.30273425e+06   6.18927836e-01   5.25304016e+02   3.73597667e-02   6.15126267e-02           28
677   1.07534125e-01   2.32861250e+06   6.18853986e-01   5.25304016e+02   3.90832052e-02   8.42392221e-02           29
678   1.07310556e-01   2.34177275e+06   6.18933201e-01   5.25304016e+02   3.68575118e-02   6.75714463e-02           29
679   1.07721068e-01   2.31444275e+06   6.18918598e-01   5.25304016e+02   3.63159515e-02   1.18128382e-01           28
680   1.06127396e-01   2.39185625e+06   6.18930101e-01   5.25304016e+02   3.72284688e-02   6.17631413e-02           27
681   1.09265596e-01   2.23752025e+06   6.18942618e-01   5.25304016e+02   3.71107347e-02   3.70135307e-02           25
682   1.08336836e-01   2.28530275e+06   6.18949294e-01   5.25304016e+02   3.96608859e-02   7.86801726e-02           29
683   1.08191349e-01   2.29553550e+06   6.18945599e-01   5.25304016e+02   3.55437286e-02   1.00195207e-01           30
684   1.06416762e-01   2.37881450e+06   6.18954003e-01   5.25304016e+02   3.64704244e-02   1.55104816e-01           29
685   1.10216148e-01   2.19624775e+06   6.18954003e-01   5.25304016e+02   4.00007702e-02   1.27248228e-01           26
686   1.09484456e-01   2.23321850e+06   6.18945599e-01   5.25304016e+02   3.77112217e-02   9.35390815e-02           29
687   1.09639011e-01   2.22541175e+06   6.18954003e-01   5.25304016e+02   3.66040058e-02   7.18225837e-02           29
688   1.09200448e-01   2.24375225e+06   6.18945599e-01   5.25304016e+02   3.80584411e-02   6.52375221e-02           27
689   1.10351026e-01   2.19199175e+06   6.18930101e-01   5.25304016e+02   3.79165672e-02   1.25684187e-01           29
690   1.09437659e-01   2.23352400e+06   6.18895948e-01   5.25304016e+02   3.69114056e-02   1.18954547e-01           28
691   1.07970819e-01   2.30422225e+06   6.18939400e-01   5.25304016e+02   3.70455869e-02   8.21592510e-02           29
692   1.08122669e-01   2.29850550e+06   6.18949294e-01   5.25304016e+02   3.79839912e-02   9.15458202e-02           29
693   1.06222995e-01   2.39005825e+06   6.18939400e-01   5.25304016e+02   3.80249806e-02   1.77918568e-01           28
694   1.06780827e-01   2.35850675e+06   6.18930101e-01   5.25304016e+02   3.74400951e-02   8.33455920e-02           29
695   1.07497029e-01   2.33078750e+06   6.18945599e-01   5.25304016e+02   3.80005725e-02   1.13238737e-01           28
696   1.08182110e-01   2.28946050e+06   6.18930101e-01   5.25304016e+02   3.80441099e-02   1.99876904e-01           28
697   1.09421201e-01   2.23450700e+06   6.18954003e-01   5.25304016e+02   3.91349010e-02   1.12846792e-01           28
698   1.08662777e-01   2.26717325e+06   6.18949294e-01   5.25304016e+02   3.70362327e-02   7.64997751e-02           28
699   1.05911255e-01   2.40707425e+06   6.18945062e-01   5.25304016e+02   3.53220031e-02   1.50367990e-01           26
