#ID, Rs, Dc, R200, Mvir, xoff, rho_rms, niter
sample_000.dat   1.01036496e-01   3.60533945e+04   6.89634442e-01   7.26700020e+00   8.04621819e-03   3.76553476e-01           29
sample_001.dat   1.13103554e-01   2.79660820e+04   6.86987102e-01   7.26700020e+00   3.06402557e-02   2.04470143e-01           25
sample_002.dat   1.08899124e-01   3.15119629e+04   6.89732075e-01   7.26700020e+00   4.22030725e-02   3.29875916e-01           26
sample_003.dat   1.38663158e-01   1.75111836e+04   6.85509026e-01   7.26700020e+00   2.92298123e-02   3.11943382e-01           27
sample_004.dat   1.28720656e-01   2.09239746e+04   6.87439620e-01   7.26700020e+00   2.30516903e-02   3.61470431e-01           24
sample_005.dat   1.30795628e-01   1.99922402e+04   6.87901795e-01   7.26700020e+00   1.01787867e-02   4.88853872e-01           27
sample_006.dat   1.06591061e-01   3.23597988e+04   6.86487973e-01   7.26700020e+00   1.63505301e-02   5.96034467e-01           27
sample_007.dat   1.24257967e-01   2.23573555e+04   6.89702988e-01   7.26700020e+00   3.35088260e-02   3.92854840e-01           27
sample_008.dat   1.05458863e-01   3.25626504e+04   6.87071800e-01   7.26700020e+00   2.68319622e-02   4.56460029e-01           24
sample_009.dat   8.83661658e-02   5.09186211e+04   6.82157815e-01   7.26700020e+00   2.93302983e-02   3.33991110e-01           29
sample_010.dat   9.14376825e-02   4.73417070e+04   6.89455748e-01   7.26700020e+00   2.59575397e-02   7.26102173e-01           26
sample_011.dat   9.44801196e-02   4.31761953e+04   6.89551175e-01   7.26700020e+00   1.42446188e-02   8.48806858e-01           23
sample_012.dat   1.16790824e-01   2.53682305e+04   6.88514709e-01   7.26700020e+00   7.91780557e-03   2.48146012e-01           24
sample_013.dat   1.25335768e-01   2.15326055e+04   6.88673973e-01   7.26700020e+00   2.90019810e-02   2.68921137e-01           25
sample_014.dat   1.29097611e-01   2.07187656e+04   6.88816667e-01   7.26700020e+00   1.10603450e-02   2.64796495e-01           22
sample_015.dat   1.12022467e-01   2.82532852e+04   6.89391792e-01   7.26700020e+00   1.72717869e-02   3.35219949e-01           28
sample_016.dat   1.15486249e-01   2.76920176e+04   6.88584983e-01   7.26700020e+00   2.05798894e-02   3.36516380e-01           28
sample_017.dat   1.39304727e-01   1.72374395e+04   6.89357042e-01   7.26700020e+00   1.50679518e-02   3.31607223e-01           29
sample_018.dat   1.12478361e-01   2.89774746e+04   6.84564710e-01   7.26700020e+00   3.14023346e-02   3.18571538e-01           26
sample_019.dat   1.34025544e-01   1.92184043e+04   6.89200282e-01   7.26700020e+00   2.72627976e-02   2.43568704e-01           27
sample_020.dat   9.57088768e-02   4.20765078e+04   6.81771159e-01   7.26700020e+00   3.65973078e-02   3.39380473e-01           30
sample_021.dat   9.39372256e-02   4.40773945e+04   6.85114563e-01   7.26700020e+00   1.73225943e-02   2.70516664e-01           24
sample_022.dat   1.19671948e-01   2.41637090e+04   6.89220250e-01   7.26700020e+00   3.19330394e-02   2.29453266e-01           25
sample_023.dat   1.10376850e-01   3.02350254e+04   6.84279561e-01   7.26700020e+00   1.62321273e-02   3.60302925e-01           30
sample_024.dat   1.32359415e-01   1.97756445e+04   6.86773121e-01   7.26700020e+00   2.97648087e-02   3.83076161e-01           28
sample_025.dat   1.07807182e-01   3.20523066e+04   6.85903430e-01   7.26700020e+00   1.66884959e-02   3.98106694e-01           23
sample_026.dat   9.27940011e-02   4.40111211e+04   6.88393652e-01   7.26700020e+00   1.78200435e-02   3.05668861e-01           23
sample_027.dat   1.14498794e-01   2.74995234e+04   6.87022626e-01   7.26700020e+00   3.96595486e-02   4.06905413e-01           27
sample_028.dat   1.29285097e-01   2.02541113e+04   6.89080477e-01   7.26700020e+00   2.77324114e-02   3.14630121e-01           25
sample_029.dat   9.98176709e-02   3.74509492e+04   6.82566226e-01   7.26700020e+00   4.35040556e-02   3.87985706e-01           26
sample_030.dat   1.11873947e-01   2.82796836e+04   6.89738512e-01   7.26700020e+00   3.89139093e-02   2.02028960e-01           25
sample_031.dat   1.21134020e-01   2.34251641e+04   6.89788222e-01   7.26700020e+00   2.30581518e-02   1.26029456e+00           23
sample_032.dat   9.62319300e-02   4.10871758e+04   6.88441992e-01   7.26700020e+00   1.85674578e-02   3.20717126e-01           27
sample_033.dat   8.50311890e-02   5.52634844e+04   6.85901284e-01   7.26700020e+00   1.68039147e-02   4.04054135e-01           24
sample_034.dat   1.11433856e-01   2.92956719e+04   6.86616182e-01   7.26700020e+00   1.14465971e-02   2.86015868e-01           29
sample_035.dat   1.28275856e-01   2.06599805e+04   6.88659191e-01   7.26700020e+00   6.54712459e-03   2.30761781e-01           27
sample_036.dat   1.11749008e-01   2.90200703e+04   6.84591532e-01   7.26700020e+00   2.39765998e-02   2.18996242e-01           27
sample_037.dat   1.03085287e-01   3.55012227e+04   6.86704099e-01   7.26700020e+00   3.38906348e-02   5.00963330e-01           27
sample_038.dat   1.11000054e-01   2.89730117e+04   6.88899279e-01   7.26700020e+00   1.66880768e-02   3.12727869e-01           22
sample_039.dat   1.08936869e-01   3.03580195e+04   6.88304424e-01   7.26700020e+00   1.67799443e-02   2.85327971e-01           26
sample_040.dat   1.14803515e-01   2.69932832e+04   6.88037097e-01   7.26700020e+00   7.84072187e-03   3.06416184e-01           27
sample_041.dat   1.06408194e-01   3.23072520e+04   6.89275086e-01   7.26700020e+00   1.44489231e-02   3.03770304e-01           29
sample_042.dat   1.26259059e-01   2.11925020e+04   6.88817382e-01   7.26700020e+00   1.14117321e-02   2.18238950e-01           21
sample_043.dat   1.15859970e-01   2.61558379e+04   6.88970268e-01   7.26700020e+00   7.16915680e-03   2.10583493e-01           25
sample_044.dat   1.15324281e-01   2.71580195e+04   6.89646542e-01   7.26700020e+00   3.58678997e-02   2.77610153e-01           27
sample_045.dat   1.01220272e-01   3.68168320e+04   6.87537611e-01   7.26700020e+00   8.19305331e-03   2.00806916e-01           25
sample_046.dat   1.24128491e-01   2.27573164e+04   6.89451694e-01   7.26700020e+00   2.57007610e-02   1.74567372e-01           28
sample_047.dat   1.14358172e-01   2.72110332e+04   6.87350929e-01   7.26700020e+00   2.47248560e-02   5.76875985e-01           21
sample_048.dat   1.24066480e-01   2.27977441e+04   6.82078719e-01   7.26700020e+00   2.87197437e-02   2.04471961e-01           26
sample_049.dat   1.21975385e-01   2.33128418e+04   6.89679921e-01   7.26700020e+00   3.97185683e-02   2.78002888e-01           23
sample_050.dat   1.02859251e-01   3.56201055e+04   6.89666569e-01   7.26700020e+00   4.08278145e-02   4.69721317e-01           26
sample_051.dat   1.17248848e-01   2.57850547e+04   6.87938750e-01   7.26700020e+00   1.01496289e-02   1.97427824e-01           25
sample_052.dat   1.19783469e-01   2.48292285e+04   6.89456522e-01   7.26700020e+00   2.87890937e-02   3.43848318e-01           24
sample_053.dat   9.94844958e-02   3.77247500e+04   6.88422740e-01   7.26700020e+00   2.13830620e-02   5.81940472e-01           27
sample_054.dat   1.01506934e-01   3.58919688e+04   6.89804912e-01   7.26700020e+00   3.02876644e-02   6.46983027e-01           26
sample_055.dat   1.06846415e-01   3.17636582e+04   6.88928664e-01   7.26700020e+00   2.59432327e-02   3.56498480e-01           25
sample_056.dat   1.21663705e-01   2.36162188e+04   6.84649944e-01   7.26700020e+00   2.00052299e-02   3.23799431e-01           24
sample_057.dat   1.01869076e-01   3.54608086e+04   6.89228773e-01   7.26700020e+00   2.59332154e-02   3.67838502e-01           27
sample_058.dat   1.36963382e-01   1.79153555e+04   6.88205361e-01   7.26700020e+00   2.25616563e-02   3.10020953e-01           23
sample_059.dat   1.09203964e-01   2.98308711e+04   6.87742770e-01   7.26700020e+00   4.19727042e-02   4.47771490e-01           25
sample_060.dat   1.19066238e-01   2.49119805e+04   6.89676523e-01   7.26700020e+00   1.23062860e-02   4.27681744e-01           22
sample_061.dat   9.47870016e-02   4.23308633e+04   6.87971592e-01   7.26700020e+00   2.39894707e-02   4.74614441e-01           25
sample_062.dat   1.48507908e-01   1.49297910e+04   6.84279561e-01   7.26700020e+00   3.09196692e-02   3.06886166e-01           24
sample_063.dat   1.49968222e-01   1.47083145e+04   6.89545929e-01   7.26700020e+00   2.53835414e-02   2.42224708e-01           25
sample_064.dat   1.11859120e-01   2.89735137e+04   6.78905368e-01   7.26700020e+00   3.19686756e-02   2.42529929e-01           26
sample_065.dat   1.23220727e-01   2.24826387e+04   6.89758301e-01   7.26700020e+00   2.78873499e-02   1.89125150e-01           27
sample_066.dat   1.06265999e-01   3.17320156e+04   6.87110424e-01   7.26700020e+00   2.31821518e-02   6.56911671e-01           22
sample_067.dat   1.68461785e-01   1.16391465e+04   6.83847129e-01   7.26700020e+00   1.85758136e-02   2.91218549e-01           24
sample_068.dat   1.03339486e-01   3.45626953e+04   6.89606249e-01   7.26700020e+00   3.20971422e-02   4.17516440e-01           24
sample_069.dat   1.52590200e-01   1.41305996e+04   6.84179962e-01   7.26700020e+00   2.71889418e-02   4.49409246e-01           27
sample_070.dat   1.19860858e-01   2.50167031e+04   6.89475238e-01   7.26700020e+00   3.62433121e-02   3.88671398e-01           24
sample_071.dat   1.17838807e-01   2.58700059e+04   6.89679921e-01   7.26700020e+00   3.42861228e-02   2.75961578e-01           25
sample_072.dat   1.15932204e-01   2.60597383e+04   6.88699424e-01   7.26700020e+00   2.38000322e-02   3.96393329e-01           26
sample_073.dat   1.07389040e-01   3.12879824e+04   6.84188247e-01   7.26700020e+00   2.33793259e-02   3.74093145e-01           20
sample_074.dat   1.04786441e-01   3.33781719e+04   6.85564280e-01   7.26700020e+00   2.75428537e-02   4.33423191e-01           26
sample_075.dat   1.25910714e-01   2.14511562e+04   6.86936319e-01   7.26700020e+00   3.80078815e-02   1.45716771e-01           23
sample_076.dat   1.15778349e-01   2.69144648e+04   6.82602942e-01   7.26700020e+00   2.28291713e-02   2.59841591e-01           26
sample_077.dat   1.29580826e-01   2.07841543e+04   6.87900782e-01   7.26700020e+00   1.90762468e-02   2.63099223e-01           28
sample_078.dat   1.12150401e-01   2.84614648e+04   6.82085693e-01   7.26700020e+00   2.28955336e-02   4.11603689e-01           20
sample_079.dat   1.13762312e-01   2.78953555e+04   6.89831913e-01   7.26700020e+00   1.39287934e-02   3.56884420e-01           26
sample_080.dat   1.26379877e-01   2.21162676e+04   6.88915312e-01   7.26700020e+00   5.52421296e-03   5.33484399e-01           24
sample_081.dat   1.10839851e-01   2.95741328e+04   6.87456906e-01   7.26700020e+00   1.19627183e-02   2.19058722e-01           28
sample_082.dat   1.09401681e-01   3.04272969e+04   6.80322170e-01   7.26700020e+00   3.06787770e-02   2.96008021e-01           28
sample_083.dat   1.27896637e-01   2.08644199e+04   6.87413216e-01   7.26700020e+00   4.96414956e-03   3.45231235e-01           26
sample_084.dat   1.07520275e-01   3.11613691e+04   6.85238838e-01   7.26700020e+00   1.45141631e-02   3.44020784e-01           27
sample_085.dat   1.02825105e-01   3.46797656e+04   6.88287914e-01   7.26700020e+00   1.88661478e-02   3.10444713e-01           26
sample_086.dat   1.02344587e-01   3.50161914e+04   6.88679576e-01   7.26700020e+00   2.03796402e-02   1.98084325e-01           26
sample_087.dat   1.20591685e-01   2.39583535e+04   6.89449966e-01   7.26700020e+00   5.00791892e-02   2.79377848e-01           28
sample_088.dat   1.06185943e-01   3.29005664e+04   6.85627878e-01   7.26700020e+00   3.51202153e-02   5.90384841e-01           22
sample_089.dat   1.45075440e-01   1.59890742e+04   6.87060714e-01   7.26700020e+00   3.02698892e-02   2.70597756e-01           29
sample_090.dat   1.14097662e-01   2.76413691e+04   6.87667012e-01   7.26700020e+00   2.07060669e-02   4.00104016e-01           29
sample_091.dat   1.13898478e-01   2.75480957e+04   6.88990057e-01   7.26700020e+00   1.95243601e-02   2.93453991e-01           25
sample_092.dat   1.28661871e-01   2.11456465e+04   6.88765883e-01   7.26700020e+00   1.81747526e-02   4.51999664e-01           25
sample_093.dat   1.31154686e-01   2.00790176e+04   6.89475238e-01   7.26700020e+00   2.96790004e-02   2.29597583e-01           26
sample_094.dat   9.68226120e-02   3.97307109e+04   6.87539518e-01   7.26700020e+00   3.46029401e-02   2.35685542e-01           17
sample_095.dat   9.57574174e-02   4.19601406e+04   6.88054383e-01   7.26700020e+00   1.07286246e-02   3.99954796e-01           26
sample_096.dat   1.10575460e-01   2.97481328e+04   6.87859654e-01   7.26700020e+00   9.43180546e-03   2.18316659e-01           29
sample_097.dat   1.25818983e-01   2.23111914e+04   6.89451694e-01   7.26700020e+00   9.21976380e-03   3.88791800e-01           25
sample_098.dat   1.12590589e-01   2.87112188e+04   6.88022137e-01   7.26700020e+00   2.58151591e-02   1.71909511e-01           25
sample_099.dat   1.04461819e-01   3.36950625e+04   6.88515246e-01   7.26700020e+00   2.01421380e-02   2.60735601e-01           28
sample_100.dat   1.23113602e-01   4.84550859e+04   6.88890159e-01   1.58080006e+01   1.75870378e-02   1.73460767e-01           28
sample_101.dat   1.17543243e-01   5.52139141e+04   6.88332379e-01   1.58080006e+01   2.52726208e-02   3.23884249e-01           27
sample_102.dat   1.21402070e-01   5.00123672e+04   6.89481199e-01   1.58080006e+01   1.30481189e-02   7.79195428e-01           25
sample_103.dat   1.21914476e-01   5.01497930e+04   6.89515173e-01   1.58080006e+01   1.43315056e-02   3.33860934e-01           27
sample_104.dat   1.54271513e-01   2.93631914e+04   6.89746499e-01   1.58080006e+01   6.86834054e-03   1.03580818e-01           26
sample_105.dat   1.30529761e-01   4.29305117e+04   6.89360857e-01   1.58080006e+01   2.05035973e-02   2.95465440e-01           28
sample_106.dat   1.23286292e-01   4.93437109e+04   6.89750850e-01   1.58080006e+01   2.20586360e-02   2.40987211e-01           26
sample_107.dat   1.15530871e-01   5.76325234e+04   6.84595168e-01   1.58080006e+01   3.25087160e-02   1.93090215e-01           27
sample_108.dat   1.10273138e-01   6.34505781e+04   6.88860655e-01   1.58080006e+01   1.93566792e-02   5.21759450e-01           26
sample_109.dat   1.27984539e-01   4.48947773e+04   6.89571440e-01   1.58080006e+01   2.19493825e-02   2.58981526e-01           27
sample_110.dat   1.18189663e-01   5.44792773e+04   6.89464569e-01   1.58080006e+01   2.81522404e-02   5.13520241e-01           26
sample_111.dat   1.28529593e-01   4.42291953e+04   6.89306080e-01   1.58080006e+01   2.26927903e-02   2.81670243e-01           28
sample_112.dat   1.29191250e-01   4.40048828e+04   6.89531207e-01   1.58080006e+01   1.21337017e-02   4.38319087e-01           26
sample_113.dat   1.14204966e-01   5.83092148e+04   6.89068556e-01   1.58080006e+01   3.01517621e-02   1.54990062e-01           27
sample_114.dat   1.29120380e-01   4.43568438e+04   6.88837707e-01   1.58080006e+01   2.47437460e-03   2.94991225e-01           28
sample_115.dat   1.08885616e-01   6.59927109e+04   6.89723134e-01   1.58080006e+01   1.48291672e-02   2.11511046e-01           28
sample_116.dat   1.13095090e-01   5.94227734e+04   6.89521134e-01   1.58080006e+01   1.73666291e-02   2.92183518e-01           29
sample_117.dat   1.11303732e-01   6.17561406e+04   6.89313591e-01   1.58080006e+01   1.46128070e-02   3.50363493e-01           25
sample_118.dat   1.37625277e-01   3.88384648e+04   6.88959062e-01   1.58080006e+01   3.13291065e-02   2.92487562e-01           29
sample_119.dat   1.26668602e-01   4.60453828e+04   6.88569129e-01   1.58080006e+01   2.06269938e-02   5.02234757e-01           25
sample_120.dat   1.09605089e-01   6.42234844e+04   6.89750850e-01   1.58080006e+01   4.10983786e-02   4.08864021e-01           28
sample_121.dat   1.23632111e-01   4.85614727e+04   6.89642251e-01   1.58080006e+01   2.28253379e-02   2.08234265e-01           28
sample_122.dat   1.14929497e-01   5.75857734e+04   6.89696014e-01   1.58080006e+01   1.26026599e-02   2.83150613e-01           28
sample_123.dat   1.20951541e-01   5.12016445e+04   6.88251495e-01   1.58080006e+01   3.16131450e-02   3.49705666e-01           27
sample_124.dat   1.12314716e-01   6.10161055e+04   6.83566272e-01   1.58080006e+01   2.64641326e-02   4.26660180e-01           26
sample_125.dat   1.16260469e-01   5.65908008e+04   6.87955797e-01   1.58080006e+01   2.08049733e-02   3.10513586e-01           29
sample_126.dat   1.19437471e-01   5.22597500e+04   6.89738512e-01   1.58080006e+01   1.84951928e-02   2.83227026e-01           28
sample_127.dat   1.02866046e-01   7.42643984e+04   6.88128173e-01   1.58080006e+01   7.57487677e-03   3.88885319e-01           25
sample_128.dat   1.15116298e-01   5.70685391e+04   6.88729584e-01   1.58080006e+01   1.65997464e-02   4.22510564e-01           26
sample_129.dat   1.41194671e-01   3.61734023e+04   6.88089192e-01   1.58080006e+01   1.88806262e-02   1.48571923e-01           23
sample_130.dat   1.12284005e-01   5.98837148e+04   6.89219832e-01   1.58080006e+01   1.61211975e-02   9.00497362e-02           24
sample_131.dat   1.35713473e-01   3.90066680e+04   6.88581467e-01   1.58080006e+01   2.14931779e-02   6.06611297e-02           23
sample_132.dat   1.08331248e-01   6.64175078e+04   6.88659191e-01   1.58080006e+01   2.91550215e-02   3.30436230e-01           26
sample_133.dat   1.19657166e-01   5.27059609e+04   6.88490391e-01   1.58080006e+01   2.61870977e-02   3.60994846e-01           24
sample_134.dat   1.11209355e-01   6.25670078e+04   6.89105093e-01   1.58080006e+01   1.40067544e-02   6.03715122e-01           26
sample_135.dat   1.05275072e-01   7.07260391e+04   6.88394487e-01   1.58080006e+01   1.05959270e-02   1.11198045e-01           29
sample_136.dat   1.28093779e-01   4.39346094e+04   6.89531207e-01   1.58080006e+01   1.58737414e-02   2.16193616e-01           24
sample_137.dat   1.27336502e-01   4.51337305e+04   6.89228773e-01   1.58080006e+01   1.99276041e-02   8.46809030e-01           25
sample_138.dat   1.30819708e-01   4.28385078e+04   6.88804865e-01   1.58080006e+01   1.10722939e-02   3.46945584e-01           26
sample_139.dat   1.01996399e-01   7.64014688e+04   6.89468265e-01   1.58080006e+01   1.56665556e-02   7.48562932e-01           26
sample_140.dat   1.14087559e-01   5.90916641e+04   6.89068913e-01   1.58080006e+01   1.19127957e-02   2.26246521e-01           28
sample_141.dat   1.29346758e-01   4.35215508e+04   6.89276338e-01   1.58080006e+01   1.82182714e-02   4.37240362e-01           25
sample_142.dat   1.28448218e-01   4.41430586e+04   6.89442575e-01   1.58080006e+01   1.03942454e-02   1.45928517e-01           27
sample_143.dat   1.17262527e-01   5.51870039e+04   6.89738691e-01   1.58080006e+01   1.45299342e-02   2.14013517e-01           24
sample_144.dat   1.13668568e-01   5.85487812e+04   6.89481497e-01   1.58080006e+01   2.54867580e-02   2.53008068e-01           25
sample_145.dat   1.27336979e-01   4.58006758e+04   6.87355697e-01   1.58080006e+01   1.79993007e-02   1.66993752e-01           30
sample_146.dat   1.16993450e-01   5.52131641e+04   6.89799428e-01   1.58080006e+01   2.75860932e-02   2.28279367e-01           27
sample_147.dat   1.12271115e-01   6.11015508e+04   6.87539518e-01   1.58080006e+01   1.49766961e-02   1.91839337e-01           28
sample_148.dat   1.34818301e-01   3.94612812e+04   6.89591050e-01   1.58080006e+01   1.69149209e-02   1.99303880e-01           26
sample_149.dat   1.34869903e-01   4.00476602e+04   6.89571440e-01   1.58080006e+01   1.08911805e-02   2.26146638e-01           25
sample_150.dat   1.23365484e-01   4.86237500e+04   6.88205361e-01   1.58080006e+01   1.18308729e-02   3.87983054e-01           26
sample_151.dat   1.07292324e-01   6.76451016e+04   6.89550400e-01   1.58080006e+01   1.42944055e-02   5.35554707e-01           27
sample_152.dat   1.25630304e-01   4.64209492e+04   6.89464927e-01   1.58080006e+01   1.83580983e-02   1.36685520e-01           28
sample_153.dat   1.12880073e-01   6.02551602e+04   6.89512432e-01   1.58080006e+01   5.91774890e-03   1.46083668e-01           29
sample_154.dat   1.30702585e-01   4.28747227e+04   6.89738989e-01   1.58080006e+01   2.92207990e-02   4.32925582e-01           25
sample_155.dat   1.20175704e-01   5.21514336e+04   6.89060986e-01   1.58080006e+01   1.14442483e-02   4.89311129e-01           29
sample_156.dat   1.34051383e-01   4.02708984e+04   6.87350929e-01   1.58080006e+01   2.03326754e-02   3.93785506e-01           28
sample_157.dat   1.26995221e-01   4.61581406e+04   6.89797461e-01   1.58080006e+01   2.84743104e-02   3.35249752e-01           30
sample_158.dat   1.32361785e-01   4.20833867e+04   6.87013686e-01   1.58080006e+01   1.95081607e-02   2.11780101e-01           28
sample_159.dat   1.11282557e-01   6.16584688e+04   6.86951697e-01   1.58080006e+01   2.72182487e-02   3.04629624e-01           29
sample_160.dat   1.13831297e-01   5.80862266e+04   6.88104510e-01   1.58080006e+01   1.76095571e-02   4.34023738e-01           22
sample_161.dat   1.21879593e-01   5.02394062e+04   6.89467549e-01   1.58080006e+01   1.53843565e-02   2.83532679e-01           28
sample_162.dat   1.14616483e-01   5.74809375e+04   6.89785719e-01   1.58080006e+01   1.87764615e-02   1.83783054e-01           26
sample_163.dat   1.20605066e-01   5.10807695e+04   6.89455748e-01   1.58080006e+01   3.29152271e-02   5.17372370e-01           25
sample_164.dat   1.19523637e-01   5.26755039e+04   6.87404215e-01   1.58080006e+01   9.23165586e-03   3.61352921e-01           28
sample_165.dat   1.23016804e-01   4.94692578e+04   6.88764036e-01   1.58080006e+01   2.24322118e-02   2.80378550e-01           26
sample_166.dat   1.46306425e-01   3.30542891e+04   6.87669754e-01   1.58080006e+01   2.06576362e-02   3.90630096e-01           24
sample_167.dat   1.07006118e-01   6.73871406e+04   6.89423561e-01   1.58080006e+01   2.38214955e-02   2.92269170e-01           24
sample_168.dat   1.34066299e-01   4.01399102e+04   6.89276338e-01   1.58080006e+01   2.58569084e-02   2.11972907e-01           24
sample_169.dat   1.35133982e-01   3.97488125e+04   6.88794672e-01   1.58080006e+01   1.39917834e-02   2.06113711e-01           28
sample_170.dat   1.10601760e-01   6.33779102e+04   6.87681675e-01   1.58080006e+01   1.12020876e-02   4.12173420e-01           26
sample_171.dat   1.16063952e-01   5.58044219e+04   6.89230263e-01   1.58080006e+01   1.53353643e-02   1.53040364e-01           25
sample_172.dat   1.19834036e-01   5.18509844e+04   6.89822018e-01   1.58080006e+01   8.28952994e-03   1.71663806e-01           25
sample_173.dat   1.25157371e-01   4.71082227e+04   6.87913299e-01   1.58080006e+01   9.75654833e-03   4.82284039e-01           25
sample_174.dat   1.08038373e-01   6.64047891e+04   6.83935881e-01   1.58080006e+01   1.03285965e-02   2.06946373e-01           27
sample_175.dat   1.27169296e-01   4.53166719e+04   6.89646602e-01   1.58080006e+01   1.50959883e-02   3.68110150e-01           24
sample_176.dat   1.19787514e-01   5.16676328e+04   6.89738989e-01   1.58080006e+01   2.68557929e-02   1.58786550e-01           28
sample_177.dat   1.56364635e-01   2.87262051e+04   6.88159525e-01   1.58080006e+01   2.08692662e-02   3.00721139e-01           29
sample_178.dat   1.24960564e-01   4.67295391e+04   6.89467669e-01   1.58080006e+01   3.87364998e-03   5.68084717e-01           29
sample_179.dat   1.18169293e-01   5.46181758e+04   6.89429998e-01   1.58080006e+01   1.79477595e-02   2.17171580e-01           30
sample_180.dat   1.14489011e-01   5.77203477e+04   6.89618587e-01   1.58080006e+01   5.83839696e-03   3.03859651e-01           29
sample_181.dat   1.13671586e-01   5.90857422e+04   6.89020693e-01   1.58080006e+01   1.07758641e-02   1.93336293e-01           28
sample_182.dat   1.09972209e-01   6.31389531e+04   6.89218283e-01   1.58080006e+01   2.01124772e-02   2.09863052e-01           26
sample_183.dat   1.25878006e-01   4.61436250e+04   6.87031507e-01   1.58080006e+01   2.39288323e-02   2.89310694e-01           24
sample_184.dat   1.09965540e-01   6.46132734e+04   6.89189672e-01   1.58080006e+01   2.81670224e-02   3.16274375e-01           27
sample_185.dat   1.24895565e-01   4.70660391e+04   6.89822018e-01   1.58080006e+01   1.54640684e-02   4.18689489e-01           25
sample_186.dat   1.11667864e-01   6.18347852e+04   6.89634383e-01   1.58080006e+01   2.90312078e-02   2.17905015e-01           26
sample_187.dat   1.17390625e-01   5.52834492e+04   6.89507544e-01   1.58080006e+01   1.32635124e-02   4.58625466e-01           27
sample_188.dat   1.36842549e-01   3.81006719e+04   6.89078271e-01   1.58080006e+01   9.87551920e-03   5.13731122e-01           21
sample_189.dat   1.11005440e-01   6.22826406e+04   6.89804912e-01   1.58080006e+01   6.45229593e-03   5.27563810e-01           25
sample_190.dat   1.28349021e-01   4.52959766e+04   6.89310074e-01   1.58080006e+01   1.76642668e-02   4.19156998e-01           23
sample_191.dat   1.19463384e-01   5.28779766e+04   6.89634383e-01   1.58080006e+01   2.27166768e-02   2.92468458e-01           24
sample_192.dat   1.27167791e-01   4.52008828e+04   6.89667404e-01   1.58080006e+01   1.16343088e-02   2.61749953e-01           27
sample_193.dat   1.15446076e-01   5.71866641e+04   6.87687159e-01   1.58080006e+01   2.00917050e-02   1.36621788e-01           27
sample_194.dat   1.19319811e-01   5.36961602e+04   6.83596969e-01   1.58080006e+01   1.90683231e-02   2.64866352e-01           30
sample_195.dat   1.33943677e-01   4.06672500e+04   6.89121723e-01   1.58080006e+01   1.91071685e-02   2.96666682e-01           24
sample_196.dat   1.21536486e-01   4.97217422e+04   6.88480020e-01   1.58080006e+01   1.76736973e-02   4.63071257e-01           27
sample_197.dat   1.28906310e-01   4.41645078e+04   6.86784089e-01   1.58080006e+01   2.53828876e-02   1.90912381e-01           29
sample_198.dat   1.18092775e-01   5.40602578e+04   6.88765407e-01   1.58080006e+01   2.33252272e-02   2.12535605e-01           24
sample_199.dat   1.28634736e-01   4.50928398e+04   6.88594103e-01   1.58080006e+01   7.59181287e-03   4.47661728e-01           29
sample_200.dat   1.24268174e-01   1.01006141e+05   6.89733446e-01   3.38129997e+01   1.64665766e-02   1.43225312e-01           28
sample_201.dat   1.35191917e-01   8.40014375e+04   6.89788938e-01   3.38129997e+01   1.41686955e-02   1.36663482e-01           27
sample_202.dat   1.29238248e-01   9.35268047e+04   6.88405633e-01   3.38129997e+01   1.34633109e-02   3.32258224e-01           26
sample_203.dat   1.21121317e-01   1.08052945e+05   6.89751208e-01   3.38129997e+01   1.74492020e-02   2.32125282e-01           26
sample_204.dat   1.24246061e-01   1.01518719e+05   6.89518452e-01   3.38129997e+01   1.69675108e-02   4.50480074e-01           29
sample_205.dat   1.28757074e-01   9.36261094e+04   6.89732075e-01   3.38129997e+01   1.16348723e-02   5.60354114e-01           29
sample_206.dat   1.23298317e-01   1.03891641e+05   6.88907504e-01   3.38129997e+01   4.48198104e-03   1.57635823e-01           29
sample_207.dat   1.24341950e-01   1.02762633e+05   6.89624310e-01   3.38129997e+01   1.12857362e-02   3.19734812e-01           28
sample_208.dat   1.32433191e-01   8.73689141e+04   6.89621270e-01   3.38129997e+01   7.21258717e-03   2.65950412e-01           26
sample_209.dat   1.19578540e-01   1.11164305e+05   6.89586103e-01   3.38129997e+01   2.00853571e-02   6.26367509e-01           25
sample_210.dat   1.33348003e-01   8.63356719e+04   6.88654363e-01   3.38129997e+01   8.07557814e-03   3.93163532e-01           26
sample_211.dat   1.20493069e-01   1.08796328e+05   6.89618707e-01   3.38129997e+01   1.22827729e-02   2.09308922e-01           26
sample_212.dat   1.29339516e-01   9.31397656e+04   6.89558029e-01   3.38129997e+01   9.88990255e-03   1.12625614e-01           28
sample_213.dat   1.38087809e-01   8.00602812e+04   6.89732254e-01   3.38129997e+01   1.15157114e-02   5.50957561e-01           27
sample_214.dat   1.27573580e-01   9.53360625e+04   6.89814091e-01   3.38129997e+01   5.79601945e-03   4.15440440e-01           29
sample_215.dat   1.25209332e-01   1.00283367e+05   6.88733816e-01   3.38129997e+01   2.95353066e-02   2.34438732e-01           27
sample_216.dat   1.34652078e-01   8.44491172e+04   6.89497173e-01   3.38129997e+01   2.03277469e-02   1.98372439e-01           27
sample_217.dat   1.38303101e-01   8.02507656e+04   6.89435601e-01   3.38129997e+01   1.52697423e-02   1.75998792e-01           28
sample_218.dat   1.32242680e-01   8.78213203e+04   6.89642549e-01   3.38129997e+01   8.08741525e-03   1.81607425e-01           27
sample_219.dat   1.25770435e-01   9.90677266e+04   6.89750850e-01   3.38129997e+01   1.41108874e-02   1.68622881e-01           27
sample_220.dat   1.25912145e-01   9.96542891e+04   6.89512432e-01   3.38129997e+01   1.48043167e-02   2.01659456e-01           30
sample_221.dat   1.26130626e-01   9.82325469e+04   6.89752936e-01   3.38129997e+01   6.72962330e-03   1.59588829e-01           27
sample_222.dat   1.30957887e-01   9.04650938e+04   6.89676523e-01   3.38129997e+01   1.33491615e-02   2.45090291e-01           28
sample_223.dat   1.18083075e-01   1.13788703e+05   6.89521194e-01   3.38129997e+01   1.22295404e-02   1.72879085e-01           26
sample_224.dat   1.30406573e-01   9.05186172e+04   6.88405633e-01   3.38129997e+01   1.10577466e-02   2.25901395e-01           27
sample_225.dat   1.40930489e-01   7.63165469e+04   6.89817905e-01   3.38129997e+01   1.78337190e-02   2.98923165e-01           29
sample_226.dat   1.25635907e-01   9.93592812e+04   6.89510584e-01   3.38129997e+01   2.23390535e-02   2.59116828e-01           29
sample_227.dat   1.14171438e-01   1.22325570e+05   6.89534009e-01   3.38129997e+01   1.65417623e-02   3.51125747e-01           23
sample_228.dat   1.21094711e-01   1.08597062e+05   6.89429998e-01   3.38129997e+01   1.43041341e-02   2.40688786e-01           24
sample_229.dat   1.32345051e-01   8.84357656e+04   6.89577341e-01   3.38129997e+01   2.04874892e-02   1.33628786e-01           29
sample_230.dat   1.27704844e-01   9.58025938e+04   6.89524710e-01   3.38129997e+01   1.04977479e-02   2.40078807e-01           29
sample_231.dat   1.29882798e-01   9.18219922e+04   6.89439714e-01   3.38129997e+01   1.85562670e-02   2.05470666e-01           28
sample_232.dat   1.31376803e-01   8.95272109e+04   6.89230859e-01   3.38129997e+01   1.65925082e-02   6.95282638e-01           26
sample_233.dat   1.24307230e-01   1.01727219e+05   6.89529955e-01   3.38129997e+01   1.22705027e-02   9.07486975e-01           25
sample_234.dat   1.32208198e-01   8.81137422e+04   6.89799428e-01   3.38129997e+01   1.41965188e-02   3.68030101e-01           26
sample_235.dat   1.21815853e-01   1.06950844e+05   6.89357460e-01   3.38129997e+01   1.45479850e-02   1.85924724e-01           30
sample_236.dat   1.24907903e-01   1.00275359e+05   6.89518452e-01   3.38129997e+01   2.15926170e-02   2.78493166e-01           27
sample_237.dat   1.26862735e-01   9.73590312e+04   6.88668847e-01   3.38129997e+01   1.56857446e-02   1.33511245e-01           25
sample_238.dat   1.20143317e-01   1.10237453e+05   6.89497173e-01   3.38129997e+01   9.19234939e-03   2.14631736e-01           27
sample_239.dat   1.32791176e-01   8.70357812e+04   6.89309061e-01   3.38129997e+01   1.03771649e-02   1.60578161e-01           23
sample_240.dat   1.26220033e-01   9.84137891e+04   6.89469397e-01   3.38129997e+01   8.66538938e-03   1.57893851e-01           27
sample_241.dat   1.31669417e-01   8.90201328e+04   6.86743200e-01   3.38129997e+01   1.03136580e-02   5.79861104e-01           26
sample_242.dat   1.25705481e-01   1.00020953e+05   6.89640760e-01   3.38129997e+01   1.62741020e-02   1.44447818e-01           30
sample_243.dat   1.22333348e-01   1.06726070e+05   6.89550400e-01   3.38129997e+01   1.58441607e-02   3.77982080e-01           29
sample_244.dat   1.23907998e-01   1.02741047e+05   6.89686835e-01   3.38129997e+01   1.31420093e-02   2.83838242e-01           30
sample_245.dat   1.24086767e-01   1.02018703e+05   6.88405991e-01   3.38129997e+01   1.45046245e-02   3.65372330e-01           27
sample_246.dat   1.28400177e-01   9.50548359e+04   6.89060450e-01   3.38129997e+01   1.09533696e-02   3.99460703e-01           29
sample_247.dat   1.14231795e-01   1.25408320e+05   6.89243495e-01   3.38129997e+01   1.01541942e-02   2.76533335e-01           28
sample_248.dat   1.29187822e-01   9.27575625e+04   6.89634442e-01   3.38129997e+01   1.44614419e-02   8.29691440e-02           29
sample_249.dat   1.21110611e-01   1.08256078e+05   6.89758718e-01   3.38129997e+01   1.63751803e-02   2.63882577e-01           26
sample_250.dat   1.19838007e-01   1.10658586e+05   6.89278901e-01   3.38129997e+01   7.87778012e-03   6.04907453e-01           22
sample_251.dat   1.24071166e-01   1.02281227e+05   6.89685941e-01   3.38129997e+01   2.17138194e-02   3.48764896e-01           28
sample_252.dat   1.32001936e-01   8.85699609e+04   6.89509928e-01   3.38129997e+01   1.35202138e-02   1.86883479e-01           27
sample_253.dat   1.23799019e-01   1.02542047e+05   6.89788342e-01   3.38129997e+01   1.61708519e-02   3.31515104e-01           29
sample_254.dat   1.27774477e-01   9.46197500e+04   6.89451694e-01   3.38129997e+01   9.48446151e-03   1.88632756e-01           27
sample_255.dat   1.26139373e-01   9.95722188e+04   6.89399600e-01   3.38129997e+01   1.36099933e-02   3.82115632e-01           28
sample_256.dat   1.17265061e-01   1.17493383e+05   6.89482450e-01   3.38129997e+01   1.43648600e-02   1.90838411e-01           28
sample_257.dat   1.41836077e-01   7.56870391e+04   6.89382493e-01   3.38129997e+01   1.91047732e-02   2.24775776e-01           29
sample_258.dat   1.34852171e-01   8.44602344e+04   6.89515173e-01   3.38129997e+01   1.29789989e-02   1.43656448e-01           24
sample_259.dat   1.20936207e-01   1.09785180e+05   6.89382493e-01   3.38129997e+01   1.72221679e-02   1.58134758e-01           27
sample_260.dat   1.26093090e-01   9.76763672e+04   6.89615726e-01   3.38129997e+01   9.61796753e-03   2.01572418e-01           24
sample_261.dat   1.25315920e-01   9.97718438e+04   6.88775837e-01   3.38129997e+01   1.46448100e-02   1.30645171e-01           26
sample_262.dat   1.26955777e-01   9.71151094e+04   6.89582169e-01   3.38129997e+01   1.55231319e-02   2.13614374e-01           28
sample_263.dat   1.15819328e-01   1.19233617e+05   6.89715981e-01   3.38129997e+01   1.03883734e-02   5.17586946e-01           24
sample_264.dat   1.36821061e-01   8.13524531e+04   6.89698458e-01   3.38129997e+01   1.04855318e-02   1.77221850e-01           26
sample_265.dat   1.35564074e-01   8.41919922e+04   6.89440787e-01   3.38129997e+01   2.88266991e-03   1.54144391e-01           28
sample_266.dat   1.37562975e-01   8.08339922e+04   6.89360857e-01   3.38129997e+01   4.76670172e-03   1.23078197e-01           29
sample_267.dat   1.24664851e-01   1.00178828e+05   6.88318133e-01   3.38129997e+01   2.02561840e-02   1.68123215e-01           26
sample_268.dat   1.20837636e-01   1.08050555e+05   6.89643502e-01   3.38129997e+01   1.28700584e-02   3.45585972e-01           27
sample_269.dat   1.15300640e-01   1.21375297e+05   6.88745499e-01   3.38129997e+01   1.26163969e-02   1.16136931e-01           30
sample_270.dat   1.31812871e-01   8.86535703e+04   6.89373791e-01   3.38129997e+01   1.58880819e-02   1.66982025e-01           30
sample_271.dat   1.16048589e-01   1.19753688e+05   6.88467324e-01   3.38129997e+01   1.61820408e-02   1.53407454e-01           29
sample_272.dat   1.19172871e-01   1.12379391e+05   6.89595819e-01   3.38129997e+01   1.85106490e-02   2.18189612e-01           29
sample_273.dat   1.16475366e-01   1.17677469e+05   6.89571440e-01   3.38129997e+01   1.32584870e-02   2.86033005e-01           24
sample_274.dat   1.19888626e-01   1.11068055e+05   6.88835025e-01   3.38129997e+01   2.07893923e-02   2.39254385e-01           29
sample_275.dat   1.18938431e-01   1.13129086e+05   6.89455748e-01   3.38129997e+01   1.39122643e-02   3.63616258e-01           26
sample_276.dat   1.32017344e-01   8.76646641e+04   6.89135015e-01   3.38129997e+01   1.63645670e-02   1.03758089e-01           25
sample_277.dat   1.23797871e-01   1.02976375e+05   6.89634442e-01   3.38129997e+01   1.75394155e-02   2.82720745e-01           25
sample_278.dat   1.31495237e-01   8.93335156e+04   6.89510584e-01   3.38129997e+01   1.99858397e-02   2.95367271e-01           25
sample_279.dat   1.14824817e-01   1.22533781e+05   6.89509928e-01   3.38129997e+01   2.26607881e-02   1.97945848e-01           28
sample_280.dat   1.37846664e-01   8.02303516e+04   6.89336002e-01   3.38129997e+01   1.13734780e-02   1.45548746e-01           27
sample_281.dat   1.31685078e-01   8.98643359e+04   6.89481199e-01   3.38129997e+01   6.74504321e-03   2.27825731e-01           28
sample_282.dat   1.29924342e-01   9.15382734e+04   6.89807534e-01   3.38129997e+01   1.34966020e-02   7.70828798e-02           26
sample_283.dat   1.24241792e-01   1.02117133e+05   6.88987255e-01   3.38129997e+01   6.52002357e-03   2.97479540e-01           28
sample_284.dat   1.17056273e-01   1.16901539e+05   6.89750850e-01   3.38129997e+01   1.38767902e-02   1.44679815e-01           27
sample_285.dat   1.33402541e-01   8.65286875e+04   6.89782023e-01   3.38129997e+01   1.57481171e-02   1.79606155e-01           28
sample_286.dat   1.33678794e-01   8.61824375e+04   6.89398289e-01   3.38129997e+01   1.61210019e-02   2.84913331e-01           28
sample_287.dat   1.39241591e-01   7.86403125e+04   6.89719737e-01   3.38129997e+01   8.29201005e-03   9.06147286e-02           28
sample_288.dat   1.26698464e-01   9.73133594e+04   6.89780891e-01   3.38129997e+01   1.64257195e-02   3.89464885e-01           27
sample_289.dat   1.19893387e-01   1.10753422e+05   6.89780891e-01   3.38129997e+01   2.73458064e-02   1.43477947e-01           25
sample_290.dat   1.23864137e-01   1.01456977e+05   6.89020693e-01   3.38129997e+01   1.87802091e-02   1.24310084e-01           26
sample_291.dat   1.21188231e-01   1.07980273e+05   6.89626634e-01   3.38129997e+01   1.22206612e-02   3.34070235e-01           29
sample_292.dat   1.23839654e-01   1.01955203e+05   6.89343274e-01   3.38129997e+01   2.12742761e-02   1.70090571e-01           29
sample_293.dat   1.18825465e-01   1.12036492e+05   6.89720452e-01   3.38129997e+01   1.22753661e-02   3.18875462e-01           23
sample_294.dat   1.31322891e-01   8.95709219e+04   6.89464927e-01   3.38129997e+01   1.55906677e-02   2.29433700e-01           26
sample_295.dat   1.18477277e-01   1.14201047e+05   6.89648569e-01   3.38129997e+01   1.91173200e-02   2.74147063e-01           26
sample_296.dat   1.33470252e-01   8.77039219e+04   6.89712644e-01   3.38129997e+01   1.34994220e-02   2.67619401e-01           29
sample_297.dat   1.19780868e-01   1.10786078e+05   6.89623594e-01   3.38129997e+01   1.17191169e-02   1.83349535e-01           26
sample_298.dat   1.25039935e-01   1.00897836e+05   6.89455748e-01   3.38129997e+01   1.75784063e-02   1.35909289e-01           28
sample_299.dat   1.15625381e-01   1.20130938e+05   6.89758301e-01   3.38129997e+01   1.29860751e-02   3.87563944e-01           27
sample_300.dat   1.28399521e-01   2.01864547e+05   6.89798176e-01   7.27220001e+01   1.18361916e-02   1.34530455e-01           29
sample_301.dat   1.24836408e-01   2.15137312e+05   6.89219832e-01   7.27220001e+01   1.26565257e-02   7.25082010e-02           29
sample_302.dat   1.27965957e-01   2.04457156e+05   6.89230859e-01   7.27220001e+01   1.20378183e-02   2.41967261e-01           29
sample_303.dat   1.22599162e-01   2.25387953e+05   6.89785719e-01   7.27220001e+01   1.12786256e-02   1.27180070e-01           29
sample_304.dat   1.40133992e-01   1.65359453e+05   6.89519405e-01   7.27220001e+01   1.46881351e-02   2.13385358e-01           24
sample_305.dat   1.27273753e-01   2.04648141e+05   6.89817905e-01   7.27220001e+01   1.26221785e-02   4.79995161e-02           22
sample_306.dat   1.18627146e-01   2.41014438e+05   6.89743280e-01   7.27220001e+01   1.22552756e-02   1.79166317e-01           26
sample_307.dat   1.20849974e-01   2.31969125e+05   6.89661086e-01   7.27220001e+01   1.59730744e-02   4.07847673e-01           26
sample_308.dat   1.29212186e-01   1.99163672e+05   6.89408004e-01   7.27220001e+01   1.34029575e-02   2.19424754e-01           29
sample_309.dat   1.22688800e-01   2.23640500e+05   6.89818501e-01   7.27220001e+01   1.43994763e-02   2.50685304e-01           26
sample_310.dat   1.28979608e-01   2.00377797e+05   6.89770877e-01   7.27220001e+01   9.08195227e-03   1.78060323e-01           28
sample_311.dat   1.30114540e-01   1.97631453e+05   6.89823687e-01   7.27220001e+01   9.62777901e-03   1.09850600e-01           28
sample_312.dat   1.19594857e-01   2.39688531e+05   6.89613044e-01   7.27220001e+01   1.23826424e-02   3.79185647e-01           29
sample_313.dat   1.32187396e-01   1.88710141e+05   6.89418495e-01   7.27220001e+01   1.08580478e-02   2.50234663e-01           29
sample_314.dat   1.25081778e-01   2.14601562e+05   6.89656496e-01   7.27220001e+01   1.23745129e-02   2.28090137e-01           29
sample_315.dat   1.29217610e-01   1.99677984e+05   6.89398289e-01   7.27220001e+01   1.60724875e-02   2.08824292e-01           28
sample_316.dat   1.23221420e-01   2.22042953e+05   6.89613044e-01   7.27220001e+01   1.43135143e-02   3.95842224e-01           27
sample_317.dat   1.24591775e-01   2.16031781e+05   6.89719737e-01   7.27220001e+01   8.14345572e-03   2.46273294e-01           27
sample_318.dat   1.30274087e-01   1.96172328e+05   6.89246535e-01   7.27220001e+01   1.34950550e-02   1.54092640e-01           30
sample_319.dat   1.33964241e-01   1.83164078e+05   6.89464927e-01   7.27220001e+01   9.23445169e-03   1.41136423e-01           26
sample_320.dat   1.25257120e-01   2.14067781e+05   6.89823687e-01   7.27220001e+01   1.46918548e-02   2.56305933e-01           29
sample_321.dat   1.32175103e-01   1.89936266e+05   6.89728081e-01   7.27220001e+01   1.60174482e-02   1.35871932e-01           29
sample_322.dat   1.21856675e-01   2.28424922e+05   6.89050734e-01   7.27220001e+01   1.28798699e-02   2.22493708e-01           27
sample_323.dat   1.28818080e-01   2.00897594e+05   6.89617813e-01   7.27220001e+01   1.29645932e-02   2.44252220e-01           29
sample_324.dat   1.31956667e-01   1.90037562e+05   6.89719737e-01   7.27220001e+01   1.28053380e-02   2.12343931e-01           26
sample_325.dat   1.30103841e-01   1.95921516e+05   6.89712644e-01   7.27220001e+01   1.05851991e-02   3.25295061e-01           27
sample_326.dat   1.31937474e-01   1.89708375e+05   6.89672709e-01   7.27220001e+01   9.99359693e-03   1.81847602e-01           28
sample_327.dat   1.24240927e-01   2.15977656e+05   6.89408004e-01   7.27220001e+01   1.37189887e-02   5.35263181e-01           25
sample_328.dat   1.26263514e-01   2.09427203e+05   6.89598262e-01   7.27220001e+01   8.99726991e-03   2.25390449e-01           27
sample_329.dat   1.32659674e-01   1.86675922e+05   6.89788938e-01   7.27220001e+01   1.41347693e-02   6.03831351e-01           26
sample_330.dat   1.18607946e-01   2.42376938e+05   6.89550459e-01   7.27220001e+01   1.16707925e-02   1.80472419e-01           24
sample_331.dat   1.29634455e-01   1.97432188e+05   6.89816952e-01   7.27220001e+01   1.65312476e-02   1.25499621e-01           29
sample_332.dat   1.23852417e-01   2.20449391e+05   6.89822018e-01   7.27220001e+01   1.19381873e-02   2.34144986e-01           29
sample_333.dat   1.25488073e-01   2.12331312e+05   6.89698994e-01   7.27220001e+01   1.40767256e-02   2.35426262e-01           28
sample_334.dat   1.32799953e-01   1.87038594e+05   6.89240098e-01   7.27220001e+01   1.49878506e-02   2.67682523e-01           28
sample_335.dat   1.31265566e-01   1.92142766e+05   6.89642251e-01   7.27220001e+01   1.44772697e-02   1.07069820e-01           29
sample_336.dat   1.31773397e-01   1.90728984e+05   6.89712644e-01   7.27220001e+01   1.60978232e-02   2.23372683e-01           28
sample_337.dat   1.36960328e-01   1.74961578e+05   6.89497173e-01   7.27220001e+01   1.44097554e-02   2.82075167e-01           29
sample_338.dat   1.30832225e-01   1.95147953e+05   6.89613998e-01   7.27220001e+01   1.30559010e-02   3.49116176e-01           30
sample_339.dat   1.21256314e-01   2.29936000e+05   6.89785719e-01   7.27220001e+01   1.15271145e-02   3.40164512e-01           26
sample_340.dat   1.26931369e-01   2.06869125e+05   6.89341009e-01   7.27220001e+01   1.19724032e-02   1.74536511e-01           27
sample_341.dat   1.32027939e-01   1.88672906e+05   6.89303577e-01   7.27220001e+01   1.00139091e-02   1.25113904e-01           26
sample_342.dat   1.23711184e-01   2.20483906e+05   6.89758718e-01   7.27220001e+01   5.07781142e-03   2.40801275e-01           27
sample_343.dat   1.22506008e-01   2.24000141e+05   6.89831376e-01   7.27220001e+01   1.30986134e-02   2.85381824e-01           27
sample_344.dat   1.33606419e-01   1.86183250e+05   6.89663410e-01   7.27220001e+01   1.28393155e-02   1.42951742e-01           29
sample_345.dat   1.20631196e-01   2.31856141e+05   6.89766824e-01   7.27220001e+01   1.31972088e-02   2.28599906e-01           23
sample_346.dat   1.30791873e-01   1.93589125e+05   6.89746499e-01   7.27220001e+01   8.83253105e-03   3.08771491e-01           27
sample_347.dat   1.28680900e-01   2.00995016e+05   6.89822018e-01   7.27220001e+01   6.47612521e-03   2.06302777e-01           25
sample_348.dat   1.33402750e-01   1.84890109e+05   6.89831913e-01   7.27220001e+01   1.50351431e-02   1.63308755e-01           29
sample_349.dat   1.28230006e-01   2.04233109e+05   6.89788342e-01   7.27220001e+01   1.07355220e-02   2.57407069e-01           29
sample_350.dat   1.29407033e-01   1.99441062e+05   6.89661622e-01   7.27220001e+01   1.54644623e-02   1.79244652e-01           28
sample_351.dat   1.39487088e-01   1.66270188e+05   6.89623177e-01   7.27220001e+01   1.11711714e-02   2.23393455e-01           28
sample_352.dat   1.31030872e-01   1.92890719e+05   6.89831376e-01   7.27220001e+01   1.20599065e-02   1.61057383e-01           27
sample_353.dat   1.35874882e-01   1.77675609e+05   6.89553678e-01   7.27220001e+01   9.03539825e-03   2.03970715e-01           28
sample_354.dat   1.20701641e-01   2.32871172e+05   6.89582169e-01   7.27220001e+01   7.34637491e-03   1.86974823e-01           27
sample_355.dat   1.27003640e-01   2.07231062e+05   6.89809442e-01   7.27220001e+01   9.46232211e-03   4.06231046e-01           26
sample_356.dat   1.31193176e-01   1.92279891e+05   6.89787507e-01   7.27220001e+01   1.61289237e-02   1.17560647e-01           24
sample_357.dat   1.29203334e-01   1.98051547e+05   6.89391792e-01   7.27220001e+01   1.11132264e-02   1.48517087e-01           25
sample_358.dat   1.26990363e-01   2.06718125e+05   6.88913047e-01   7.27220001e+01   1.05407005e-02   9.27842855e-02           26
sample_359.dat   1.35987192e-01   1.77895938e+05   6.89510584e-01   7.27220001e+01   2.05482282e-02   1.42604381e-01           27
sample_360.dat   1.28890216e-01   2.00073109e+05   6.89617813e-01   7.27220001e+01   1.59631353e-02   1.80810407e-01           25
sample_361.dat   1.27186581e-01   2.06193328e+05   6.89640462e-01   7.27220001e+01   1.37383137e-02   1.95580974e-01           27
sample_362.dat   1.25179708e-01   2.12488312e+05   6.89766824e-01   7.27220001e+01   8.91130231e-03   8.03161487e-02           27
sample_363.dat   1.26139104e-01   2.10840188e+05   6.89787507e-01   7.27220001e+01   1.98062621e-02   2.52815127e-01           27
sample_364.dat   1.34033754e-01   1.83209172e+05   6.89801812e-01   7.27220001e+01   1.45953652e-02   1.44298449e-01           27
sample_365.dat   1.25423759e-01   2.11954172e+05   6.89634442e-01   7.27220001e+01   6.29944820e-03   1.24414802e-01           26
sample_366.dat   1.32838264e-01   1.87432922e+05   6.89817429e-01   7.27220001e+01   1.14260884e-02   1.04980275e-01           28
sample_367.dat   1.35383621e-01   1.80428547e+05   6.89078271e-01   7.27220001e+01   1.65640693e-02   2.46648952e-01           28
sample_368.dat   1.26824006e-01   2.08234016e+05   6.89807534e-01   7.27220001e+01   1.31994737e-02   2.02818960e-01           30
sample_369.dat   1.22608148e-01   2.25429234e+05   6.89223289e-01   7.27220001e+01   8.26762244e-03   2.73520619e-01           30
sample_370.dat   1.30822912e-01   1.92430766e+05   6.89732075e-01   7.27220001e+01   1.14247845e-02   3.06188405e-01           28
sample_371.dat   1.22082837e-01   2.26008109e+05   6.89482450e-01   7.27220001e+01   1.45474756e-02   1.36215463e-01           28
sample_372.dat   1.23215020e-01   2.22161078e+05   6.89780891e-01   7.27220001e+01   9.21389461e-03   3.07434648e-01           29
sample_373.dat   1.29007742e-01   1.99919203e+05   6.89770877e-01   7.27220001e+01   1.18095325e-02   1.73235998e-01           28
sample_374.dat   1.31907716e-01   1.90072766e+05   6.89068913e-01   7.27220001e+01   1.90006495e-02   1.98915273e-01           27
sample_375.dat   1.28121004e-01   2.03525203e+05   6.89807534e-01   7.27220001e+01   8.43267236e-03   3.03646177e-01           28
sample_376.dat   1.25342250e-01   2.12353344e+05   6.89786553e-01   7.27220001e+01   1.52497962e-02   3.93708944e-01           25
sample_377.dat   1.32090509e-01   1.90343203e+05   6.89746499e-01   7.27220001e+01   1.60098169e-02   1.66966289e-01           28
sample_378.dat   1.28087506e-01   2.03930953e+05   6.89831913e-01   7.27220001e+01   1.26395561e-02   2.62756586e-01           29
sample_379.dat   1.26723424e-01   2.09361953e+05   6.89787507e-01   7.27220001e+01   1.60590783e-02   1.05873235e-01           28
sample_380.dat   1.28269985e-01   2.02942312e+05   6.89738512e-01   7.27220001e+01   1.60371680e-02   1.99590057e-01           28
sample_381.dat   1.25571698e-01   2.13232969e+05   6.89230859e-01   7.27220001e+01   1.14924079e-02   1.33688673e-01           27
sample_382.dat   1.30738646e-01   1.93079781e+05   6.89822495e-01   7.27220001e+01   1.20772263e-02   3.33152324e-01           29
sample_383.dat   1.39478102e-01   1.68869562e+05   6.89661086e-01   7.27220001e+01   7.20188441e-03   1.64901584e-01           28
sample_384.dat   1.17295742e-01   2.48569953e+05   6.89743519e-01   7.27220001e+01   1.24533977e-02   8.87896955e-01           25
sample_385.dat   1.43939734e-01   1.56086094e+05   6.89719737e-01   7.27220001e+01   1.84180606e-02   1.25519097e-01           30
sample_386.dat   1.29624024e-01   1.98900438e+05   6.89799428e-01   7.27220001e+01   1.41023910e-02   1.07868895e-01           28
sample_387.dat   1.33425444e-01   1.85853859e+05   6.88601077e-01   7.27220001e+01   1.87894814e-02   1.48250565e-01           28
sample_388.dat   1.30426005e-01   1.95471812e+05   6.89696014e-01   7.27220001e+01   1.02725765e-02   1.30564645e-01           28
sample_389.dat   1.32652104e-01   1.86363672e+05   6.89770877e-01   7.27220001e+01   1.64933093e-02   1.18662402e-01           26
sample_390.dat   1.28026307e-01   2.02328875e+05   6.89788938e-01   7.27220001e+01   1.06124775e-02   3.00866812e-01           27
sample_391.dat   1.30615264e-01   1.94525844e+05   6.89784110e-01   7.27220001e+01   1.85278188e-02   2.07462072e-01           26
sample_392.dat   1.29924521e-01   1.97717438e+05   6.89698994e-01   7.27220001e+01   1.13945240e-02   1.10028483e-01           29
sample_393.dat   1.25824630e-01   2.10251656e+05   6.89782023e-01   7.27220001e+01   1.14453901e-02   1.71869308e-01           26
sample_394.dat   1.26829728e-01   2.08409562e+05   6.89553142e-01   7.27220001e+01   7.52160093e-03   1.13362148e-01           28
sample_395.dat   1.31411657e-01   1.92190266e+05   6.89228773e-01   7.27220001e+01   1.37813035e-02   2.11696237e-01           28
sample_396.dat   1.24374300e-01   2.16550438e+05   6.89822495e-01   7.27220001e+01   1.33216167e-02   3.35907936e-01           29
sample_397.dat   1.27317980e-01   2.06171531e+05   6.89551234e-01   7.27220001e+01   1.61271896e-02   1.67824745e-01           29
sample_398.dat   1.27669290e-01   2.03730594e+05   6.89814091e-01   7.27220001e+01   2.10984983e-02   2.68023998e-01           29
sample_399.dat   1.21947728e-01   2.26651984e+05   6.89752936e-01   7.27220001e+01   2.01541260e-02   1.78694367e-01           24
sample_400.dat   1.28900945e-01   4.46428125e+05   6.89823687e-01   1.61602997e+02   1.02686305e-02   1.93732530e-01           30
sample_401.dat   1.31975323e-01   4.20665719e+05   6.89785719e-01   1.61602997e+02   8.88160057e-03   1.51777923e-01           30
sample_402.dat   1.30881473e-01   4.27541688e+05   6.89798176e-01   1.61602997e+02   1.14300633e-02   1.54303223e-01           25
sample_403.dat   1.26945287e-01   4.61426438e+05   6.89634383e-01   1.61602997e+02   1.26054790e-02   1.30664483e-01           30
sample_404.dat   1.33016497e-01   4.12118000e+05   6.89814091e-01   1.61602997e+02   7.57316966e-03   6.23839013e-02           25
sample_405.dat   1.23657696e-01   4.85193156e+05   6.89836979e-01   1.61602997e+02   1.13129131e-02   2.37685889e-01           26
sample_406.dat   1.30957916e-01   4.29140062e+05   6.89807534e-01   1.61602997e+02   8.68031289e-03   1.82700545e-01           28
sample_407.dat   1.34780705e-01   4.01376188e+05   6.89817905e-01   1.61602997e+02   1.21681457e-02   1.37093365e-01           29
sample_408.dat   1.26177624e-01   4.65355531e+05   6.89758718e-01   1.61602997e+02   1.11926338e-02   3.64011139e-01           27
sample_409.dat   1.25674263e-01   4.69699125e+05   6.89623177e-01   1.61602997e+02   8.54639430e-03   1.85581028e-01           27
sample_410.dat   1.28210187e-01   4.50825312e+05   6.89797461e-01   1.61602997e+02   1.06328651e-02   1.23945042e-01           30
sample_411.dat   1.26391515e-01   4.61989188e+05   6.89817429e-01   1.61602997e+02   1.30008198e-02   1.91869795e-01           27
sample_412.dat   1.32132724e-01   4.18034281e+05   6.89807534e-01   1.61602997e+02   8.99067055e-03   1.10056877e-01           28
sample_413.dat   1.31837949e-01   4.19997469e+05   6.89836979e-01   1.61602997e+02   1.55814067e-02   1.89849243e-01           27
sample_414.dat   1.23999923e-01   4.84563219e+05   6.89799428e-01   1.61602997e+02   1.08017521e-02   1.14446171e-01           26
sample_415.dat   1.25337064e-01   4.72781312e+05   6.89831376e-01   1.61602997e+02   8.58042110e-03   1.97442368e-01           26
sample_416.dat   1.30821005e-01   4.28477625e+05   6.89743280e-01   1.61602997e+02   1.10129518e-02   2.71374971e-01           28
sample_417.dat   1.25995964e-01   4.66178812e+05   6.89712882e-01   1.61602997e+02   1.29781738e-02   3.82710159e-01           28
sample_418.dat   1.37058303e-01   3.85928562e+05   6.89794183e-01   1.61602997e+02   1.39312921e-02   1.42368466e-01           29
sample_419.dat   1.30948961e-01   4.26226969e+05   6.89464569e-01   1.61602997e+02   1.60198826e-02   9.29403305e-02           24
sample_420.dat   1.31524876e-01   4.25272719e+05   6.89836979e-01   1.61602997e+02   1.45571418e-02   9.58663970e-02           29
sample_421.dat   1.30289406e-01   4.34092688e+05   6.89809799e-01   1.61602997e+02   1.62903648e-02   1.13803320e-01           30
sample_422.dat   1.29419699e-01   4.39967344e+05   6.89794183e-01   1.61602997e+02   8.85682460e-03   1.63395286e-01           29
sample_423.dat   1.27050951e-01   4.58780688e+05   6.89798176e-01   1.61602997e+02   1.03458287e-02   1.15633808e-01           28
sample_424.dat   1.35127217e-01   3.97989094e+05   6.89831913e-01   1.61602997e+02   1.24013387e-02   1.13025472e-01           29
sample_425.dat   1.29721045e-01   4.37887188e+05   6.89754248e-01   1.61602997e+02   1.64762307e-02   1.38130486e-01           28
sample_426.dat   1.29331052e-01   4.40316906e+05   6.89732075e-01   1.61602997e+02   1.31632695e-02   3.47158104e-01           28
sample_427.dat   1.28033772e-01   4.50151938e+05   6.89766824e-01   1.61602997e+02   1.21356053e-02   1.28074184e-01           27
sample_428.dat   1.28222868e-01   4.48956375e+05   6.89618587e-01   1.61602997e+02   9.70870163e-03   1.52004987e-01           30
sample_429.dat   1.29896745e-01   4.32680344e+05   6.89822495e-01   1.61602997e+02   1.31889377e-02   1.31277278e-01           23
sample_430.dat   1.27634048e-01   4.52575531e+05   6.89788342e-01   1.61602997e+02   1.28523177e-02   1.68179929e-01           26
sample_431.dat   1.28438920e-01   4.47310219e+05   6.89794183e-01   1.61602997e+02   1.15905656e-02   2.25501508e-01           30
sample_432.dat   1.25379011e-01   4.73004750e+05   6.89809442e-01   1.61602997e+02   1.34881334e-02   2.02041566e-01           26
sample_433.dat   1.24842547e-01   4.75401531e+05   6.89836979e-01   1.61602997e+02   1.30480584e-02   8.58307332e-02           27
sample_434.dat   1.21835656e-01   5.06596156e+05   6.89699352e-01   1.61602997e+02   1.69618297e-02   9.23424214e-02           30
sample_435.dat   1.23977132e-01   4.80925781e+05   6.89648569e-01   1.61602997e+02   1.75518934e-02   1.43770739e-01           23
sample_436.dat   1.27778336e-01   4.53221781e+05   6.89642549e-01   1.61602997e+02   9.00948886e-03   2.17021748e-01           27
sample_437.dat   1.23351008e-01   4.89089094e+05   6.89786553e-01   1.61602997e+02   1.22259408e-02   1.73239410e-01           29
sample_438.dat   1.29587010e-01   4.35973344e+05   6.89809799e-01   1.61602997e+02   1.24122975e-02   9.87631455e-02           27
sample_439.dat   1.28300130e-01   4.49832875e+05   6.89752162e-01   1.61602997e+02   9.06118099e-03   2.81211108e-01           28
sample_440.dat   1.23382762e-01   4.90852469e+05   6.89814091e-01   1.61602997e+02   1.21854246e-02   8.01147521e-02           26
sample_441.dat   1.31748468e-01   4.21229938e+05   6.89788342e-01   1.61602997e+02   1.12709897e-02   1.88048825e-01           30
sample_442.dat   1.31793469e-01   4.22629094e+05   6.89807534e-01   1.61602997e+02   1.54964160e-02   9.23870876e-02           30
sample_443.dat   1.28888652e-01   4.42112000e+05   6.89797461e-01   1.61602997e+02   1.07242474e-02   2.99265653e-01           28
sample_444.dat   1.30351409e-01   4.34197156e+05   6.89818501e-01   1.61602997e+02   1.46972323e-02   1.79978222e-01           28
sample_445.dat   1.32327482e-01   4.16355625e+05   6.89832389e-01   1.61602997e+02   1.28800971e-02   2.30614007e-01           26
sample_446.dat   1.26766980e-01   4.60541688e+05   6.89788938e-01   1.61602997e+02   1.40992198e-02   1.95332766e-01           24
sample_447.dat   1.36663288e-01   3.87794031e+05   6.89545929e-01   1.61602997e+02   9.63187218e-03   1.33937106e-01           29
sample_448.dat   1.31178588e-01   4.27848125e+05   6.89754248e-01   1.61602997e+02   1.75708998e-02   2.36896634e-01           29
sample_449.dat   1.34596214e-01   4.00925625e+05   6.89788342e-01   1.61602997e+02   1.27956495e-02   1.03336863e-01           27
sample_450.dat   1.32858470e-01   4.16234625e+05   6.89661086e-01   1.61602997e+02   1.24739055e-02   1.63724720e-01           30
sample_451.dat   1.26076698e-01   4.68211281e+05   6.89738512e-01   1.61602997e+02   1.04076285e-02   1.88216537e-01           26
sample_452.dat   1.26755327e-01   4.58803312e+05   6.89686835e-01   1.61602997e+02   7.80601474e-03   1.20582543e-01           24
sample_453.dat   1.26230597e-01   4.65822906e+05   6.89743280e-01   1.61602997e+02   1.37875341e-02   1.52556181e-01           25
sample_454.dat   1.32044554e-01   4.21579219e+05   6.89831913e-01   1.61602997e+02   7.62428576e-03   1.64503157e-01           30
sample_455.dat   1.26545578e-01   4.62114312e+05   6.89770877e-01   1.61602997e+02   1.29064135e-02   1.86766475e-01           26
sample_456.dat   1.28808945e-01   4.44063938e+05   6.89766049e-01   1.61602997e+02   1.06731169e-02   2.77760565e-01           27
sample_457.dat   1.28795043e-01   4.45748469e+05   6.89698994e-01   1.61602997e+02   1.30999265e-02   1.41717717e-01           30
sample_458.dat   1.27860427e-01   4.50079906e+05   6.89634442e-01   1.61602997e+02   7.60656549e-03   4.07894284e-01           24
sample_459.dat   1.36339650e-01   3.91343875e+05   6.89822018e-01   1.61602997e+02   8.95003323e-03   1.85350120e-01           29
sample_460.dat   1.26256734e-01   4.65876312e+05   6.89753771e-01   1.61602997e+02   1.02723073e-02   2.55961835e-01           28
sample_461.dat   1.25758186e-01   4.71664625e+05   6.89799428e-01   1.61602997e+02   1.33792786e-02   2.49480471e-01           29
sample_462.dat   1.27882600e-01   4.51222062e+05   6.89788222e-01   1.61602997e+02   1.12259369e-02   2.07686439e-01           28
sample_463.dat   1.29619017e-01   4.38380062e+05   6.89817905e-01   1.61602997e+02   8.09326582e-03   1.19396679e-01           29
sample_464.dat   1.31637052e-01   4.23687469e+05   6.89807534e-01   1.61602997e+02   1.28188170e-02   1.05042800e-01           30
sample_465.dat   1.25735775e-01   4.68675188e+05   6.89809442e-01   1.61602997e+02   1.41655132e-02   8.72259364e-02           28
sample_466.dat   1.25513613e-01   4.70381781e+05   6.89634442e-01   1.61602997e+02   9.50053334e-03   2.73654133e-01           27
sample_467.dat   1.27189189e-01   4.57215531e+05   6.89703763e-01   1.61602997e+02   1.57111045e-02   1.60365999e-01           27
sample_468.dat   1.29300594e-01   4.40996781e+05   6.89672709e-01   1.61602997e+02   1.01995179e-02   1.74585834e-01           29
sample_469.dat   1.29297197e-01   4.40422562e+05   6.89656496e-01   1.61602997e+02   1.29586551e-02   2.11483300e-01           27
sample_470.dat   1.27154663e-01   4.56921062e+05   6.89766049e-01   1.61602997e+02   1.24946032e-02   2.19684079e-01           28
sample_471.dat   1.28724664e-01   4.44507156e+05   6.89836979e-01   1.61602997e+02   1.26616098e-02   1.04751199e-01           25
sample_472.dat   1.30997017e-01   4.26168469e+05   6.89750850e-01   1.61602997e+02   5.50793344e-03   3.12761545e-01           25
sample_473.dat   1.24390736e-01   4.81711938e+05   6.89822495e-01   1.61602997e+02   1.21960817e-02   2.85137296e-01           30
sample_474.dat   1.29690260e-01   4.37218188e+05   6.89586103e-01   1.61602997e+02   1.46976216e-02   1.80138096e-01           29
sample_475.dat   1.29278183e-01   4.41410875e+05   6.89822018e-01   1.61602997e+02   1.27604660e-02   1.10123590e-01           28
sample_476.dat   1.26158342e-01   4.64577219e+05   6.89801812e-01   1.61602997e+02   1.48147726e-02   1.32766232e-01           29
sample_477.dat   1.28135785e-01   4.54480062e+05   6.89715981e-01   1.61602997e+02   1.30874682e-02   1.49574891e-01           30
sample_478.dat   1.26655757e-01   4.63679438e+05   6.89719737e-01   1.61602997e+02   1.37878256e-02   1.13576762e-01           28
sample_479.dat   1.29886895e-01   4.35349594e+05   6.89750850e-01   1.61602997e+02   9.47720464e-03   2.23139673e-01           27
sample_480.dat   1.26947746e-01   4.60056688e+05   6.89787507e-01   1.61602997e+02   1.22815324e-02   1.76262215e-01           28
sample_481.dat   1.23044036e-01   4.93800812e+05   6.89676523e-01   1.61602997e+02   1.19501157e-02   1.61390781e-01           29
sample_482.dat   1.28768936e-01   4.43567844e+05   6.89698458e-01   1.61602997e+02   1.02863517e-02   1.43970415e-01           28
sample_483.dat   1.26920581e-01   4.54858000e+05   6.89798176e-01   1.61602997e+02   1.38339903e-02   1.37368575e-01           22
sample_484.dat   1.28378794e-01   4.48321125e+05   6.89758301e-01   1.61602997e+02   1.28874676e-02   9.17326435e-02           27
sample_485.dat   1.36204854e-01   3.90773438e+05   6.89799428e-01   1.61602997e+02   9.77433193e-03   1.27962098e-01           28
sample_486.dat   1.26855806e-01   4.59248000e+05   6.89832389e-01   1.61602997e+02   8.61415174e-03   6.18517816e-01           25
sample_487.dat   1.27564073e-01   4.53957031e+05   6.89712644e-01   1.61602997e+02   7.03063933e-03   1.55462801e-01           29
sample_488.dat   1.35181114e-01   3.98290188e+05   6.89786553e-01   1.61602997e+02   1.01077557e-02   2.24726588e-01           29
sample_489.dat   1.29834488e-01   4.35657719e+05   6.89509928e-01   1.61602997e+02   9.33346152e-03   2.11062491e-01           27
sample_490.dat   1.30264401e-01   4.32411406e+05   6.89831913e-01   1.61602997e+02   9.87904146e-03   1.07552998e-01           27
sample_491.dat   1.33991852e-01   4.06178750e+05   6.89785719e-01   1.61602997e+02   1.02847219e-02   1.35688975e-01           28
sample_492.dat   1.26828432e-01   4.59082750e+05   6.89685941e-01   1.61602997e+02   1.15326252e-02   1.35967746e-01           27
sample_493.dat   1.24258272e-01   4.82501281e+05   6.89787507e-01   1.61602997e+02   1.67416297e-02   2.28098065e-01           28
sample_494.dat   1.27032205e-01   4.58360031e+05   6.89799428e-01   1.61602997e+02   1.08506102e-02   1.87170610e-01           28
sample_495.dat   1.28268152e-01   4.46642375e+05   6.89618707e-01   1.61602997e+02   1.01363622e-02   3.54561120e-01           24
sample_496.dat   1.31086081e-01   4.28159531e+05   6.89610898e-01   1.61602997e+02   1.15309861e-02   1.24618255e-01           28
sample_497.dat   1.30261347e-01   4.33731500e+05   6.89809442e-01   1.61602997e+02   9.34008975e-03   1.38164312e-01           28
sample_498.dat   1.26616836e-01   4.63267781e+05   6.89738989e-01   1.61602997e+02   1.22883869e-02   1.87265739e-01           28
sample_499.dat   1.29422069e-01   4.40215156e+05   6.89661324e-01   1.61602997e+02   1.46447234e-02   9.68491510e-02           26
sample_500.dat   1.25864372e-01   1.05313850e+06   6.89801812e-01   3.63623016e+02   1.21731544e-02   1.28770456e-01           27
sample_501.dat   1.28284991e-01   1.00831706e+06   6.89728200e-01   3.63623016e+02   1.26034198e-02   1.13713354e-01           30
sample_502.dat   1.30391330e-01   9.71395375e+05   6.89809799e-01   3.63623016e+02   1.22506618e-02   2.36541718e-01           29
sample_503.dat   1.28709421e-01   9.97302562e+05   6.89801812e-01   3.63623016e+02   1.09733790e-02   1.41715363e-01           27
sample_504.dat   1.26094192e-01   1.05051925e+06   6.89836979e-01   3.63623016e+02   1.22032762e-02   1.59438267e-01           29
sample_505.dat   1.26978412e-01   1.02710950e+06   6.89831913e-01   3.63623016e+02   7.63622252e-03   1.52062804e-01           27
sample_506.dat   1.26622289e-01   1.03741844e+06   6.89814091e-01   3.63623016e+02   1.21652149e-02   8.62440765e-02           27
sample_507.dat   1.30092651e-01   9.80316312e+05   6.89622700e-01   3.63623016e+02   1.17812464e-02   1.57051459e-01           30
sample_508.dat   1.24507107e-01   1.07998725e+06   6.89519405e-01   3.63623016e+02   1.31861242e-02   1.69878170e-01           28
sample_509.dat   1.26648426e-01   1.03631256e+06   6.89831376e-01   3.63623016e+02   1.26214456e-02   2.09472343e-01           30
sample_510.dat   1.27362147e-01   1.02078444e+06   6.89788938e-01   3.63623016e+02   1.29057504e-02   1.47717565e-01           26
sample_511.dat   1.23711661e-01   1.09651162e+06   6.89807534e-01   3.63623016e+02   9.71958414e-03   9.27633494e-02           28
sample_512.dat   1.30683511e-01   9.66513875e+05   6.89836979e-01   3.63623016e+02   1.08458409e-02   1.61319092e-01           28
sample_513.dat   1.27037734e-01   1.03018488e+06   6.89787507e-01   3.63623016e+02   1.49987731e-02   1.10317230e-01           28
sample_514.dat   1.28521562e-01   1.00663438e+06   6.89788222e-01   3.63623016e+02   1.40656168e-02   1.71355888e-01           29
sample_515.dat   1.30235121e-01   9.67370312e+05   6.89786553e-01   3.63623016e+02   1.23926327e-02   1.34345263e-01           25
sample_516.dat   1.29403293e-01   9.85095375e+05   6.89831913e-01   3.63623016e+02   9.83512029e-03   1.48343772e-01           28
sample_517.dat   1.27218202e-01   1.02247875e+06   6.89832389e-01   3.63623016e+02   1.06348470e-02   3.50073487e-01           24
sample_518.dat   1.26872882e-01   1.03680431e+06   6.89786553e-01   3.63623016e+02   1.14056170e-02   1.34835005e-01           30
sample_519.dat   1.31455302e-01   9.51481312e+05   6.89814091e-01   3.63623016e+02   1.20853754e-02   1.04445279e-01           28
sample_520.dat   1.29418969e-01   9.84997500e+05   6.89817429e-01   3.63623016e+02   1.15799503e-02   2.25906521e-01           29
sample_521.dat   1.29258275e-01   9.90695188e+05   6.89738691e-01   3.63623016e+02   1.19336322e-02   1.24771282e-01           29
sample_522.dat   1.30213857e-01   9.77105438e+05   6.89831376e-01   3.63623016e+02   9.40861367e-03   1.10095538e-01           30
sample_523.dat   1.27031118e-01   1.03163400e+06   6.89797461e-01   3.63623016e+02   1.31430291e-02   1.15543306e-01           27
sample_524.dat   1.28702819e-01   9.97806625e+05   6.89832389e-01   3.63623016e+02   1.08253295e-02   1.07258067e-01           27
sample_525.dat   1.28272548e-01   1.00425344e+06   6.89818501e-01   3.63623016e+02   9.75392107e-03   1.19846694e-01           27
sample_526.dat   1.29905418e-01   9.78594875e+05   6.89836979e-01   3.63623016e+02   6.63077878e-03   1.69857353e-01           29
sample_527.dat   1.26554772e-01   1.03695094e+06   6.89732254e-01   3.63623016e+02   1.13606667e-02   9.26006958e-02           27
sample_528.dat   1.28848687e-01   1.00031769e+06   6.89809799e-01   3.63623016e+02   1.14753749e-02   1.40376553e-01           29
sample_529.dat   1.31743416e-01   9.49620625e+05   6.89728200e-01   3.63623016e+02   8.32918752e-03   8.45143422e-02           30
sample_530.dat   1.28110155e-01   1.00828888e+06   6.89804912e-01   3.63623016e+02   1.28845144e-02   9.76692662e-02           27
sample_531.dat   1.29604414e-01   9.81847250e+05   6.89738512e-01   3.63623016e+02   1.28859701e-02   1.01485498e-01           25
sample_532.dat   1.27207786e-01   1.02542844e+06   6.89836979e-01   3.63623016e+02   1.35909114e-02   1.45269141e-01           29
sample_533.dat   1.27613306e-01   1.01828550e+06   6.89776063e-01   3.63623016e+02   9.40496847e-03   1.40355855e-01           26
sample_534.dat   1.25652209e-01   1.05345475e+06   6.89817905e-01   3.63623016e+02   1.23298634e-02   2.61589944e-01           28
sample_535.dat   1.28143683e-01   1.01066900e+06   6.89836979e-01   3.63623016e+02   1.17232939e-02   1.15478046e-01           30
sample_536.dat   1.27496749e-01   1.02186531e+06   6.89752162e-01   3.63623016e+02   8.33068695e-03   2.33240113e-01           28
sample_537.dat   1.25282153e-01   1.06155800e+06   6.89786553e-01   3.63623016e+02   1.19632883e-02   2.07674503e-01           27
sample_538.dat   1.26590878e-01   1.04167450e+06   6.89809799e-01   3.63623016e+02   1.04463585e-02   1.08372591e-01           27
sample_539.dat   1.31891817e-01   9.47351750e+05   6.89801812e-01   3.63623016e+02   1.08333137e-02   9.71669406e-02           30
sample_540.dat   1.31400615e-01   9.55129938e+05   6.89823687e-01   3.63623016e+02   1.50333764e-02   1.61087513e-01           29
sample_541.dat   1.28158808e-01   1.00919988e+06   6.89788222e-01   3.63623016e+02   1.19969202e-02   1.52334109e-01           30
sample_542.dat   1.24981642e-01   1.05944962e+06   6.89798176e-01   3.63623016e+02   1.23130549e-02   9.83253047e-02           22
sample_543.dat   1.24703392e-01   1.07869050e+06   6.89703763e-01   3.63623016e+02   1.25663765e-02   1.43259302e-01           30
sample_544.dat   1.29965052e-01   9.75485688e+05   6.89798176e-01   3.63623016e+02   1.18549345e-02   2.60429740e-01           27
sample_545.dat   1.29798263e-01   9.82835750e+05   6.89766824e-01   3.63623016e+02   8.97574332e-03   1.39445677e-01           30
sample_546.dat   1.31113648e-01   9.59724875e+05   6.89788222e-01   3.63623016e+02   1.41388169e-02   1.62993908e-01           29
sample_547.dat   1.28680646e-01   9.94008875e+05   6.89836979e-01   3.63623016e+02   8.82257055e-03   1.06312536e-01           23
sample_548.dat   1.28488436e-01   1.00292769e+06   6.89823687e-01   3.63623016e+02   1.51700201e-02   1.40837923e-01           29
sample_549.dat   1.29488647e-01   9.87990312e+05   6.89836979e-01   3.63623016e+02   1.31402221e-02   1.01991661e-01           29
sample_550.dat   1.28807992e-01   9.96030250e+05   6.89746499e-01   3.63623016e+02   1.06152799e-02   1.50881559e-01           26
sample_551.dat   1.31093413e-01   9.55582188e+05   6.89814091e-01   3.63623016e+02   1.26508800e-02   1.52807742e-01           28
sample_552.dat   1.25892371e-01   1.05595338e+06   6.89787507e-01   3.63623016e+02   1.26691312e-02   1.43432409e-01           30
sample_553.dat   1.28644064e-01   1.00383531e+06   6.89797461e-01   3.63623016e+02   1.39312949e-02   1.53666005e-01           29
sample_554.dat   1.27508804e-01   1.02352212e+06   6.89809442e-01   3.63623016e+02   1.21038817e-02   8.44761878e-02           30
sample_555.dat   1.28939822e-01   9.97407500e+05   6.89809799e-01   3.63623016e+02   1.19933626e-02   1.43746942e-01           30
sample_556.dat   1.26231506e-01   1.04354081e+06   6.89816952e-01   3.63623016e+02   8.99791997e-03   1.73151582e-01           27
sample_557.dat   1.28968954e-01   9.95085188e+05   6.89822495e-01   3.63623016e+02   1.21114803e-02   1.17060624e-01           27
sample_558.dat   1.24898389e-01   1.06664288e+06   6.89752936e-01   3.63623016e+02   1.46294767e-02   2.17912197e-01           25
sample_559.dat   1.25462040e-01   1.06343212e+06   6.89816952e-01   3.63623016e+02   1.20947370e-02   1.57412380e-01           30
sample_560.dat   1.31594494e-01   9.47271875e+05   6.89698458e-01   3.63623016e+02   1.15524726e-02   2.18309745e-01           26
sample_561.dat   1.28920689e-01   9.98575688e+05   6.89823687e-01   3.63623016e+02   1.36609273e-02   1.22681700e-01           29
sample_562.dat   1.27664939e-01   1.01930731e+06   6.89823687e-01   3.63623016e+02   1.26216048e-02   1.17268696e-01           27
sample_563.dat   1.31633192e-01   9.46106688e+05   6.89797461e-01   3.63623016e+02   1.08747184e-02   8.02426785e-02           25
sample_564.dat   1.25913307e-01   1.05515425e+06   6.89823687e-01   3.63623016e+02   1.47202527e-02   1.21167593e-01           29
sample_565.dat   1.24772914e-01   1.07046662e+06   6.89794183e-01   3.63623016e+02   9.86098591e-03   1.44635752e-01           24
sample_566.dat   1.30522043e-01   9.71406625e+05   6.89787507e-01   3.63623016e+02   9.78053547e-03   9.24385786e-02           30
sample_567.dat   1.30124941e-01   9.72996000e+05   6.89817905e-01   3.63623016e+02   1.14736073e-02   1.48707613e-01           29
sample_568.dat   1.30338788e-01   9.68162375e+05   6.89831913e-01   3.63623016e+02   1.25733595e-02   1.83320284e-01           26
sample_569.dat   1.28145263e-01   1.00090294e+06   6.89799428e-01   3.63623016e+02   1.30515089e-02   2.58425713e-01           23
sample_570.dat   1.28876761e-01   9.99875938e+05   6.89804912e-01   3.63623016e+02   1.40788779e-02   1.33563295e-01           29
sample_571.dat   1.27736270e-01   1.01364656e+06   6.89822495e-01   3.63623016e+02   1.14915287e-02   1.53364629e-01           24
sample_572.dat   1.27315089e-01   1.02747831e+06   6.89785719e-01   3.63623016e+02   1.11566922e-02   1.85374156e-01           30
sample_573.dat   1.30631119e-01   9.65205250e+05   6.89822495e-01   3.63623016e+02   1.08978236e-02   1.36026591e-01           27
sample_574.dat   1.27162606e-01   1.02675900e+06   6.89804912e-01   3.63623016e+02   1.19239967e-02   1.16179116e-01           27
sample_575.dat   1.25442594e-01   1.05719538e+06   6.89693928e-01   3.63623016e+02   1.07049560e-02   1.02484636e-01           28
sample_576.dat   1.27879888e-01   1.01508438e+06   6.89823687e-01   3.63623016e+02   7.73402071e-03   1.18150540e-01           29
sample_577.dat   1.29300267e-01   9.91346188e+05   6.89782023e-01   3.63623016e+02   1.29276859e-02   1.31081149e-01           28
sample_578.dat   1.28626734e-01   1.00212669e+06   6.89817905e-01   3.63623016e+02   1.21767130e-02   1.58823580e-01           29
sample_579.dat   1.26448408e-01   1.04011738e+06   6.89794183e-01   3.63623016e+02   1.13073047e-02   1.36715665e-01           26
sample_580.dat   1.29069313e-01   9.94873750e+05   6.89817429e-01   3.63623016e+02   1.19197341e-02   8.34435672e-02           28
sample_581.dat   1.26667410e-01   1.03192238e+06   6.89831376e-01   3.63623016e+02   1.23740509e-02   2.40592286e-01           27
sample_582.dat   1.27309218e-01   1.01958969e+06   6.89752936e-01   3.63623016e+02   8.68235435e-03   2.02180848e-01           26
sample_583.dat   1.30515665e-01   9.69986625e+05   6.89836979e-01   3.63623016e+02   1.22651877e-02   1.62184715e-01           30
sample_584.dat   1.28681794e-01   1.00238856e+06   6.89799428e-01   3.63623016e+02   7.15596601e-03   1.24590725e-01           30
sample_585.dat   1.29359916e-01   9.89265250e+05   6.89785719e-01   3.63623016e+02   1.13556646e-02   1.22160740e-01           29
sample_586.dat   1.30903989e-01   9.60975812e+05   6.89780891e-01   3.63623016e+02   1.29030012e-02   8.03169832e-02           28
sample_587.dat   1.29017785e-01   9.87417250e+05   6.89809442e-01   3.63623016e+02   1.21902991e-02   2.58974344e-01           24
sample_588.dat   1.26545936e-01   1.03774394e+06   6.89831376e-01   3.63623016e+02   1.39040444e-02   1.03374727e-01           26
sample_589.dat   1.27272129e-01   1.02595238e+06   6.89782023e-01   3.63623016e+02   1.06532304e-02   1.19092546e-01           28
sample_590.dat   1.29867688e-01   9.75856562e+05   6.89823687e-01   3.63623016e+02   1.12439943e-02   1.22429028e-01           27
sample_591.dat   1.30440161e-01   9.68445188e+05   6.89679921e-01   3.63623016e+02   9.92937665e-03   2.11057156e-01           27
sample_592.dat   1.30747035e-01   9.64467562e+05   6.89822495e-01   3.63623016e+02   1.19449627e-02   1.47745103e-01           28
sample_593.dat   1.25710607e-01   1.04928688e+06   6.89794183e-01   3.63623016e+02   1.31462663e-02   1.57061085e-01           27
sample_594.dat   1.25819594e-01   1.05240375e+06   6.89832389e-01   3.63623016e+02   8.73144250e-03   1.25438780e-01           29
sample_595.dat   1.32772654e-01   9.30719750e+05   6.89831913e-01   3.63623016e+02   1.26309767e-02   1.60601005e-01           28
sample_596.dat   1.27381459e-01   1.02485606e+06   6.89807534e-01   3.63623016e+02   1.26248030e-02   1.15599371e-01           28
sample_597.dat   1.27262712e-01   1.02453238e+06   6.89743280e-01   3.63623016e+02   9.88875795e-03   9.11840349e-02           27
sample_598.dat   1.25833064e-01   1.05471150e+06   6.89809799e-01   3.63623016e+02   1.43382745e-02   1.28923416e-01           28
sample_599.dat   1.23496354e-01   1.09563662e+06   6.89817429e-01   3.63623016e+02   9.81348939e-03   1.65811598e-01           26
sample_600.dat   1.27406001e-01   2.04604175e+06   6.89809799e-01   7.27246033e+02   1.14544146e-02   1.06148481e-01           27
sample_601.dat   1.25326768e-01   2.11574700e+06   6.89836979e-01   7.27246033e+02   1.28704626e-02   1.20903239e-01           28
sample_602.dat   1.28838912e-01   1.99376550e+06   6.89801812e-01   7.27246033e+02   1.10573238e-02   2.07812950e-01           29
sample_603.dat   1.30690381e-01   1.93307000e+06   6.89831376e-01   7.27246033e+02   1.03997095e-02   9.08889771e-02           30
sample_604.dat   1.27984151e-01   2.01956888e+06   6.89807534e-01   7.27246033e+02   1.21515458e-02   2.79714376e-01           28
sample_605.dat   1.25431269e-01   2.12634325e+06   6.89836979e-01   7.27246033e+02   1.03248078e-02   1.36951178e-01           30
sample_606.dat   1.26838133e-01   2.06329038e+06   6.89823687e-01   7.27246033e+02   1.26590217e-02   9.30344909e-02           26
sample_607.dat   1.27650440e-01   2.03112562e+06   6.89766049e-01   7.27246033e+02   1.09650893e-02   1.05157517e-01           27
sample_608.dat   1.30227074e-01   1.94231512e+06   6.89788938e-01   7.27246033e+02   1.11574344e-02   1.75771713e-01           28
sample_609.dat   1.29052401e-01   1.98053438e+06   6.89787507e-01   7.27246033e+02   1.12197343e-02   1.23481236e-01           27
sample_610.dat   1.33787408e-01   1.83086938e+06   6.89799428e-01   7.27246033e+02   1.23761725e-02   9.71264839e-02           30
sample_611.dat   1.29897952e-01   1.95461462e+06   6.89766824e-01   7.27246033e+02   1.17551321e-02   1.17713436e-01           28
sample_612.dat   1.27185106e-01   2.04313225e+06   6.89836979e-01   7.27246033e+02   1.12941889e-02   1.04054049e-01           28
sample_613.dat   1.27023682e-01   2.05346662e+06   6.89785719e-01   7.27246033e+02   9.72779468e-03   9.68238041e-02           27
sample_614.dat   1.27829552e-01   2.03359350e+06   6.89831376e-01   7.27246033e+02   1.22072995e-02   1.21275239e-01           30
sample_615.dat   1.31870031e-01   1.89228962e+06   6.89831913e-01   7.27246033e+02   1.12335607e-02   1.07421063e-01           28
sample_616.dat   1.32902220e-01   1.85738412e+06   6.89816952e-01   7.27246033e+02   1.27219735e-02   1.03003457e-01           29
sample_617.dat   1.27490371e-01   2.04107688e+06   6.89832389e-01   7.27246033e+02   1.37826400e-02   2.12968826e-01           29
sample_618.dat   1.26594275e-01   2.07284575e+06   6.89823687e-01   7.27246033e+02   9.56121553e-03   1.27348423e-01           27
sample_619.dat   1.30023748e-01   1.95718562e+06   6.89822495e-01   7.27246033e+02   1.16645051e-02   1.19880699e-01           29
sample_620.dat   1.30265698e-01   1.94317788e+06   6.89751208e-01   7.27246033e+02   1.15875127e-02   9.52982008e-02           29
sample_621.dat   1.27094910e-01   2.04833488e+06   6.89817905e-01   7.27246033e+02   9.69899446e-03   2.10315928e-01           27
sample_622.dat   1.29581243e-01   1.96991425e+06   6.89809799e-01   7.27246033e+02   1.23095512e-02   9.62399319e-02           29
sample_623.dat   1.29287615e-01   1.97572450e+06   6.89814091e-01   7.27246033e+02   1.06059443e-02   1.88726112e-01           28
sample_624.dat   1.30050287e-01   1.94950375e+06   6.89822495e-01   7.27246033e+02   1.14990724e-02   1.27205521e-01           28
sample_625.dat   1.28210828e-01   2.01823988e+06   6.89822495e-01   7.27246033e+02   1.19864801e-02   1.34192050e-01           28
sample_626.dat   1.27113998e-01   2.05240600e+06   6.89822495e-01   7.27246033e+02   1.04601560e-02   2.11475432e-01           29
sample_627.dat   1.28995582e-01   1.98465388e+06   6.89822495e-01   7.27246033e+02   1.18149566e-02   1.66356862e-01           30
sample_628.dat   1.25441343e-01   2.10263000e+06   6.89823687e-01   7.27246033e+02   1.03708832e-02   1.52342990e-01           23
sample_629.dat   1.25428498e-01   2.11669850e+06   6.89816952e-01   7.27246033e+02   1.11885378e-02   1.87226683e-01           28
sample_630.dat   1.26855135e-01   2.06803475e+06   6.89836979e-01   7.27246033e+02   1.25043020e-02   2.67218798e-01           30
sample_631.dat   1.28143609e-01   2.01476525e+06   6.89798176e-01   7.27246033e+02   1.23981098e-02   1.15853645e-01           28
sample_632.dat   1.27422392e-01   2.04357738e+06   6.89831913e-01   7.27246033e+02   1.06703453e-02   1.79306939e-01           28
sample_633.dat   1.29775748e-01   1.96127388e+06   6.89832389e-01   7.27246033e+02   1.16684027e-02   1.07270010e-01           29
sample_634.dat   1.27986580e-01   2.02152012e+06   6.89836979e-01   7.27246033e+02   1.17344540e-02   1.27042353e-01           27
sample_635.dat   1.27058476e-01   2.05332900e+06   6.89823687e-01   7.27246033e+02   1.06766000e-02   1.24105856e-01           25
sample_636.dat   1.27679393e-01   2.03388512e+06   6.89816952e-01   7.27246033e+02   1.04929246e-02   1.31978422e-01           28
sample_637.dat   1.26425639e-01   2.08011550e+06   6.89822018e-01   7.27246033e+02   1.37732420e-02   1.16298951e-01           28
sample_638.dat   1.30713180e-01   1.92458338e+06   6.89823687e-01   7.27246033e+02   1.25683332e-02   1.63893595e-01           29
sample_639.dat   1.28994852e-01   1.98515450e+06   6.89817905e-01   7.27246033e+02   1.26416199e-02   1.04199216e-01           28
sample_640.dat   1.26997873e-01   2.05975262e+06   6.89818501e-01   7.27246033e+02   1.25587974e-02   1.69496581e-01           29
sample_641.dat   1.27416328e-01   2.04243462e+06   6.89817905e-01   7.27246033e+02   9.78570804e-03   1.79998621e-01           29
sample_642.dat   1.26474649e-01   2.07499600e+06   6.89822018e-01   7.27246033e+02   1.18878819e-02   1.58069476e-01           27
sample_643.dat   1.29116356e-01   1.98432150e+06   6.89818501e-01   7.27246033e+02   1.17212795e-02   7.93254524e-02           29
sample_644.dat   1.23312078e-01   2.19875675e+06   6.89831376e-01   7.27246033e+02   1.05893789e-02   1.31659597e-01           26
sample_645.dat   1.23968303e-01   2.17390425e+06   6.89836979e-01   7.27246033e+02   8.89689848e-03   1.73055202e-01           29
sample_646.dat   1.30374163e-01   1.93775250e+06   6.89832389e-01   7.27246033e+02   1.00903679e-02   1.01681419e-01           26
sample_647.dat   1.26238212e-01   2.08215275e+06   6.89831913e-01   7.27246033e+02   1.43883042e-02   1.70173734e-01           29
sample_648.dat   1.27050951e-01   2.05289588e+06   6.89817905e-01   7.27246033e+02   1.06385695e-02   1.91748381e-01           30
sample_649.dat   1.27397224e-01   2.04501875e+06   6.89817905e-01   7.27246033e+02   1.05807586e-02   8.12335163e-02           28
sample_650.dat   1.25543311e-01   2.11612050e+06   6.89817905e-01   7.27246033e+02   1.02430396e-02   1.61385402e-01           29
sample_651.dat   1.25840023e-01   2.09962750e+06   6.89798176e-01   7.27246033e+02   1.31191043e-02   1.26958758e-01           28
sample_652.dat   1.27926543e-01   2.02287088e+06   6.89832389e-01   7.27246033e+02   1.32995853e-02   1.93060488e-01           27
sample_653.dat   1.27618209e-01   2.03777912e+06   6.89823687e-01   7.27246033e+02   1.10610956e-02   1.13028020e-01           29
sample_654.dat   1.25369757e-01   2.11282925e+06   6.89750850e-01   7.27246033e+02   1.02990987e-02   1.12617731e-01           27
sample_655.dat   1.27219155e-01   2.05999475e+06   6.89786553e-01   7.27246033e+02   1.08476840e-02   1.07033387e-01           29
sample_656.dat   1.28133416e-01   2.01523200e+06   6.89831376e-01   7.27246033e+02   1.35262124e-02   1.04915053e-01           29
sample_657.dat   1.28965303e-01   1.99476150e+06   6.89832389e-01   7.27246033e+02   1.27496617e-02   1.39072135e-01           30
sample_658.dat   1.26016900e-01   2.09134475e+06   6.89832389e-01   7.27246033e+02   1.06826527e-02   2.80544370e-01           29
sample_659.dat   1.31084383e-01   1.90813138e+06   6.89836979e-01   7.27246033e+02   1.05546368e-02   1.45449981e-01           26
sample_660.dat   1.29527256e-01   1.96132488e+06   6.89782023e-01   7.27246033e+02   1.10897049e-02   1.66708633e-01           27
sample_661.dat   1.27563626e-01   2.03965975e+06   6.89822495e-01   7.27246033e+02   1.26538686e-02   8.40566754e-02           27
sample_662.dat   1.29978642e-01   1.95968538e+06   6.89832389e-01   7.27246033e+02   1.28902262e-02   1.00761287e-01           30
sample_663.dat   1.28492713e-01   2.00248250e+06   6.89809799e-01   7.27246033e+02   1.11046750e-02   1.06156997e-01           28
sample_664.dat   1.29492611e-01   1.97621800e+06   6.89831376e-01   7.27246033e+02   1.07394718e-02   1.65136188e-01           29
sample_665.dat   1.28221020e-01   2.01800250e+06   6.89801812e-01   7.27246033e+02   1.33023188e-02   1.36696443e-01           29
sample_666.dat   1.27222076e-01   2.04610800e+06   6.89836979e-01   7.27246033e+02   1.01997517e-02   9.05860737e-02           28
sample_667.dat   1.28205821e-01   2.01816738e+06   6.89823687e-01   7.27246033e+02   1.38730900e-02   1.17463619e-01           27
sample_668.dat   1.24927729e-01   2.13735975e+06   6.89816952e-01   7.27246033e+02   1.21514574e-02   1.39935330e-01           28
sample_669.dat   1.27447337e-01   2.04417538e+06   6.89818501e-01   7.27246033e+02   1.18320314e-02   1.45807415e-01           29
sample_670.dat   1.27256885e-01   2.05122538e+06   6.89788938e-01   7.27246033e+02   1.16283242e-02   1.50867507e-01           29
sample_671.dat   1.30253077e-01   1.94011325e+06   6.89817429e-01   7.27246033e+02   1.06093902e-02   9.86506268e-02           28
sample_672.dat   1.28456265e-01   1.99827600e+06   6.89804912e-01   7.27246033e+02   1.07582845e-02   1.33546963e-01           28
sample_673.dat   1.25828788e-01   2.10990725e+06   6.89804912e-01   7.27246033e+02   1.52066620e-02   1.06081918e-01           29
sample_674.dat   1.29396439e-01   1.96618850e+06   6.89836979e-01   7.27246033e+02   1.14375548e-02   8.97109583e-02           28
sample_675.dat   1.28561899e-01   2.00235625e+06   6.89836979e-01   7.27246033e+02   1.12284161e-02   9.93785933e-02           28
sample_676.dat   1.28873482e-01   1.98973800e+06   6.89831376e-01   7.27246033e+02   1.13902045e-02   1.41156033e-01           29
sample_677.dat   1.27815008e-01   2.02544925e+06   6.89831913e-01   7.27246033e+02   1.08187329e-02   1.73705369e-01           30
sample_678.dat   1.26829460e-01   2.06327925e+06   6.89788938e-01   7.27246033e+02   1.02788415e-02   1.24726124e-01           28
sample_679.dat   1.27989620e-01   2.02309975e+06   6.89801812e-01   7.27246033e+02   9.97639913e-03   1.02626592e-01           29
sample_680.dat   1.29372865e-01   1.96636088e+06   6.89817429e-01   7.27246033e+02   1.04768556e-02   3.52520913e-01           28
sample_681.dat   1.29604593e-01   1.96980775e+06   6.89831376e-01   7.27246033e+02   1.18209645e-02   1.15620933e-01           30
sample_682.dat   1.29788235e-01   1.95887712e+06   6.89807534e-01   7.27246033e+02   1.10407183e-02   8.30684155e-02           29
sample_683.dat   1.27837241e-01   2.02348925e+06   6.89832389e-01   7.27246033e+02   1.25643266e-02   1.04145050e-01           26
sample_684.dat   1.27168149e-01   2.04828400e+06   6.89831913e-01   7.27246033e+02   1.05949380e-02   9.65232998e-02           28
sample_685.dat   1.31344572e-01   1.90730812e+06   6.89807534e-01   7.27246033e+02   1.07328035e-02   1.16972804e-01           28
sample_686.dat   1.26880705e-01   2.06601150e+06   6.89823687e-01   7.27246033e+02   1.10553484e-02   1.31441563e-01           29
sample_687.dat   1.29593834e-01   1.95939975e+06   6.89799428e-01   7.27246033e+02   1.17539465e-02   1.47354826e-01           27
sample_688.dat   1.27906382e-01   2.01711788e+06   6.89788938e-01   7.27246033e+02   1.19923390e-02   1.21630624e-01           26
sample_689.dat   1.28020376e-01   2.02696462e+06   6.89816952e-01   7.27246033e+02   1.11191589e-02   1.05315797e-01           30
sample_690.dat   1.26646250e-01   2.07081975e+06   6.89832389e-01   7.27246033e+02   1.08116763e-02   2.00031906e-01           28
sample_691.dat   1.29477590e-01   1.97219388e+06   6.89817429e-01   7.27246033e+02   1.33763291e-02   1.35075957e-01           30
sample_692.dat   1.28580332e-01   2.00373225e+06   6.89831913e-01   7.27246033e+02   1.01291146e-02   1.48852646e-01           30
sample_693.dat   1.28508255e-01   2.00198925e+06   6.89836979e-01   7.27246033e+02   1.11992881e-02   1.10122032e-01           28
sample_694.dat   1.28035203e-01   2.02385262e+06   6.89822495e-01   7.27246033e+02   1.04733566e-02   1.08021669e-01           27
sample_695.dat   1.30441546e-01   1.94001662e+06   6.89807534e-01   7.27246033e+02   1.11900382e-02   1.06583022e-01           30
sample_696.dat   1.29158020e-01   1.98289212e+06   6.89818501e-01   7.27246033e+02   1.29641676e-02   1.04202978e-01           29
sample_697.dat   1.29546404e-01   1.97423025e+06   6.89836979e-01   7.27246033e+02   1.21983811e-02   1.38430879e-01           30
sample_698.dat   1.28384873e-01   2.00887012e+06   6.89817429e-01   7.27246033e+02   1.12324487e-02   1.58898845e-01           28
sample_699.dat   1.30648792e-01   1.93611438e+06   6.89785719e-01   7.27246033e+02   1.27808964e-02   1.56713560e-01           30
