#ID, Rs, Dc, R200, Mvir, xoff, rho_rms, niter
sample_000.dat   8.97358134e-02   3.17089824e+04   5.74770212e-01   4.25099993e+00   3.31096612e-02   1.17387541e-01           26
sample_001.dat   8.44381526e-02   3.75889180e+04   5.77199101e-01   4.25099993e+00   3.23238224e-02   2.52920151e-01           25
sample_002.dat   6.20731078e-02   7.83634453e+04   5.74224651e-01   4.25099993e+00   4.61153276e-02   5.89279890e-01           24
sample_003.dat   8.36433098e-02   3.81405938e+04   5.74978411e-01   4.25099993e+00   5.55845723e-02   2.67335981e-01           28
sample_004.dat   7.96946958e-02   4.30431094e+04   5.76663792e-01   4.25099993e+00   3.32112461e-02   2.30622053e-01           28
sample_005.dat   7.94436932e-02   4.29932344e+04   5.76517642e-01   4.25099993e+00   2.94010080e-02   5.28290987e-01           23
sample_006.dat   7.73025379e-02   4.52979648e+04   5.76648116e-01   4.25099993e+00   3.92409712e-02   2.41647810e-01           26
sample_007.dat   6.04697689e-02   8.51365078e+04   5.74079812e-01   4.25099993e+00   6.70914724e-02   6.25626743e-01           22
sample_008.dat   8.35917667e-02   3.89221055e+04   5.73548138e-01   4.25099993e+00   5.11385240e-02   2.78856903e-01           26
sample_009.dat   8.79422724e-02   3.42128633e+04   5.77180326e-01   4.25099993e+00   3.25270183e-02   4.94557261e-01           25
sample_010.dat   8.77534598e-02   3.31844297e+04   5.75553000e-01   4.25099993e+00   1.71956532e-02   6.56153202e-01           19
sample_011.dat   6.42451271e-02   7.36433828e+04   5.77079356e-01   4.25099993e+00   2.44158562e-02   1.99437365e-01           21
sample_012.dat   8.52647796e-02   3.70884062e+04   5.75605333e-01   4.25099993e+00   3.57886814e-02   3.20146501e-01           28
sample_013.dat   8.06741267e-02   4.07765352e+04   5.71366847e-01   4.25099993e+00   3.15698422e-02   2.13434830e-01           28
sample_014.dat   8.01580697e-02   4.24783516e+04   5.76428235e-01   4.25099993e+00   6.39155284e-02   4.27022010e-01           22
sample_015.dat   1.02437697e-01   2.31308848e+04   5.74886382e-01   4.25099993e+00   2.61923131e-02   3.19563419e-01           22
sample_016.dat   8.32233503e-02   3.79098984e+04   5.75482368e-01   4.25099993e+00   2.69796047e-02   2.16857389e-01           22
sample_017.dat   8.08960795e-02   4.10148477e+04   5.72886288e-01   4.25099993e+00   2.39900332e-02   4.00805116e-01           22
sample_018.dat   1.05897389e-01   2.17599785e+04   5.75061023e-01   4.25099993e+00   5.67995347e-02   1.68092385e-01           29
sample_019.dat   6.30946830e-02   7.65179453e+04   5.72698236e-01   4.25099993e+00   1.48175927e-02   4.42700773e-01           23
sample_020.dat   7.54902139e-02   4.82967930e+04   5.76303065e-01   4.25099993e+00   3.29117626e-02   2.81038404e-01           25
sample_021.dat   5.92751577e-02   8.96405391e+04   5.69530606e-01   4.25099993e+00   4.47427295e-02   2.60972857e-01           25
sample_022.dat   7.48696476e-02   5.12804961e+04   5.72185874e-01   4.25099993e+00   4.22299989e-02   3.09101462e-01           27
sample_023.dat   9.06035528e-02   3.24974648e+04   5.71508527e-01   4.25099993e+00   4.80826721e-02   3.55398357e-01           29
sample_024.dat   6.37186244e-02   7.52723750e+04   5.73103666e-01   4.25099993e+00   4.29892428e-02   4.55416203e-01           26
sample_025.dat   7.64198378e-02   4.75864297e+04   5.71957052e-01   4.25099993e+00   4.85945679e-02   2.65814185e-01           21
sample_026.dat   7.48386830e-02   4.94552500e+04   5.76635063e-01   4.25099993e+00   2.19246373e-02   4.10915136e-01           25
sample_027.dat   8.11764374e-02   4.12379219e+04   5.76799095e-01   4.25099993e+00   3.51804085e-02   2.66180456e-01           26
sample_028.dat   9.19792578e-02   3.04550293e+04   5.76428235e-01   4.25099993e+00   3.81778181e-02   4.52686936e-01           24
sample_029.dat   9.21896845e-02   3.11284883e+04   5.66157877e-01   4.25099993e+00   3.02567407e-02   3.28269273e-01           25
sample_030.dat   7.58507252e-02   4.63002578e+04   5.74770212e-01   4.25099993e+00   4.64807600e-02   3.01921606e-01           25
sample_031.dat   7.09699690e-02   5.72098633e+04   5.67866266e-01   4.25099993e+00   3.02176010e-02   2.34538361e-01           23
sample_032.dat   6.69830069e-02   6.58783359e+04   5.69964707e-01   4.25099993e+00   6.22830726e-02   4.30981129e-01           21
sample_033.dat   9.58043262e-02   2.80399766e+04   5.76582611e-01   4.25099993e+00   4.11430039e-02   4.24981415e-01           25
sample_034.dat   9.18103456e-02   3.03298633e+04   5.76133013e-01   4.25099993e+00   5.35790250e-02   4.34806913e-01           23
sample_035.dat   5.61537258e-02   1.02020859e+05   5.76608121e-01   4.25099993e+00   5.36116846e-02   5.80902398e-01           18
sample_036.dat   6.96995929e-02   5.81252461e+04   5.75492740e-01   4.25099993e+00   2.82993075e-02   4.83215004e-01           21
sample_037.dat   5.76553829e-02   9.48145703e+04   5.74026823e-01   4.25099993e+00   1.81941707e-02   4.99872088e-01           24
sample_038.dat   9.63474885e-02   2.68498477e+04   5.77079356e-01   4.25099993e+00   3.82325649e-02   1.90714180e-01           24
sample_039.dat   6.87464774e-02   6.22127305e+04   5.74581385e-01   4.25099993e+00   4.79657203e-02   2.97291815e-01           27
sample_040.dat   7.08188489e-02   5.62593008e+04   5.70319712e-01   4.25099993e+00   2.63678245e-02   3.88332427e-01           20
sample_041.dat   7.36495629e-02   5.13906445e+04   5.76519489e-01   4.25099993e+00   2.69986242e-02   2.28127003e-01           25
sample_042.dat   8.23396370e-02   3.85217070e+04   5.72821796e-01   4.25099993e+00   5.68851158e-02   4.54416007e-01           21
sample_043.dat   1.08885236e-01   1.98284355e+04   5.76913178e-01   4.25099993e+00   4.74226251e-02   9.68049690e-02           24
sample_044.dat   8.37753713e-02   3.80798750e+04   5.73098660e-01   4.25099993e+00   4.08771187e-02   2.81470835e-01           24
sample_045.dat   6.47115186e-02   7.32026406e+04   5.76035380e-01   4.25099993e+00   6.11508228e-02   3.58867705e-01           28
sample_046.dat   6.64950833e-02   6.59572578e+04   5.76266050e-01   4.25099993e+00   5.95855489e-02   2.87155390e-01           23
sample_047.dat   8.63109007e-02   3.54856133e+04   5.74857116e-01   4.25099993e+00   5.22155203e-02   3.07770133e-01           26
sample_048.dat   8.62233341e-02   3.49332227e+04   5.76375067e-01   4.25099993e+00   3.49033177e-02   2.42199555e-01           28
sample_049.dat   1.02042682e-01   2.38236484e+04   5.72075427e-01   4.25099993e+00   1.85595006e-02   2.29124472e-01           28
sample_050.dat   9.18287709e-02   3.10235293e+04   5.75799525e-01   4.25099993e+00   2.76337247e-02   5.92926323e-01           24
sample_051.dat   7.17884228e-02   5.42860586e+04   5.74492276e-01   4.25099993e+00   3.94719765e-02   1.51206717e-01           23
sample_052.dat   1.06542140e-01   2.13769727e+04   5.76909184e-01   4.25099993e+00   8.03014077e-03   3.53400379e-01           27
sample_053.dat   8.28056112e-02   3.85089023e+04   5.74288011e-01   4.25099993e+00   3.06517389e-02   1.58136576e-01           24
sample_054.dat   8.02009404e-02   4.22573516e+04   5.76874852e-01   4.25099993e+00   2.92486679e-02   2.13523671e-01           29
sample_055.dat   5.65997958e-02   9.65650312e+04   5.70315838e-01   4.25099993e+00   4.21718396e-02   8.12122822e-01           21
sample_056.dat   7.00998306e-02   5.95036758e+04   5.68997264e-01   4.25099993e+00   3.18541378e-02   2.53419787e-01           27
sample_057.dat   1.28012627e-01   1.51587119e+04   5.70695102e-01   4.25099993e+00   5.37473299e-02   4.51501578e-01           25
sample_058.dat   9.82466042e-02   2.56430000e+04   5.74627578e-01   4.25099993e+00   4.37313989e-02   2.08750635e-01           25
sample_059.dat   7.65223354e-02   4.74186445e+04   5.74990749e-01   4.25099993e+00   2.72188839e-02   4.29625094e-01           21
sample_060.dat   7.25416765e-02   5.23829766e+04   5.73395729e-01   4.25099993e+00   4.28199656e-02   4.69968826e-01           23
sample_061.dat   7.56934211e-02   4.74886016e+04   5.76133907e-01   4.25099993e+00   3.05894446e-02   1.82302058e-01           25
sample_062.dat   8.33425447e-02   3.76661211e+04   5.76654911e-01   4.25099993e+00   4.33778986e-02   1.80260301e-01           23
sample_063.dat   8.19124356e-02   4.06628945e+04   5.68052828e-01   4.25099993e+00   1.62279662e-02   2.92668641e-01           23
sample_064.dat   9.25381482e-02   2.94203945e+04   5.75906515e-01   4.25099993e+00   6.27463013e-02   4.55688566e-01           21
sample_065.dat   8.55740979e-02   3.58485898e+04   5.75997829e-01   4.25099993e+00   7.61503726e-02   2.09958404e-01           25
sample_066.dat   7.46280402e-02   4.98848047e+04   5.74720979e-01   4.25099993e+00   3.21375839e-02   2.83169359e-01           25
sample_067.dat   7.08978996e-02   5.56904531e+04   5.77199101e-01   4.25099993e+00   4.81705144e-02   2.19560042e-01           28
sample_068.dat   7.65580833e-02   4.75939688e+04   5.75115204e-01   4.25099993e+00   4.99250926e-02   4.05941725e-01           21
sample_069.dat   9.80405957e-02   2.60420781e+04   5.72953403e-01   4.25099993e+00   3.70821394e-02   3.13542515e-01           26
sample_070.dat   9.10345167e-02   3.20403711e+04   5.74684262e-01   4.25099993e+00   3.10058873e-02   3.78638119e-01           24
sample_071.dat   8.54195282e-02   3.73703945e+04   5.63786209e-01   4.25099993e+00   4.25931364e-02   3.36209267e-01           27
sample_072.dat   6.76792935e-02   6.19359336e+04   5.75277388e-01   4.25099993e+00   8.81845504e-03   4.05299455e-01           22
sample_073.dat   6.14584163e-02   8.17178203e+04   5.70925593e-01   4.25099993e+00   1.80894583e-02   4.95346874e-01           21
sample_074.dat   6.96145520e-02   5.85149141e+04   5.75131238e-01   4.25099993e+00   5.96162714e-02   1.61964536e-01           25
sample_075.dat   6.93190992e-02   6.22398555e+04   5.76795518e-01   4.25099993e+00   1.17516108e-02   2.73759574e-01           22
sample_076.dat   9.19119343e-02   2.97483535e+04   5.70870697e-01   4.25099993e+00   7.81027153e-02   1.20986484e-01           20
sample_077.dat   7.81609491e-02   4.42415781e+04   5.74899793e-01   4.25099993e+00   5.08216135e-02   2.94273227e-01           22
sample_078.dat   7.09422156e-02   5.75955820e+04   5.74850440e-01   4.25099993e+00   4.15428542e-02   2.25947842e-01           23
sample_079.dat   7.93581903e-02   4.35614023e+04   5.76445282e-01   4.25099993e+00   6.04332052e-02   3.11101377e-01           26
sample_080.dat   9.75123793e-02   2.69586094e+04   5.73634267e-01   4.25099993e+00   3.51253785e-02   2.47857586e-01           24
sample_081.dat   9.91184562e-02   2.52717988e+04   5.76389968e-01   4.25099993e+00   5.37673719e-02   3.32941204e-01           26
sample_082.dat   6.62635118e-02   6.49887617e+04   5.75723112e-01   4.25099993e+00   4.55074757e-02   1.11955673e-01           24
sample_083.dat   8.34950283e-02   3.82475742e+04   5.72898209e-01   4.25099993e+00   5.05046435e-02   1.87817335e-01           24
sample_084.dat   7.14661703e-02   5.54855078e+04   5.67452908e-01   4.25099993e+00   3.14428397e-02   4.26163137e-01           23
sample_085.dat   6.34062290e-02   7.50500547e+04   5.76005220e-01   4.25099993e+00   2.85752080e-02   4.45229173e-01           24
sample_086.dat   1.00141816e-01   2.46620781e+04   5.75493157e-01   4.25099993e+00   3.51082534e-02   2.27085426e-01           28
sample_087.dat   9.64144766e-02   2.72682988e+04   5.74650228e-01   4.25099993e+00   3.26478370e-02   5.00479400e-01           26
sample_088.dat   9.05355811e-02   3.18648906e+04   5.74320495e-01   4.25099993e+00   4.15056646e-02   2.76562333e-01           27
sample_089.dat   9.19116512e-02   2.97467871e+04   5.74954033e-01   4.25099993e+00   2.53606681e-02   2.08728865e-01           27
sample_090.dat   8.98663029e-02   3.28906484e+04   5.76391816e-01   4.25099993e+00   5.84971644e-02   3.37744325e-01           27
sample_091.dat   8.22655633e-02   3.89710703e+04   5.74435830e-01   4.25099993e+00   3.13908868e-02   2.34212294e-01           24
sample_092.dat   1.18987329e-01   1.68810566e+04   5.74990749e-01   4.25099993e+00   6.04914278e-02   2.41642207e-01           25
sample_093.dat   6.82399422e-02   6.13714766e+04   5.71320593e-01   4.25099993e+00   5.23427539e-02   3.42893094e-01           25
sample_094.dat   9.16539058e-02   3.02956348e+04   5.76011658e-01   4.25099993e+00   5.92281967e-02   1.90911844e-01           24
sample_095.dat   6.59263432e-02   6.76092500e+04   5.70553601e-01   4.25099993e+00   3.30503061e-02   2.36112669e-01           25
sample_096.dat   6.81613088e-02   6.17504844e+04   5.75835288e-01   4.25099993e+00   5.27888760e-02   3.03814948e-01           23
sample_097.dat   5.90095222e-02   8.92418203e+04   5.74980676e-01   4.25099993e+00   5.03617935e-02   5.13938248e-01           27
sample_098.dat   5.72287329e-02   9.58987734e+04   5.70210636e-01   4.25099993e+00   3.52947600e-02   5.28319538e-01           25
sample_099.dat   7.84962028e-02   4.48296406e+04   5.72252095e-01   4.25099993e+00   2.09844578e-02   2.19196379e-01           24
sample_100.dat   9.34470892e-02   6.13928008e+04   5.77053368e-01   9.25600052e+00   3.21955122e-02   1.44279644e-01           25
sample_101.dat   9.24948230e-02   6.33639766e+04   5.77207863e-01   9.25600052e+00   4.50495891e-02   4.01463360e-01           26
sample_102.dat   9.05326754e-02   6.74850391e+04   5.75102210e-01   9.25600052e+00   1.91879347e-02   2.52673954e-01           28
sample_103.dat   9.56612080e-02   5.82687031e+04   5.77095926e-01   9.25600052e+00   3.01994029e-02   3.14226329e-01           23
sample_104.dat   9.23800245e-02   6.26453086e+04   5.76897860e-01   9.25600052e+00   3.71868461e-02   1.62173942e-01           23
sample_105.dat   9.11404416e-02   6.65479297e+04   5.74424148e-01   9.25600052e+00   2.81136986e-02   2.54593164e-01           28
sample_106.dat   1.02555051e-01   5.02099844e+04   5.76650023e-01   9.25600052e+00   8.92673619e-03   1.79110363e-01           27
sample_107.dat   8.01268741e-02   9.02026641e+04   5.76187611e-01   9.25600052e+00   4.29325439e-02   2.39278406e-01           27
sample_108.dat   8.82726684e-02   7.08876250e+04   5.76663792e-01   9.25600052e+00   2.84350626e-02   1.03749715e-01           25
sample_109.dat   1.09158911e-01   4.29314492e+04   5.76993823e-01   9.25600052e+00   3.55951525e-02   2.41226614e-01           24
sample_110.dat   9.92796123e-02   5.41585781e+04   5.77158093e-01   9.25600052e+00   3.21861096e-02   2.64862657e-01           26
sample_111.dat   9.74816903e-02   5.57426406e+04   5.77204406e-01   9.25600052e+00   3.08655649e-02   1.43987507e-01           29
sample_112.dat   9.89032984e-02   5.38958984e+04   5.75094998e-01   9.25600052e+00   3.53485160e-02   8.72138977e-01           27
sample_113.dat   1.08877279e-01   4.38041680e+04   5.76628864e-01   9.25600052e+00   3.91536877e-02   5.02732694e-01           26
sample_114.dat   9.28902999e-02   6.38152773e+04   5.75289607e-01   9.25600052e+00   1.61993783e-02   1.72979310e-01           28
sample_115.dat   9.27979797e-02   6.35910391e+04   5.77272177e-01   9.25600052e+00   1.60489399e-02   2.91656822e-01           26
sample_116.dat   8.41601118e-02   8.05793828e+04   5.75334489e-01   9.25600052e+00   4.71287407e-02   4.11265463e-01           28
sample_117.dat   8.01141784e-02   8.98992031e+04   5.76494157e-01   9.25600052e+00   3.50338817e-02   2.78587937e-01           25
sample_118.dat   8.50071833e-02   7.71160625e+04   5.75244665e-01   9.25600052e+00   5.17549329e-02   1.89516500e-01           23
sample_119.dat   1.00923836e-01   5.25039414e+04   5.73794842e-01   9.25600052e+00   2.84202937e-02   4.63909388e-01           24
sample_120.dat   8.11480582e-02   8.78329688e+04   5.77143669e-01   9.25600052e+00   2.89228633e-02   4.99829888e-01           24
sample_121.dat   1.07945628e-01   4.40785000e+04   5.75434506e-01   9.25600052e+00   4.00657654e-02   1.51692182e-01           28
sample_122.dat   9.32956636e-02   6.27158477e+04   5.76599717e-01   9.25600052e+00   2.79101022e-02   3.94508749e-01           24
sample_123.dat   8.43231604e-02   8.01805234e+04   5.72664678e-01   9.25600052e+00   2.53629554e-02   1.96575031e-01           28
sample_124.dat   7.84432665e-02   9.29918672e+04   5.74352860e-01   9.25600052e+00   3.88640948e-02   1.54096112e-01           27
sample_125.dat   7.25010037e-02   1.13046133e+05   5.77255845e-01   9.25600052e+00   2.91188322e-02   4.12582278e-01           27
sample_126.dat   8.87757987e-02   6.87131797e+04   5.75990915e-01   9.25600052e+00   3.40097472e-02   5.07157981e-01           21
sample_127.dat   7.15015382e-02   1.16611711e+05   5.76970756e-01   9.25600052e+00   2.37041302e-02   3.28691393e-01           24
sample_128.dat   8.18222985e-02   8.54743516e+04   5.77247024e-01   9.25600052e+00   1.71335544e-02   1.51487187e-01           27
sample_129.dat   9.04256180e-02   6.63534219e+04   5.75250387e-01   9.25600052e+00   4.05767187e-02   8.02518129e-02           26
sample_130.dat   8.41256231e-02   7.83741484e+04   5.76072514e-01   9.25600052e+00   2.60368902e-02   1.74748212e-01           25
sample_131.dat   7.85387978e-02   9.31932344e+04   5.75300694e-01   9.25600052e+00   4.69039977e-02   2.46487871e-01           28
sample_132.dat   9.40592214e-02   6.16500703e+04   5.76353192e-01   9.25600052e+00   3.05440202e-02   2.43523866e-01           28
sample_133.dat   8.46908018e-02   7.82806484e+04   5.76253712e-01   9.25600052e+00   2.40047835e-02   4.40232307e-01           27
sample_134.dat   1.10529907e-01   4.23730234e+04   5.74791849e-01   9.25600052e+00   2.24336497e-02   2.60866851e-01           25
sample_135.dat   8.86319205e-02   7.06701172e+04   5.77096403e-01   9.25600052e+00   2.38735899e-02   3.13411683e-01           25
sample_136.dat   7.79983997e-02   9.52461328e+04   5.76897860e-01   9.25600052e+00   4.28570062e-02   4.57213610e-01           22
sample_137.dat   1.04804553e-01   4.72505000e+04   5.77035785e-01   9.25600052e+00   4.16360013e-02   1.83668286e-01           25
sample_138.dat   8.34889486e-02   8.14401172e+04   5.76918781e-01   9.25600052e+00   3.90274562e-02   2.17959359e-01           25
sample_139.dat   9.04522613e-02   6.66307812e+04   5.77033043e-01   9.25600052e+00   3.09361015e-02   1.39244676e-01           25
sample_140.dat   6.04077652e-02   1.77843297e+05   5.74383557e-01   9.25600052e+00   3.00259460e-02   7.42605269e-01           23
sample_141.dat   1.01955853e-01   5.01028320e+04   5.76854587e-01   9.25600052e+00   2.45794971e-02   1.99782982e-01           29
sample_142.dat   8.71921182e-02   7.21867109e+04   5.75636923e-01   9.25600052e+00   1.42577831e-02   9.53075215e-02           27
sample_143.dat   8.44102725e-02   7.90481250e+04   5.77272177e-01   9.25600052e+00   4.15302441e-02   3.41279417e-01           28
sample_144.dat   7.61030912e-02   1.00538164e+05   5.76882422e-01   9.25600052e+00   2.31500156e-02   1.96326852e-01           24
sample_145.dat   8.48072618e-02   7.72465312e+04   5.76522171e-01   9.25600052e+00   2.58638319e-02   1.53959334e-01           25
sample_146.dat   8.60328898e-02   7.56027812e+04   5.76072514e-01   9.25600052e+00   2.79009640e-02   5.16432881e-01           20
sample_147.dat   7.18841553e-02   1.14418516e+05   5.77180862e-01   9.25600052e+00   3.55966054e-02   2.54541725e-01           28
sample_148.dat   9.25925449e-02   6.30498750e+04   5.76901376e-01   9.25600052e+00   3.49671170e-02   1.37862295e-01           30
sample_149.dat   8.91427323e-02   6.94430625e+04   5.73922217e-01   9.25600052e+00   3.42135988e-02   1.66155502e-01           24
sample_150.dat   9.01176408e-02   6.91391328e+04   5.76101422e-01   9.25600052e+00   2.57254820e-02   3.23727190e-01           27
sample_151.dat   8.29473808e-02   8.43590859e+04   5.72540402e-01   9.25600052e+00   4.41692919e-02   2.89785326e-01           28
sample_152.dat   7.87392184e-02   9.17414453e+04   5.75208426e-01   9.25600052e+00   3.52294743e-02   2.93437272e-01           26
sample_153.dat   1.10648215e-01   4.16704883e+04   5.75031817e-01   9.25600052e+00   3.81700136e-02   2.10450292e-01           27
sample_154.dat   9.23789665e-02   6.37438711e+04   5.76752305e-01   9.25600052e+00   3.05181406e-02   2.72611052e-01           28
sample_155.dat   7.41223991e-02   1.08933922e+05   5.76377690e-01   9.25600052e+00   3.03135999e-02   1.77937388e-01           25
sample_156.dat   9.92398560e-02   5.45722695e+04   5.75963438e-01   9.25600052e+00   2.02704091e-02   3.05191725e-01           26
sample_157.dat   7.47694373e-02   1.06450570e+05   5.76799095e-01   9.25600052e+00   5.33183776e-02   2.25001350e-01           25
sample_158.dat   8.99630263e-02   6.79481172e+04   5.70448995e-01   9.25600052e+00   7.75742857e-03   2.59643197e-01           26
sample_159.dat   6.79042414e-02   1.36443234e+05   5.76787293e-01   9.25600052e+00   4.52779680e-02   3.68780375e-01           28
sample_160.dat   8.62904117e-02   7.72458438e+04   5.77205002e-01   9.25600052e+00   3.51501964e-02   3.13175261e-01           28
sample_161.dat   8.87194350e-02   6.95066016e+04   5.73053241e-01   9.25600052e+00   2.46524513e-02   3.76464158e-01           26
sample_162.dat   9.29519460e-02   6.29732930e+04   5.76342642e-01   9.25600052e+00   3.95813547e-02   1.83173016e-01           28
sample_163.dat   1.05432309e-01   4.67477305e+04   5.74459791e-01   9.25600052e+00   4.15913090e-02   1.33273780e-01           26
sample_164.dat   9.38278511e-02   6.12966875e+04   5.77255845e-01   9.25600052e+00   3.70692275e-02   3.36547256e-01           24
sample_165.dat   8.68704543e-02   7.26576719e+04   5.76494157e-01   9.25600052e+00   2.18909457e-02   2.96292961e-01           26
sample_166.dat   9.21256840e-02   6.43029844e+04   5.77205002e-01   9.25600052e+00   4.58924770e-02   1.47536382e-01           30
sample_167.dat   8.63649994e-02   7.39869219e+04   5.75682282e-01   9.25600052e+00   3.68286222e-02   2.03699231e-01           23
sample_168.dat   1.02359362e-01   5.05396445e+04   5.76918781e-01   9.25600052e+00   3.41449864e-02   1.35884315e-01           28
sample_169.dat   7.78060034e-02   9.60403750e+04   5.76483786e-01   9.25600052e+00   3.31275836e-02   4.47908610e-01           26
sample_170.dat   8.45078453e-02   7.87766641e+04   5.77143192e-01   9.25600052e+00   4.07923758e-02   2.36862853e-01           24
sample_171.dat   1.00745656e-01   5.21928555e+04   5.75365484e-01   9.25600052e+00   4.08737622e-02   1.56369895e-01           26
sample_172.dat   1.04435131e-01   4.74063086e+04   5.75287402e-01   9.25600052e+00   4.27028500e-02   3.82710129e-01           24
sample_173.dat   7.42430910e-02   1.08321797e+05   5.75943530e-01   9.25600052e+00   2.13642530e-02   5.13591945e-01           26
sample_174.dat   9.03213173e-02   6.66236250e+04   5.76601744e-01   9.25600052e+00   2.74717491e-02   1.32915020e-01           25
sample_175.dat   9.89398360e-02   5.37599219e+04   5.73922217e-01   9.25600052e+00   1.61281768e-02   4.20579135e-01           26
sample_176.dat   8.64660516e-02   7.41614688e+04   5.70870697e-01   9.25600052e+00   3.82556841e-02   1.82468757e-01           27
sample_177.dat   9.97261703e-02   5.25038008e+04   5.76430559e-01   9.25600052e+00   4.25079092e-02   2.43206769e-01           25
sample_178.dat   9.88751948e-02   5.33038516e+04   5.77240884e-01   9.25600052e+00   4.14986499e-02   8.86570439e-02           23
sample_179.dat   1.03590816e-01   4.80815195e+04   5.75738192e-01   9.25600052e+00   4.35320325e-02   1.23982318e-01           26
sample_180.dat   7.42242187e-02   1.08249852e+05   5.77180862e-01   9.25600052e+00   2.79515777e-02   1.71891227e-01           26
sample_181.dat   7.42749199e-02   1.05455469e+05   5.76031804e-01   9.25600052e+00   2.77116168e-02   1.93949103e-01           24
sample_182.dat   7.82019645e-02   9.27891875e+04   5.76956809e-01   9.25600052e+00   3.79999839e-02   1.99288353e-01           24
sample_183.dat   9.41665694e-02   6.05345234e+04   5.75541079e-01   9.25600052e+00   5.46964817e-02   2.66925186e-01           28
sample_184.dat   9.91982073e-02   5.45996484e+04   5.76569855e-01   9.25600052e+00   3.07639651e-02   2.58746713e-01           27
sample_185.dat   1.03887826e-01   4.84876016e+04   5.76511323e-01   9.25600052e+00   3.64032201e-02   2.32931510e-01           28
sample_186.dat   9.43392664e-02   6.03632773e+04   5.75466752e-01   9.25600052e+00   2.88406964e-02   1.51723102e-01           24
sample_187.dat   8.11910629e-02   8.73665312e+04   5.74724972e-01   9.25600052e+00   1.32736275e-02   3.54270786e-01           26
sample_188.dat   8.04191828e-02   8.77902500e+04   5.72047591e-01   9.25600052e+00   1.46068707e-02   1.71163157e-01           27
sample_189.dat   8.69603530e-02   7.38354375e+04   5.76856792e-01   9.25600052e+00   3.01533155e-02   2.85768807e-01           27
sample_190.dat   9.25183073e-02   6.30526680e+04   5.76445282e-01   9.25600052e+00   1.73210744e-02   3.29360813e-01           23
sample_191.dat   8.46316963e-02   7.83881250e+04   5.75884700e-01   9.25600052e+00   2.85434593e-02   1.90522000e-01           19
sample_192.dat   9.73157957e-02   5.60505039e+04   5.75524926e-01   9.25600052e+00   4.11570035e-02   7.36927241e-02           26
sample_193.dat   9.70154628e-02   5.70051172e+04   5.74031413e-01   9.25600052e+00   1.51479635e-02   2.49336168e-01           27
sample_194.dat   9.75871906e-02   5.64929922e+04   5.76951742e-01   9.25600052e+00   2.44397875e-02   1.61456585e-01           27
sample_195.dat   1.07567713e-01   4.43670312e+04   5.76252341e-01   9.25600052e+00   2.76271291e-02   1.51443973e-01           22
sample_196.dat   9.89913493e-02   5.39838516e+04   5.76480389e-01   9.25600052e+00   2.60409564e-02   1.93051681e-01           28
sample_197.dat   8.95203575e-02   6.75462422e+04   5.76355278e-01   9.25600052e+00   2.08686925e-02   2.16948643e-01           24
sample_198.dat   8.85568857e-02   7.12451406e+04   5.76987684e-01   9.25600052e+00   2.99158804e-02   5.81183195e-01           25
sample_199.dat   8.14078972e-02   8.52671641e+04   5.76031804e-01   9.25600052e+00   4.40278314e-02   4.50898439e-01           22
sample_200.dat   9.63485837e-02   1.21860750e+05   5.76454401e-01   1.98120003e+01   3.00835948e-02   2.83183664e-01           24
sample_201.dat   8.79239514e-02   1.51810375e+05   5.76686561e-01   1.98120003e+01   3.57429162e-02   1.19791649e-01           23
sample_202.dat   9.37404186e-02   1.29758719e+05   5.76635838e-01   1.98120003e+01   2.15329956e-02   9.33523029e-02           27
sample_203.dat   1.05855942e-01   9.86223516e+04   5.76446176e-01   1.98120003e+01   2.41932217e-02   1.66560113e-01           23
sample_204.dat   9.47231576e-02   1.27793633e+05   5.76775432e-01   1.98120003e+01   2.98772100e-02   2.64577359e-01           26
sample_205.dat   9.20890868e-02   1.35477031e+05   5.77180862e-01   1.98120003e+01   2.86246147e-02   1.60143390e-01           25
sample_206.dat   9.26464796e-02   1.33124094e+05   5.77250898e-01   1.98120003e+01   2.42821053e-02   2.48758569e-01           25
sample_207.dat   1.00485377e-01   1.09668016e+05   5.76171160e-01   1.98120003e+01   3.42285559e-02   1.86527491e-01           26
sample_208.dat   1.07402250e-01   9.55434766e+04   5.76449037e-01   1.98120003e+01   2.97733229e-02   4.68561321e-01           27
sample_209.dat   9.16845649e-02   1.36471578e+05   5.75667143e-01   1.98120003e+01   2.19310056e-02   1.31278455e-01           27
sample_210.dat   1.10372573e-01   8.93870156e+04   5.75726867e-01   1.98120003e+01   2.36657280e-02   1.77664295e-01           23
sample_211.dat   9.54117700e-02   1.25453438e+05   5.76311350e-01   1.98120003e+01   3.50459516e-02   1.45807683e-01           27
sample_212.dat   9.05029401e-02   1.42129594e+05   5.77165782e-01   1.98120003e+01   3.67864706e-02   1.92170024e-01           29
sample_213.dat   9.19023007e-02   1.36917203e+05   5.75797021e-01   1.98120003e+01   3.41900736e-02   2.39819601e-01           28
sample_214.dat   9.19478387e-02   1.36498922e+05   5.76935112e-01   1.98120003e+01   2.49867011e-02   1.46165848e-01           25
sample_215.dat   9.49936956e-02   1.27043242e+05   5.76970756e-01   1.98120003e+01   1.50979534e-02   2.43047938e-01           24
sample_216.dat   9.41740721e-02   1.28067555e+05   5.76708138e-01   1.98120003e+01   3.06506846e-02   4.79133159e-01           26
sample_217.dat   9.76394117e-02   1.17850570e+05   5.77073932e-01   1.98120003e+01   3.37031595e-02   3.49098265e-01           28
sample_218.dat   8.59328806e-02   1.60684734e+05   5.76846540e-01   1.98120003e+01   3.61069664e-02   4.30040151e-01           28
sample_219.dat   8.55578035e-02   1.62319734e+05   5.77230453e-01   1.98120003e+01   2.57631093e-02   1.51320040e-01           27
sample_220.dat   8.66093487e-02   1.57124484e+05   5.77158093e-01   1.98120003e+01   2.33148783e-02   1.35295719e-01           30
sample_221.dat   9.54326019e-02   1.25152711e+05   5.76522171e-01   1.98120003e+01   3.76928709e-02   1.33308277e-01           25
sample_222.dat   9.20020789e-02   1.36945500e+05   5.77073932e-01   1.98120003e+01   2.51570344e-02   1.62303373e-01           27
sample_223.dat   8.51264223e-02   1.62829047e+05   5.76918125e-01   1.98120003e+01   4.57824692e-02   1.80921495e-01           29
sample_224.dat   9.84524712e-02   1.16689375e+05   5.75392246e-01   1.98120003e+01   2.25481205e-02   2.10797414e-01           27
sample_225.dat   9.65677500e-02   1.21328172e+05   5.77148616e-01   1.98120003e+01   4.44358028e-02   2.93846875e-01           27
sample_226.dat   8.73054639e-02   1.52533172e+05   5.77065289e-01   1.98120003e+01   4.49387841e-02   3.91768873e-01           27
sample_227.dat   8.94199982e-02   1.44602438e+05   5.76958477e-01   1.98120003e+01   3.45000587e-02   2.69193530e-01           26
sample_228.dat   8.39780122e-02   1.67849641e+05   5.75765967e-01   1.98120003e+01   2.55169198e-02   3.10941637e-01           26
sample_229.dat   8.63897726e-02   1.58330344e+05   5.76787293e-01   1.98120003e+01   4.10594568e-02   1.71758443e-01           29
sample_230.dat   8.46652761e-02   1.64631016e+05   5.76751471e-01   1.98120003e+01   3.66775542e-02   3.87961298e-01           25
sample_231.dat   9.36625525e-02   1.29253617e+05   5.76794207e-01   1.98120003e+01   3.86238694e-02   1.65422320e-01           25
sample_232.dat   1.06799901e-01   9.62925391e+04   5.76980472e-01   1.98120003e+01   3.44180614e-02   1.60532162e-01           30
sample_233.dat   9.36645493e-02   1.29769375e+05   5.75643361e-01   1.98120003e+01   3.04382946e-02   1.39779583e-01           28
sample_234.dat   9.76326391e-02   1.18697641e+05   5.76900303e-01   1.98120003e+01   2.61578541e-02   3.53258312e-01           27
sample_235.dat   9.38235894e-02   1.29441523e+05   5.74394524e-01   1.98120003e+01   2.06454247e-02   1.95824116e-01           30
sample_236.dat   9.11641493e-02   1.37541578e+05   5.77238858e-01   1.98120003e+01   3.60076576e-02   1.48825392e-01           28
sample_237.dat   9.48115960e-02   1.26128211e+05   5.76965392e-01   1.98120003e+01   1.46367662e-02   2.56924301e-01           25
sample_238.dat   9.02802348e-02   1.41340125e+05   5.77093720e-01   1.98120003e+01   3.03286929e-02   1.74118012e-01           29
sample_239.dat   9.79543552e-02   1.16898062e+05   5.76987863e-01   1.98120003e+01   3.66806649e-02   3.35840076e-01           27
sample_240.dat   9.63766500e-02   1.23023914e+05   5.76970756e-01   1.98120003e+01   1.77199226e-02   6.74752474e-01           27
sample_241.dat   9.24442634e-02   1.33309594e+05   5.77112079e-01   1.98120003e+01   2.82817353e-02   1.52119190e-01           29
sample_242.dat   9.45038646e-02   1.26794961e+05   5.77198446e-01   1.98120003e+01   3.23336385e-02   1.11277796e-01           24
sample_243.dat   9.45689082e-02   1.26372258e+05   5.75858414e-01   1.98120003e+01   2.98090708e-02   2.16298699e-01           28
sample_244.dat   9.72109437e-02   1.19552312e+05   5.77110112e-01   1.98120003e+01   2.37074606e-02   1.22143060e-01           24
sample_245.dat   8.83436874e-02   1.50374656e+05   5.77083826e-01   1.98120003e+01   4.21681106e-02   2.38037080e-01           26
sample_246.dat   8.22117627e-02   1.77543891e+05   5.76522171e-01   1.98120003e+01   3.78508493e-02   4.49408382e-01           27
sample_247.dat   9.57087055e-02   1.21832336e+05   5.76761782e-01   1.98120003e+01   3.79665196e-02   2.06658840e-01           26
sample_248.dat   8.85506645e-02   1.49163188e+05   5.77165782e-01   1.98120003e+01   3.16133015e-02   2.10212111e-01           28
sample_249.dat   1.03082724e-01   1.03779586e+05   5.76892912e-01   1.98120003e+01   3.24616507e-02   1.99392363e-01           25
sample_250.dat   9.64792445e-02   1.21439133e+05   5.76367378e-01   1.98120003e+01   1.74529850e-02   2.43898317e-01           24
sample_251.dat   8.55752826e-02   1.60974938e+05   5.75900555e-01   1.98120003e+01   2.73867846e-02   1.23576559e-01           27
sample_252.dat   9.51824114e-02   1.25699523e+05   5.76371372e-01   1.98120003e+01   2.22949795e-02   3.32942128e-01           27
sample_253.dat   9.75116864e-02   1.17597211e+05   5.77230096e-01   1.98120003e+01   3.10581084e-02   2.57455140e-01           20
sample_254.dat   9.74820852e-02   1.17974727e+05   5.77068031e-01   1.98120003e+01   2.28441041e-02   2.02406734e-01           26
sample_255.dat   1.01409197e-01   1.09033094e+05   5.76458752e-01   1.98120003e+01   3.47364917e-02   2.44374618e-01           27
sample_256.dat   9.68855247e-02   1.19479242e+05   5.76449037e-01   1.98120003e+01   4.86929975e-02   1.33441120e-01           26
sample_257.dat   9.24976468e-02   1.33489953e+05   5.76795518e-01   1.98120003e+01   2.17962675e-02   1.69887692e-01           30
sample_258.dat   9.36621279e-02   1.30742312e+05   5.77175915e-01   1.98120003e+01   1.93673354e-02   4.10017639e-01           29
sample_259.dat   9.91135687e-02   1.13683242e+05   5.77125490e-01   1.98120003e+01   4.00071703e-02   3.32806170e-01           26
sample_260.dat   1.03028536e-01   1.04386492e+05   5.76970756e-01   1.98120003e+01   3.31264883e-02   1.41024172e-01           27
sample_261.dat   9.54460502e-02   1.23820188e+05   5.76676667e-01   1.98120003e+01   2.73265392e-02   2.04850927e-01           25
sample_262.dat   9.99140590e-02   1.11515289e+05   5.77230096e-01   1.98120003e+01   3.63816842e-02   1.81237563e-01           29
sample_263.dat   8.19657296e-02   1.77812922e+05   5.76473713e-01   1.98120003e+01   1.50536289e-02   2.98594862e-01           25
sample_264.dat   1.02729075e-01   1.05860094e+05   5.77230096e-01   1.98120003e+01   2.37000976e-02   2.04550251e-01           28
sample_265.dat   9.47719887e-02   1.24542609e+05   5.77205360e-01   1.98120003e+01   3.22001763e-02   1.23597123e-01           22
sample_266.dat   9.52361226e-02   1.25375711e+05   5.77034235e-01   1.98120003e+01   2.65449639e-02   2.34556988e-01           29
sample_267.dat   9.71913561e-02   1.20104656e+05   5.76918662e-01   1.98120003e+01   3.39795798e-02   1.61075175e-01           30
sample_268.dat   9.59774926e-02   1.23224422e+05   5.76988041e-01   1.98120003e+01   3.38084549e-02   1.52732149e-01           26
sample_269.dat   9.35512781e-02   1.30151742e+05   5.77068031e-01   1.98120003e+01   2.39982568e-02   1.58407435e-01           26
sample_270.dat   8.98810402e-02   1.44532578e+05   5.76796174e-01   1.98120003e+01   2.51219068e-02   2.85170466e-01           27
sample_271.dat   9.77505073e-02   1.17162461e+05   5.76964200e-01   1.98120003e+01   2.78658047e-02   1.43068284e-01           27
sample_272.dat   8.83493274e-02   1.48719594e+05   5.77038467e-01   1.98120003e+01   3.63835581e-02   1.48473710e-01           26
sample_273.dat   1.01646177e-01   1.06337539e+05   5.77108562e-01   1.98120003e+01   3.04202847e-02   1.03364460e-01           28
sample_274.dat   9.29495841e-02   1.32602078e+05   5.77012837e-01   1.98120003e+01   3.50234434e-02   1.21026970e-01           25
sample_275.dat   1.09226950e-01   8.97262734e+04   5.77061474e-01   1.98120003e+01   2.71863285e-02   1.86392620e-01           27
sample_276.dat   9.47932005e-02   1.27511469e+05   5.74522078e-01   1.98120003e+01   1.99720450e-02   1.76498070e-01           27
sample_277.dat   8.88598412e-02   1.45911641e+05   5.77040136e-01   1.98120003e+01   3.07012461e-02   1.55877918e-01           25
sample_278.dat   8.38975981e-02   1.71546766e+05   5.76393247e-01   1.98120003e+01   3.58381383e-02   2.54667133e-01           29
sample_279.dat   9.72575620e-02   1.18597672e+05   5.77255845e-01   1.98120003e+01   2.16992367e-02   2.09634259e-01           28
sample_280.dat   1.04746535e-01   1.00472281e+05   5.77126801e-01   1.98120003e+01   1.63413119e-02   1.47879243e-01           28
sample_281.dat   9.97373462e-02   1.13533102e+05   5.76787293e-01   1.98120003e+01   2.86212433e-02   1.27777725e-01           28
sample_282.dat   8.64239931e-02   1.56772703e+05   5.76901376e-01   1.98120003e+01   2.25977264e-02   1.73608780e-01           28
sample_283.dat   9.71491858e-02   1.19043641e+05   5.77091455e-01   1.98120003e+01   4.21754010e-02   2.82803655e-01           27
sample_284.dat   9.17145014e-02   1.36647266e+05   5.77108562e-01   1.98120003e+01   4.08009514e-02   1.85821563e-01           26
sample_285.dat   8.50984827e-02   1.62096391e+05   5.76819777e-01   1.98120003e+01   2.88992021e-02   2.60998368e-01           23
sample_286.dat   8.83858427e-02   1.49407609e+05   5.75636923e-01   1.98120003e+01   2.57134959e-02   1.09969780e-01           26
sample_287.dat   9.37895328e-02   1.29938148e+05   5.76513708e-01   1.98120003e+01   3.27469409e-02   3.63407016e-01           24
sample_288.dat   9.03657973e-02   1.41869453e+05   5.77061474e-01   1.98120003e+01   2.75377966e-02   2.53292143e-01           29
sample_289.dat   9.37610120e-02   1.29207047e+05   5.76865733e-01   1.98120003e+01   1.77810378e-02   1.03023395e-01           29
sample_290.dat   9.75887850e-02   1.16525906e+05   5.77240884e-01   1.98120003e+01   2.95639541e-02   3.49106550e-01           24
sample_291.dat   8.35549906e-02   1.70874141e+05   5.77158093e-01   1.98120003e+01   3.18834819e-02   3.16369683e-01           28
sample_292.dat   9.40556526e-02   1.27186727e+05   5.77065289e-01   1.98120003e+01   2.52097491e-02   1.52786851e-01           23
sample_293.dat   9.40734074e-02   1.29387438e+05   5.76799095e-01   1.98120003e+01   4.67884503e-02   3.19022864e-01           26
sample_294.dat   9.99272391e-02   1.11455148e+05   5.77148616e-01   1.98120003e+01   2.81311572e-02   1.73522025e-01           27
sample_295.dat   9.97104719e-02   1.12126516e+05   5.77204406e-01   1.98120003e+01   2.27002595e-02   3.21574897e-01           24
sample_296.dat   9.10419822e-02   1.40239203e+05   5.76664984e-01   1.98120003e+01   2.56731659e-02   1.82622239e-01           29
sample_297.dat   1.04992352e-01   9.92120156e+04   5.76537967e-01   1.98120003e+01   2.72709280e-02   1.02260023e-01           27
sample_298.dat   8.83778557e-02   1.49663500e+05   5.76704264e-01   1.98120003e+01   1.50374211e-02   2.44021207e-01           26
sample_299.dat   9.79246646e-02   1.16430750e+05   5.76734304e-01   1.98120003e+01   2.99733207e-02   3.84660333e-01           27
sample_300.dat   9.83995944e-02   2.49193938e+05   5.76846302e-01   4.26140022e+01   3.25592794e-02   2.02090591e-01           28
sample_301.dat   9.51879621e-02   2.69481844e+05   5.77224255e-01   4.26140022e+01   2.93020271e-02   2.24198118e-01           28
sample_302.dat   9.90047976e-02   2.45063984e+05   5.76457441e-01   4.26140022e+01   2.20407378e-02   2.20433637e-01           28
sample_303.dat   9.55064893e-02   2.65059844e+05   5.76847374e-01   4.26140022e+01   2.80658007e-02   2.77712017e-01           28
sample_304.dat   9.28101391e-02   2.83496469e+05   5.77250898e-01   4.26140022e+01   2.84581166e-02   1.58742353e-01           28
sample_305.dat   9.34315771e-02   2.77680125e+05   5.77125490e-01   4.26140022e+01   2.64324378e-02   8.62755597e-01           22
sample_306.dat   1.07082330e-01   2.04634625e+05   5.76993823e-01   4.26140022e+01   2.38303784e-02   2.00644389e-01           28
sample_307.dat   1.01275496e-01   2.33913766e+05   5.77061474e-01   4.26140022e+01   3.09694000e-02   1.75398961e-01           29
sample_308.dat   9.52313691e-02   2.66276156e+05   5.77004254e-01   4.26140022e+01   2.64958013e-02   1.41739741e-01           29
sample_309.dat   1.00057378e-01   2.38062875e+05   5.77125490e-01   4.26140022e+01   3.53808738e-02   1.82021558e-01           25
sample_310.dat   9.44067091e-02   2.75853219e+05   5.77148616e-01   4.26140022e+01   2.89275460e-02   1.63936302e-01           28
sample_311.dat   1.01774655e-01   2.30732516e+05   5.76636970e-01   4.26140022e+01   3.40582617e-02   1.04095414e-01           25
sample_312.dat   9.33303237e-02   2.79519000e+05   5.76843798e-01   4.26140022e+01   2.51253359e-02   1.00998022e-01           25
sample_313.dat   9.08999294e-02   2.97543750e+05   5.77250361e-01   4.26140022e+01   2.23103445e-02   1.42572850e-01           30
sample_314.dat   9.77966487e-02   2.51882984e+05   5.77040136e-01   4.26140022e+01   2.38387864e-02   1.28521711e-01           27
sample_315.dat   9.59446356e-02   2.61184219e+05   5.76920211e-01   4.26140022e+01   2.50392091e-02   8.72735158e-02           28
sample_316.dat   9.10475105e-02   2.98369438e+05   5.77068031e-01   4.26140022e+01   2.31248867e-02   1.66714564e-01           27
sample_317.dat   9.97312739e-02   2.38657625e+05   5.77038467e-01   4.26140022e+01   3.06007732e-02   1.30744025e-01           24
sample_318.dat   1.03616774e-01   2.18176344e+05   5.76582432e-01   4.26140022e+01   3.10168639e-02   1.21611357e-01           29
sample_319.dat   9.71562117e-02   2.56553469e+05   5.77230453e-01   4.26140022e+01   2.62517128e-02   3.41986269e-01           27
sample_320.dat   1.01527110e-01   2.27442594e+05   5.76935112e-01   4.26140022e+01   2.25628708e-02   1.10907853e-01           25
sample_321.dat   1.01049796e-01   2.32237078e+05   5.76920211e-01   4.26140022e+01   2.40462944e-02   1.02736555e-01           27
sample_322.dat   1.04338214e-01   2.17635984e+05   5.76897860e-01   4.26140022e+01   2.39459202e-02   1.34867743e-01           27
sample_323.dat   1.02287814e-01   2.24959609e+05   5.77143192e-01   4.26140022e+01   2.92281378e-02   2.37577662e-01           24
sample_324.dat   9.39786583e-02   2.74731375e+05   5.77068031e-01   4.26140022e+01   2.84575336e-02   8.33805576e-02           28
sample_325.dat   9.69905332e-02   2.58847438e+05   5.76583624e-01   4.26140022e+01   2.66260635e-02   1.42279848e-01           28
sample_326.dat   1.05339736e-01   2.10598500e+05   5.77067256e-01   4.26140022e+01   2.64940020e-02   2.29548484e-01           27
sample_327.dat   9.43097025e-02   2.73307000e+05   5.77076614e-01   4.26140022e+01   2.11782251e-02   3.74397129e-01           27
sample_328.dat   1.00208253e-01   2.36738109e+05   5.77101946e-01   4.26140022e+01   2.41968408e-02   2.61691004e-01           28
sample_329.dat   9.30349678e-02   2.81264344e+05   5.76965392e-01   4.26140022e+01   2.76672989e-02   1.12551101e-01           28
sample_330.dat   9.63065624e-02   2.60982922e+05   5.77179909e-01   4.26140022e+01   2.56513264e-02   1.10285029e-01           28
sample_331.dat   9.02487338e-02   3.05381562e+05   5.77203453e-01   4.26140022e+01   3.78424153e-02   1.79838181e-01           30
sample_332.dat   9.90662798e-02   2.42752391e+05   5.76704264e-01   4.26140022e+01   4.66175415e-02   9.87921655e-02           30
sample_333.dat   9.93805155e-02   2.41934938e+05   5.77034235e-01   4.26140022e+01   2.20048781e-02   1.13547854e-01           29
sample_334.dat   9.37279686e-02   2.80424375e+05   5.77238858e-01   4.26140022e+01   2.00140420e-02   1.54918388e-01           27
sample_335.dat   9.55904275e-02   2.63504906e+05   5.77055991e-01   4.26140022e+01   3.10371444e-02   1.48265421e-01           27
sample_336.dat   8.88027698e-02   3.12684031e+05   5.76987684e-01   4.26140022e+01   3.11693493e-02   1.76996291e-01           27
sample_337.dat   1.03611186e-01   2.20323875e+05   5.76920211e-01   4.26140022e+01   4.28953506e-02   1.30090490e-01           25
sample_338.dat   9.62167159e-02   2.60116766e+05   5.76921999e-01   4.26140022e+01   1.64372735e-02   7.62197897e-02           26
sample_339.dat   8.53115991e-02   3.44476469e+05   5.76918781e-01   4.26140022e+01   3.30079272e-02   5.63912392e-01           25
sample_340.dat   9.99367014e-02   2.40174969e+05   5.77074051e-01   4.26140022e+01   2.14447174e-02   2.00341165e-01           30
sample_341.dat   1.01457357e-01   2.30742984e+05   5.76712191e-01   4.26140022e+01   2.31297445e-02   1.11656964e-01           28
sample_342.dat   9.25565958e-02   2.85172750e+05   5.76717019e-01   4.26140022e+01   2.85249148e-02   1.69025257e-01           29
sample_343.dat   9.81267989e-02   2.48768219e+05   5.77240884e-01   4.26140022e+01   2.32475083e-02   2.29148224e-01           26
sample_344.dat   1.01751849e-01   2.29352297e+05   5.77207863e-01   4.26140022e+01   3.05692255e-02   2.11699411e-01           28
sample_345.dat   9.90745127e-02   2.42107172e+05   5.76817453e-01   4.26140022e+01   2.54566818e-02   1.60521895e-01           24
sample_346.dat   9.78479236e-02   2.52425781e+05   5.76824248e-01   4.26140022e+01   2.28007399e-02   1.24402285e-01           28
sample_347.dat   1.01737440e-01   2.29832859e+05   5.76817453e-01   4.26140022e+01   2.31761318e-02   1.86141491e-01           27
sample_348.dat   9.57457572e-02   2.63340781e+05   5.77096403e-01   4.26140022e+01   3.17685828e-02   1.23643339e-01           24
sample_349.dat   9.81141180e-02   2.50090062e+05   5.77198446e-01   4.26140022e+01   2.89534274e-02   1.45015866e-01           28
sample_350.dat   9.70861018e-02   2.53831922e+05   5.76897860e-01   4.26140022e+01   3.46208364e-02   2.28131309e-01           27
sample_351.dat   9.05153006e-02   3.01592969e+05   5.76074064e-01   4.26140022e+01   2.14452222e-02   1.30700499e-01           29
sample_352.dat   9.45093259e-02   2.72157000e+05   5.77096403e-01   4.26140022e+01   3.77307609e-02   1.92710578e-01           29
sample_353.dat   8.93446133e-02   3.11291625e+05   5.77230453e-01   4.26140022e+01   2.23627985e-02   2.63439298e-01           26
sample_354.dat   9.50812846e-02   2.68733000e+05   5.77237368e-01   4.26140022e+01   2.79480666e-02   1.80405781e-01           27
sample_355.dat   9.17663202e-02   2.91795656e+05   5.76799095e-01   4.26140022e+01   3.87478359e-02   2.29770064e-01           28
sample_356.dat   9.06384960e-02   3.00065844e+05   5.76868892e-01   4.26140022e+01   1.66842565e-02   1.02857500e-01           29
sample_357.dat   9.83567238e-02   2.49033859e+05   5.76958477e-01   4.26140022e+01   2.31212284e-02   1.80725679e-01           29
sample_358.dat   1.09302096e-01   1.93113312e+05   5.77148616e-01   4.26140022e+01   3.17182168e-02   8.60692337e-02           26
sample_359.dat   9.49796066e-02   2.67429938e+05   5.77035785e-01   4.26140022e+01   2.63140593e-02   8.63017514e-02           26
sample_360.dat   1.05691291e-01   2.10717719e+05   5.77199101e-01   4.26140022e+01   2.77724694e-02   8.28929842e-02           26
sample_361.dat   1.00493252e-01   2.36033922e+05   5.77073932e-01   4.26140022e+01   2.18871161e-02   1.36706412e-01           25
sample_362.dat   1.01177484e-01   2.33106297e+05   5.77211440e-01   4.26140022e+01   3.20676863e-02   1.55572563e-01           29
sample_363.dat   9.25051495e-02   2.85893156e+05   5.76660693e-01   4.26140022e+01   3.52000520e-02   1.89869896e-01           24
sample_364.dat   9.38185826e-02   2.76026094e+05   5.77093720e-01   4.26140022e+01   2.51278579e-02   2.18723103e-01           30
sample_365.dat   1.01917900e-01   2.27733266e+05   5.76812923e-01   4.26140022e+01   2.83419471e-02   8.44951943e-02           28
sample_366.dat   9.60361809e-02   2.63359719e+05   5.77158093e-01   4.26140022e+01   1.85568631e-02   9.26462039e-02           28
sample_367.dat   9.58158001e-02   2.65006062e+05   5.77166796e-01   4.26140022e+01   3.22592147e-02   1.29128888e-01           28
sample_368.dat   9.49581191e-02   2.70477625e+05   5.76766610e-01   4.26140022e+01   3.39406431e-02   1.79042771e-01           23
sample_369.dat   9.57986489e-02   2.61932500e+05   5.77058494e-01   4.26140022e+01   2.49122661e-02   1.91256046e-01           27
sample_370.dat   9.63672101e-02   2.58227438e+05   5.77081561e-01   4.26140022e+01   2.49531586e-02   1.84090778e-01           27
sample_371.dat   1.01532482e-01   2.30785828e+05   5.77143192e-01   4.26140022e+01   2.55680606e-02   1.20860577e-01           30
sample_372.dat   8.67848098e-02   3.30626031e+05   5.77148616e-01   4.26140022e+01   2.29180083e-02   1.11708611e-01           27
sample_373.dat   9.60772112e-02   2.59345484e+05   5.76893985e-01   4.26140022e+01   2.36549228e-02   8.55481252e-02           20
sample_374.dat   9.87338349e-02   2.46518672e+05   5.77148616e-01   4.26140022e+01   2.47434378e-02   2.16458917e-01           28
sample_375.dat   1.00630172e-01   2.37135453e+05   5.76897860e-01   4.26140022e+01   3.28638405e-02   2.04519704e-01           29
sample_376.dat   9.32010710e-02   2.80482844e+05   5.76821148e-01   4.26140022e+01   2.82208342e-02   1.06924415e-01           30
sample_377.dat   8.89422446e-02   3.14863281e+05   5.76924801e-01   4.26140022e+01   2.24593263e-02   1.57261744e-01           28
sample_378.dat   9.92115512e-02   2.45715453e+05   5.77153265e-01   4.26140022e+01   2.77462229e-02   1.66340306e-01           25
sample_379.dat   1.03329509e-01   2.20254266e+05   5.77108562e-01   4.26140022e+01   3.53926048e-02   1.65031821e-01           28
sample_380.dat   9.69283506e-02   2.58109531e+05   5.77205360e-01   4.26140022e+01   2.90966146e-02   1.35242879e-01           29
sample_381.dat   8.54443237e-02   3.46053125e+05   5.77180862e-01   4.26140022e+01   2.22897362e-02   2.86307991e-01           29
sample_382.dat   9.64693576e-02   2.60026578e+05   5.76626420e-01   4.26140022e+01   1.86616629e-02   1.76257178e-01           24
sample_383.dat   9.82281789e-02   2.47960391e+05   5.76766431e-01   4.26140022e+01   1.78050362e-02   7.94097245e-01           26
sample_384.dat   9.96236578e-02   2.40594578e+05   5.77165782e-01   4.26140022e+01   3.28706950e-02   2.23355070e-01           26
sample_385.dat   8.75022337e-02   3.23169844e+05   5.76515913e-01   4.26140022e+01   1.93722006e-02   2.50358522e-01           27
sample_386.dat   9.05770734e-02   2.98951281e+05   5.76948762e-01   4.26140022e+01   2.64764745e-02   1.26086369e-01           26
sample_387.dat   8.90955925e-02   3.11118406e+05   5.77012837e-01   4.26140022e+01   1.71183571e-02   3.49981070e-01           27
sample_388.dat   9.82547477e-02   2.48600828e+05   5.77073932e-01   4.26140022e+01   2.86038183e-02   2.63242394e-01           29
sample_389.dat   9.79735702e-02   2.48813656e+05   5.76764643e-01   4.26140022e+01   3.01428977e-02   5.88787161e-02           28
sample_390.dat   9.53848436e-02   2.66733906e+05   5.77143192e-01   4.26140022e+01   3.19313183e-02   1.25060573e-01           27
sample_391.dat   1.01664126e-01   2.29025812e+05   5.76901376e-01   4.26140022e+01   2.34729946e-02   1.15263663e-01           27
sample_392.dat   9.87603143e-02   2.45393141e+05   5.76897860e-01   4.26140022e+01   2.23722663e-02   9.45392549e-02           30
sample_393.dat   8.98971558e-02   3.06012906e+05   5.77211440e-01   4.26140022e+01   3.04325242e-02   1.50594145e-01           27
sample_394.dat   9.60979909e-02   2.61868938e+05   5.76311350e-01   4.26140022e+01   2.59319115e-02   1.60111248e-01           27
sample_395.dat   1.01120435e-01   2.32646750e+05   5.77004254e-01   4.26140022e+01   2.81879008e-02   1.36402145e-01           28
sample_396.dat   9.86288935e-02   2.45302250e+05   5.76977968e-01   4.26140022e+01   3.73355709e-02   9.74615440e-02           27
sample_397.dat   8.88827890e-02   3.14397031e+05   5.77174366e-01   4.26140022e+01   2.39262655e-02   2.23415941e-01           28
sample_398.dat   9.52688158e-02   2.66755531e+05   5.76662421e-01   4.26140022e+01   2.43387297e-02   1.09169297e-01           27
sample_399.dat   1.03392422e-01   2.20664594e+05   5.76913178e-01   4.26140022e+01   2.95504238e-02   2.24100813e-01           27
sample_400.dat   9.46283638e-02   5.98407938e+05   5.77144921e-01   9.46920013e+01   2.92810164e-02   1.98181525e-01           27
sample_401.dat   9.85358730e-02   5.46957375e+05   5.77250361e-01   9.46920013e+01   2.97158826e-02   2.90059179e-01           27
sample_402.dat   1.00760430e-01   5.19113281e+05   5.77067971e-01   9.46920013e+01   2.46220343e-02   2.99523383e-01           28
sample_403.dat   9.88555178e-02   5.44374875e+05   5.77250898e-01   9.46920013e+01   2.95085423e-02   1.65783942e-01           29
sample_404.dat   9.43499058e-02   6.04990062e+05   5.77175915e-01   9.46920013e+01   2.83804405e-02   9.13795903e-02           29
sample_405.dat   9.60367173e-02   5.78157750e+05   5.77112079e-01   9.46920013e+01   2.77356189e-02   9.25630406e-02           29
sample_406.dat   9.45584103e-02   6.02014750e+05   5.77035785e-01   9.46920013e+01   3.23770419e-02   1.05873764e-01           28
sample_407.dat   1.00229904e-01   5.25453625e+05   5.77004254e-01   9.46920013e+01   3.10841966e-02   1.10907450e-01           26
sample_408.dat   9.76955444e-02   5.57976625e+05   5.77067256e-01   9.46920013e+01   2.81966440e-02   3.72729510e-01           28
sample_409.dat   9.58886668e-02   5.85467750e+05   5.77035785e-01   9.46920013e+01   2.85739563e-02   1.46594897e-01           29
sample_410.dat   9.86357555e-02   5.47981438e+05   5.77230453e-01   9.46920013e+01   2.67044622e-02   7.12701157e-02           30
sample_411.dat   9.35883522e-02   6.15288500e+05   5.77198446e-01   9.46920013e+01   2.53962632e-02   9.38948691e-02           27
sample_412.dat   9.39294696e-02   6.07346812e+05   5.77230871e-01   9.46920013e+01   2.74758656e-02   2.26791084e-01           27
sample_413.dat   9.47969407e-02   5.98393062e+05   5.77237368e-01   9.46920013e+01   2.94130594e-02   1.35391086e-01           25
sample_414.dat   9.36175510e-02   6.14198312e+05   5.77240884e-01   9.46920013e+01   2.42950674e-02   7.61064515e-02           26
sample_415.dat   9.88653004e-02   5.42721375e+05   5.77230453e-01   9.46920013e+01   2.93195490e-02   1.31456316e-01           29
sample_416.dat   9.49564427e-02   5.96210625e+05   5.77230453e-01   9.46920013e+01   2.62381453e-02   1.05975777e-01           26
sample_417.dat   9.48021561e-02   5.96762438e+05   5.77068031e-01   9.46920013e+01   2.68114321e-02   1.78406835e-01           28
sample_418.dat   9.95128676e-02   5.30583500e+05   5.77180862e-01   9.46920013e+01   2.29520164e-02   2.49123439e-01           26
sample_419.dat   1.03449658e-01   4.87847000e+05   5.76817453e-01   9.46920013e+01   2.68345401e-02   1.07222363e-01           28
sample_420.dat   9.91722718e-02   5.37041625e+05   5.77112079e-01   9.46920013e+01   2.60347724e-02   1.63215488e-01           29
sample_421.dat   9.86697748e-02   5.46862688e+05   5.76928735e-01   9.46920013e+01   2.61478070e-02   1.05426885e-01           30
sample_422.dat   9.90992635e-02   5.37162312e+05   5.77237368e-01   9.46920013e+01   2.99759600e-02   1.06528431e-01           29
sample_423.dat   1.00546956e-01   5.20869156e+05   5.77153265e-01   9.46920013e+01   3.12069524e-02   1.64127469e-01           28
sample_424.dat   9.98299271e-02   5.31436688e+05   5.77120423e-01   9.46920013e+01   2.09240876e-02   6.13140054e-02           27
sample_425.dat   9.62114930e-02   5.76107688e+05   5.76970756e-01   9.46920013e+01   2.13892311e-02   1.13975413e-01           24
sample_426.dat   9.86836329e-02   5.44858250e+05   5.77076614e-01   9.46920013e+01   1.96883976e-02   1.66819394e-01           29
sample_427.dat   9.45665911e-02   5.99941188e+05   5.77125490e-01   9.46920013e+01   3.00829038e-02   1.56168774e-01           27
sample_428.dat   9.77606177e-02   5.58649062e+05   5.77224255e-01   9.46920013e+01   3.35422419e-02   1.05153538e-01           30
sample_429.dat   9.38898996e-02   6.08331312e+05   5.77143192e-01   9.46920013e+01   3.31001207e-02   1.35050476e-01           27
sample_430.dat   9.61778313e-02   5.76201688e+05   5.77144921e-01   9.46920013e+01   2.48163994e-02   7.76258707e-02           25
sample_431.dat   9.53144580e-02   5.91187438e+05   5.77143669e-01   9.46920013e+01   2.23482754e-02   1.26165882e-01           29
sample_432.dat   8.92906263e-02   6.86003750e+05   5.77217638e-01   9.46920013e+01   2.66207270e-02   1.27098158e-01           27
sample_433.dat   9.97563004e-02   5.29720375e+05   5.77205360e-01   9.46920013e+01   3.00530326e-02   1.43232822e-01           28
sample_434.dat   9.51212943e-02   5.93507625e+05   5.77211440e-01   9.46920013e+01   2.70509552e-02   7.38543496e-02           29
sample_435.dat   9.92342234e-02   5.35395188e+05   5.77090025e-01   9.46920013e+01   2.56295502e-02   2.10773364e-01           28
sample_436.dat   9.51396376e-02   5.89234750e+05   5.77230453e-01   9.46920013e+01   2.98245549e-02   1.16512462e-01           22
sample_437.dat   9.54216644e-02   5.85788250e+05   5.77272177e-01   9.46920013e+01   3.32670845e-02   9.52101350e-02           25
sample_438.dat   9.64353830e-02   5.71315125e+05   5.77198446e-01   9.46920013e+01   2.98228674e-02   5.46920858e-02           26
sample_439.dat   1.01770990e-01   5.07790719e+05   5.76893985e-01   9.46920013e+01   3.45672853e-02   1.77733913e-01           27
sample_440.dat   9.54457298e-02   5.87226875e+05   5.77209234e-01   9.46920013e+01   2.34542806e-02   7.20572546e-02           26
sample_441.dat   9.61753502e-02   5.80751000e+05   5.77230096e-01   9.46920013e+01   3.32796499e-02   2.29043543e-01           29
sample_442.dat   9.75336805e-02   5.60317875e+05   5.77209234e-01   9.46920013e+01   2.96482798e-02   6.67038783e-02           30
sample_443.dat   9.76811573e-02   5.56017812e+05   5.77093720e-01   9.46920013e+01   2.59519834e-02   1.35206163e-01           29
sample_444.dat   9.40028876e-02   6.07833375e+05   5.77179909e-01   9.46920013e+01   2.77850255e-02   1.82986945e-01           26
sample_445.dat   9.21205357e-02   6.40787062e+05   5.77230096e-01   9.46920013e+01   2.43817102e-02   1.44294962e-01           28
sample_446.dat   9.60597545e-02   5.79876312e+05   5.77188551e-01   9.46920013e+01   2.56413184e-02   2.20184907e-01           28
sample_447.dat   1.02325298e-01   5.01933062e+05   5.77053368e-01   9.46920013e+01   2.79861335e-02   1.98800653e-01           27
sample_448.dat   9.81785357e-02   5.48443688e+05   5.77222586e-01   9.46920013e+01   3.17962281e-02   4.04415399e-01           22
sample_449.dat   1.00121498e-01   5.24839438e+05   5.76980770e-01   9.46920013e+01   3.06663085e-02   1.62132025e-01           28
sample_450.dat   9.62656736e-02   5.75268000e+05   5.77255845e-01   9.46920013e+01   3.01169120e-02   8.99778530e-02           28
sample_451.dat   9.81755108e-02   5.49606375e+05   5.77166796e-01   9.46920013e+01   2.55934168e-02   9.40173641e-02           27
sample_452.dat   9.58645791e-02   5.81433125e+05   5.77205002e-01   9.46920013e+01   2.78041176e-02   7.10869431e-02           27
sample_453.dat   9.83465388e-02   5.42438875e+05   5.77038467e-01   9.46920013e+01   3.42764743e-02   5.58652095e-02           20
sample_454.dat   1.02159992e-01   5.02871469e+05   5.77073932e-01   9.46920013e+01   2.49087568e-02   1.39107361e-01           27
sample_455.dat   1.02618456e-01   5.00869031e+05   5.77101946e-01   9.46920013e+01   2.75887307e-02   1.61403939e-01           30
sample_456.dat   9.60706100e-02   5.79212438e+05   5.76988816e-01   9.46920013e+01   2.51361337e-02   1.14270359e-01           27
sample_457.dat   1.02757506e-01   4.98117500e+05   5.76901376e-01   9.46920013e+01   2.59305146e-02   1.63669765e-01           29
sample_458.dat   9.76892635e-02   5.58565500e+05   5.77198446e-01   9.46920013e+01   2.56871358e-02   9.37531441e-02           26
sample_459.dat   9.97875631e-02   5.31219000e+05   5.77255845e-01   9.46920013e+01   2.83271540e-02   1.34427339e-01           26
sample_460.dat   9.66696814e-02   5.71618875e+05   5.77272177e-01   9.46920013e+01   2.45721787e-02   1.45763770e-01           28
sample_461.dat   9.83881205e-02   5.49047188e+05   5.76582432e-01   9.46920013e+01   2.91505381e-02   5.27991280e-02           26
sample_462.dat   1.00785673e-01   5.21041031e+05   5.77199101e-01   9.46920013e+01   2.67964769e-02   1.86185718e-01           29
sample_463.dat   9.41103697e-02   6.05411375e+05   5.76846540e-01   9.46920013e+01   3.41693945e-02   9.28776637e-02           28
sample_464.dat   9.83456150e-02   5.52102562e+05   5.77101946e-01   9.46920013e+01   2.71751601e-02   1.64793074e-01           29
sample_465.dat   9.62856635e-02   5.76450688e+05   5.76980472e-01   9.46920013e+01   3.12654860e-02   1.43696576e-01           27
sample_466.dat   9.58863050e-02   5.81885188e+05   5.77205360e-01   9.46920013e+01   2.91292928e-02   1.30310819e-01           29
sample_467.dat   1.00458831e-01   5.22553375e+05   5.77110112e-01   9.46920013e+01   3.17392908e-02   9.81997624e-02           27
sample_468.dat   9.82116312e-02   5.48570312e+05   5.77012837e-01   9.46920013e+01   2.29310226e-02   1.67231157e-01           26
sample_469.dat   1.00406542e-01   5.24707188e+05   5.77230871e-01   9.46920013e+01   2.35394295e-02   8.90436321e-02           28
sample_470.dat   9.80092883e-02   5.54881500e+05   5.77076614e-01   9.46920013e+01   3.38116549e-02   1.13511816e-01           29
sample_471.dat   1.00421473e-01   5.23787125e+05   5.77240884e-01   9.46920013e+01   2.66490877e-02   2.06703320e-01           28
sample_472.dat   9.92617235e-02   5.38430062e+05   5.77076614e-01   9.46920013e+01   2.58437525e-02   8.97580758e-02           29
sample_473.dat   9.50866118e-02   5.96262562e+05   5.77198446e-01   9.46920013e+01   3.34489346e-02   1.83169544e-01           29
sample_474.dat   9.37080309e-02   6.13065750e+05   5.77230871e-01   9.46920013e+01   2.73012314e-02   4.34521794e-01           29
sample_475.dat   9.50711146e-02   5.95307750e+05   5.77209234e-01   9.46920013e+01   2.97132190e-02   7.96082094e-02           28
sample_476.dat   1.00934334e-01   5.17141062e+05   5.77076614e-01   9.46920013e+01   2.62477510e-02   1.80347279e-01           23
sample_477.dat   1.01242669e-01   5.11380656e+05   5.77203453e-01   9.46920013e+01   3.59335952e-02   2.04569742e-01           27
sample_478.dat   9.44844931e-02   6.04469938e+05   5.77237368e-01   9.46920013e+01   2.98483074e-02   1.63708240e-01           29
sample_479.dat   9.94297192e-02   5.34513562e+05   5.76987684e-01   9.46920013e+01   2.83646621e-02   1.14408053e-01           26
sample_480.dat   9.44647491e-02   6.04329625e+05   5.77203453e-01   9.46920013e+01   2.92593893e-02   7.46871009e-02           29
sample_481.dat   9.53346416e-02   5.89130000e+05   5.77204406e-01   9.46920013e+01   2.69785430e-02   6.31540865e-02           27
sample_482.dat   9.89607722e-02   5.39099438e+05   5.77174366e-01   9.46920013e+01   3.07279658e-02   1.47291556e-01           26
sample_483.dat   9.65019166e-02   5.73375625e+05   5.77238858e-01   9.46920013e+01   3.39144245e-02   3.13812613e-01           26
sample_484.dat   9.63100195e-02   5.76037688e+05   5.77222586e-01   9.46920013e+01   2.71753948e-02   1.89616248e-01           30
sample_485.dat   1.01667643e-01   5.07134344e+05   5.77217221e-01   9.46920013e+01   2.79111750e-02   4.95623350e-02           27
sample_486.dat   9.55479965e-02   5.86688812e+05   5.77079356e-01   9.46920013e+01   2.85790227e-02   1.56860575e-01           26
sample_487.dat   9.77333486e-02   5.57722125e+05   5.77230453e-01   9.46920013e+01   2.64018476e-02   1.11275867e-01           29
sample_488.dat   9.63991806e-02   5.77427812e+05   5.77240884e-01   9.46920013e+01   2.18666177e-02   1.92140013e-01           29
sample_489.dat   9.42900330e-02   6.06828750e+05   5.77205360e-01   9.46920013e+01   2.44587567e-02   1.66317195e-01           28
sample_490.dat   9.93791595e-02   5.39232938e+05   5.77143192e-01   9.46920013e+01   3.62222381e-02   1.21053278e-01           28
sample_491.dat   9.64394137e-02   5.75342062e+05   5.77148616e-01   9.46920013e+01   2.43865922e-02   1.06519237e-01           30
sample_492.dat   9.82545912e-02   5.50934375e+05   5.77272177e-01   9.46920013e+01   3.05453576e-02   1.04354389e-01           28
sample_493.dat   1.00184813e-01   5.22624469e+05   5.77247024e-01   9.46920013e+01   2.84224264e-02   8.80777165e-02           25
sample_494.dat   9.83525962e-02   5.49199812e+05   5.77192485e-01   9.46920013e+01   3.22348364e-02   1.48352489e-01           27
sample_495.dat   9.71552283e-02   5.63979312e+05   5.77076614e-01   9.46920013e+01   2.60911882e-02   1.80628076e-01           26
sample_496.dat   9.73858386e-02   5.57898688e+05   5.77093720e-01   9.46920013e+01   2.04574652e-02   6.49572238e-02           26
sample_497.dat   9.81823429e-02   5.50103000e+05   5.77230096e-01   9.46920013e+01   3.08714900e-02   1.63666695e-01           30
sample_498.dat   1.02890857e-01   4.95125438e+05   5.77096403e-01   9.46920013e+01   2.32740585e-02   2.04670802e-01           26
sample_499.dat   1.01724438e-01   5.06647031e+05   5.77055991e-01   9.46920013e+01   3.06466054e-02   1.23303540e-01           28
sample_500.dat   9.65879485e-02   1.28639262e+06   5.77012837e-01   2.13083008e+02   2.61968765e-02   5.24401926e-02           27
sample_501.dat   9.80927646e-02   1.23790288e+06   5.77188551e-01   2.13083008e+02   2.75812391e-02   8.16239268e-02           27
sample_502.dat   1.00111596e-01   1.18961762e+06   5.77153265e-01   2.13083008e+02   2.52196584e-02   1.24305591e-01           29
sample_503.dat   9.84204486e-02   1.22914488e+06   5.77192485e-01   2.13083008e+02   2.98154745e-02   1.61187023e-01           25
sample_504.dat   9.68190879e-02   1.28172388e+06   5.77209234e-01   2.13083008e+02   2.49726903e-02   1.59699306e-01           30
sample_505.dat   9.90574807e-02   1.21343138e+06   5.77240884e-01   2.13083008e+02   2.55329330e-02   4.97661605e-02           27
sample_506.dat   1.00478232e-01   1.17452000e+06   5.77211440e-01   2.13083008e+02   2.45437697e-02   7.92622194e-02           30
sample_507.dat   9.63621512e-02   1.29238000e+06   5.77188551e-01   2.13083008e+02   3.05029750e-02   8.08236524e-02           27
sample_508.dat   9.68347639e-02   1.28145838e+06   5.77211440e-01   2.13083008e+02   2.35634726e-02   7.31830299e-02           29
sample_509.dat   9.46081057e-02   1.34351800e+06   5.77079356e-01   2.13083008e+02   2.14127637e-02   1.04525581e-01           26
sample_510.dat   9.97658521e-02   1.19291875e+06   5.77230871e-01   2.13083008e+02   2.81164404e-02   1.24788471e-01           30
sample_511.dat   9.99729112e-02   1.18314025e+06   5.77158093e-01   2.13083008e+02   2.55023018e-02   9.61640179e-02           27
sample_512.dat   9.87150967e-02   1.22120600e+06   5.77247024e-01   2.13083008e+02   2.71575693e-02   1.21122859e-01           29
sample_513.dat   9.51640606e-02   1.33611325e+06   5.77238858e-01   2.13083008e+02   2.50383168e-02   1.19094022e-01           27
sample_514.dat   9.95055586e-02   1.19352300e+06   5.77269971e-01   2.13083008e+02   2.91504897e-02   1.70429885e-01           24
sample_515.dat   9.94101018e-02   1.19610812e+06   5.77211440e-01   2.13083008e+02   2.64232568e-02   1.49905860e-01           27
sample_516.dat   9.61461589e-02   1.30085425e+06   5.77255845e-01   2.13083008e+02   2.84747593e-02   1.19196460e-01           27
sample_517.dat   9.61035788e-02   1.29461500e+06   5.77207863e-01   2.13083008e+02   2.71457434e-02   6.21352084e-02           25
sample_518.dat   9.44229737e-02   1.35194575e+06   5.77269971e-01   2.13083008e+02   3.33849639e-02   1.07165433e-01           28
sample_519.dat   9.84375700e-02   1.22631800e+06   5.77230453e-01   2.13083008e+02   3.05685028e-02   1.32638186e-01           27
sample_520.dat   9.14347321e-02   1.45334350e+06   5.77238858e-01   2.13083008e+02   2.95920949e-02   3.72843593e-01           28
sample_521.dat   9.93322358e-02   1.19823375e+06   5.77211440e-01   2.13083008e+02   2.92219464e-02   7.91078284e-02           27
sample_522.dat   9.94987786e-02   1.20043562e+06   5.77255845e-01   2.13083008e+02   2.92562023e-02   6.50897920e-02           26
sample_523.dat   9.94525254e-02   1.20624925e+06   5.77250898e-01   2.13083008e+02   3.01306080e-02   1.12924293e-01           30
sample_524.dat   1.01123065e-01   1.15157900e+06   5.77144921e-01   2.13083008e+02   2.66411360e-02   5.25722913e-02           26
sample_525.dat   9.98391807e-02   1.18818612e+06   5.77074051e-01   2.13083008e+02   2.11451873e-02   9.38934013e-02           26
sample_526.dat   9.30287689e-02   1.40417175e+06   5.77250361e-01   2.13083008e+02   3.15440334e-02   5.22906296e-02           28
sample_527.dat   9.81001779e-02   1.24031862e+06   5.77148616e-01   2.13083008e+02   2.86489800e-02   9.48648378e-02           28
sample_528.dat   9.83507484e-02   1.23303912e+06   5.77250123e-01   2.13083008e+02   2.91571226e-02   3.93283665e-02           28
sample_529.dat   9.94261280e-02   1.19475638e+06   5.77222586e-01   2.13083008e+02   2.47886088e-02   1.61566600e-01           25
sample_530.dat   9.33523476e-02   1.38732212e+06   5.77205360e-01   2.13083008e+02   2.52677705e-02   7.04699680e-02           26
sample_531.dat   9.64575410e-02   1.28765238e+06   5.77230871e-01   2.13083008e+02   2.62446199e-02   5.78987002e-02           28
sample_532.dat   9.93098766e-02   1.20701838e+06   5.77238858e-01   2.13083008e+02   2.74515431e-02   9.16814134e-02           28
sample_533.dat   9.72157866e-02   1.25872325e+06   5.77204406e-01   2.13083008e+02   2.34243758e-02   1.31871924e-01           26
sample_534.dat   9.65127870e-02   1.28433062e+06   5.77250123e-01   2.13083008e+02   2.71874052e-02   5.84727526e-02           27
sample_535.dat   9.91032124e-02   1.20903112e+06   5.77269971e-01   2.13083008e+02   2.43715458e-02   8.44694823e-02           26
sample_536.dat   1.00045301e-01   1.18005862e+06   5.77188551e-01   2.13083008e+02   2.42589787e-02   7.04350621e-02           28
sample_537.dat   9.75405127e-02   1.25740600e+06   5.77269971e-01   2.13083008e+02   2.53266357e-02   7.06972852e-02           28
sample_538.dat   9.86688808e-02   1.22720138e+06   5.77153265e-01   2.13083008e+02   2.81229075e-02   8.38566720e-02           30
sample_539.dat   9.79392976e-02   1.24693000e+06   5.77240884e-01   2.13083008e+02   2.86973119e-02   9.05625597e-02           28
sample_540.dat   9.86187309e-02   1.22297488e+06   5.77230096e-01   2.13083008e+02   2.87388507e-02   1.65669456e-01           28
sample_541.dat   9.76452157e-02   1.25033188e+06   5.77272177e-01   2.13083008e+02   2.83851307e-02   7.27058426e-02           29
sample_542.dat   9.54095423e-02   1.32566400e+06   5.77217221e-01   2.13083008e+02   2.85183191e-02   1.10614881e-01           29
sample_543.dat   9.89520177e-02   1.21781200e+06   5.77222586e-01   2.13083008e+02   2.83290371e-02   8.32763687e-02           28
sample_544.dat   9.71209481e-02   1.26125375e+06   5.77250361e-01   2.13083008e+02   2.39510778e-02   1.29236639e-01           24
sample_545.dat   9.97667089e-02   1.19247212e+06   5.77272177e-01   2.13083008e+02   2.60676816e-02   1.37104571e-01           27
sample_546.dat   1.01450555e-01   1.14836050e+06   5.77144921e-01   2.13083008e+02   2.25438494e-02   4.93521281e-02           27
sample_547.dat   9.72163007e-02   1.26815200e+06   5.77211440e-01   2.13083008e+02   2.84550358e-02   9.98572707e-02           27
sample_548.dat   9.74724069e-02   1.25086100e+06   5.77188551e-01   2.13083008e+02   2.48091891e-02   3.10855359e-01           27
sample_549.dat   9.85553712e-02   1.22730112e+06   5.77237368e-01   2.13083008e+02   2.96781864e-02   1.07534058e-01           27
sample_550.dat   9.51902717e-02   1.32866525e+06   5.77250123e-01   2.13083008e+02   2.35968754e-02   9.43271741e-02           27
sample_551.dat   9.71388891e-02   1.26687338e+06   5.77250898e-01   2.13083008e+02   2.89765317e-02   9.51061025e-02           28
sample_552.dat   9.96526182e-02   1.19350062e+06   5.77096403e-01   2.13083008e+02   2.95840241e-02   2.69286633e-01           27
sample_553.dat   9.51441675e-02   1.33079312e+06   5.77240884e-01   2.13083008e+02   2.41932217e-02   7.19385222e-02           30
sample_554.dat   9.70845520e-02   1.27443362e+06   5.77204406e-01   2.13083008e+02   2.99011525e-02   7.20319077e-02           30
sample_555.dat   9.94223580e-02   1.20124025e+06   5.77179909e-01   2.13083008e+02   2.63620149e-02   6.31506220e-02           28
sample_556.dat   9.65180323e-02   1.28819950e+06   5.77272177e-01   2.13083008e+02   2.52879877e-02   8.18931162e-02           27
sample_557.dat   9.84026343e-02   1.22817788e+06   5.77217638e-01   2.13083008e+02   2.38463711e-02   1.01452395e-01           27
sample_558.dat   9.88166258e-02   1.21821675e+06   5.77217638e-01   2.13083008e+02   2.50979383e-02   5.60213290e-02           27
sample_559.dat   9.68872011e-02   1.27413688e+06   5.77237368e-01   2.13083008e+02   2.83585396e-02   7.34261125e-02           28
sample_560.dat   9.69123542e-02   1.27748062e+06   5.77237368e-01   2.13083008e+02   2.84853093e-02   7.37008005e-02           27
sample_561.dat   9.72241089e-02   1.26387862e+06   5.77144563e-01   2.13083008e+02   2.67133135e-02   8.06635246e-02           28
sample_562.dat   9.73543525e-02   1.26287912e+06   5.77153265e-01   2.13083008e+02   2.86979526e-02   1.10349655e-01           29
sample_563.dat   1.00667506e-01   1.17234700e+06   5.77230453e-01   2.13083008e+02   2.62176059e-02   1.05115779e-01           29
sample_564.dat   9.73521769e-02   1.26160475e+06   5.77250361e-01   2.13083008e+02   2.87072770e-02   6.40387163e-02           27
sample_565.dat   9.94699076e-02   1.20248825e+06   5.77180862e-01   2.13083008e+02   3.40602696e-02   1.04523972e-01           28
sample_566.dat   9.51454937e-02   1.32724225e+06   5.77224255e-01   2.13083008e+02   2.62371339e-02   1.03722990e-01           25
sample_567.dat   1.02393843e-01   1.12359575e+06   5.77230096e-01   2.13083008e+02   2.56079901e-02   1.13631144e-01           28
sample_568.dat   9.69488770e-02   1.27727200e+06   5.77211440e-01   2.13083008e+02   2.38037780e-02   5.93339428e-02           28
sample_569.dat   9.90269184e-02   1.21492175e+06   5.77230453e-01   2.13083008e+02   2.91647334e-02   6.98168501e-02           30
sample_570.dat   9.80976671e-02   1.24194225e+06   5.77230453e-01   2.13083008e+02   2.69463491e-02   1.11239426e-01           30
sample_571.dat   1.00577563e-01   1.16754850e+06   5.76988041e-01   2.13083008e+02   2.96283886e-02   1.75612375e-01           25
sample_572.dat   9.56831053e-02   1.31489512e+06   5.77238858e-01   2.13083008e+02   2.46063098e-02   5.01973405e-02           28
sample_573.dat   9.83232409e-02   1.23568850e+06   5.77255845e-01   2.13083008e+02   2.68573668e-02   9.10711437e-02           28
sample_574.dat   9.69035551e-02   1.27018550e+06   5.77205002e-01   2.13083008e+02   2.90656034e-02   1.01086825e-01           24
sample_575.dat   9.55591053e-02   1.32572250e+06   5.77222586e-01   2.13083008e+02   2.55963150e-02   8.43875259e-02           29
sample_576.dat   9.87066925e-02   1.22569675e+06   5.77272177e-01   2.13083008e+02   2.74562594e-02   1.05447225e-01           30
sample_577.dat   9.54616293e-02   1.31556838e+06   5.77205360e-01   2.13083008e+02   2.53511854e-02   1.85416684e-01           26
sample_578.dat   9.47626159e-02   1.34732312e+06   5.77150524e-01   2.13083008e+02   2.67658159e-02   1.02477863e-01           30
sample_579.dat   1.01092674e-01   1.15593188e+06   5.77255845e-01   2.13083008e+02   2.40441766e-02   1.21424370e-01           28
sample_580.dat   9.82451588e-02   1.23754250e+06   5.77250361e-01   2.13083008e+02   2.64547206e-02   9.01360214e-02           29
sample_581.dat   9.35292244e-02   1.38417912e+06   5.77222586e-01   2.13083008e+02   2.45775394e-02   7.20831528e-02           28
sample_582.dat   9.66550633e-02   1.28149175e+06   5.77247024e-01   2.13083008e+02   2.45001819e-02   1.30444020e-01           27
sample_583.dat   9.76468176e-02   1.25411188e+06   5.77205360e-01   2.13083008e+02   2.68460289e-02   9.61749926e-02           27
sample_584.dat   1.01579458e-01   1.14165612e+06   5.77207863e-01   2.13083008e+02   3.03183906e-02   6.89831600e-02           27
sample_585.dat   9.70440432e-02   1.27628150e+06   5.77250123e-01   2.13083008e+02   2.87603997e-02   1.35228142e-01           28
sample_586.dat   9.99331549e-02   1.18921538e+06   5.77143669e-01   2.13083008e+02   2.84335352e-02   1.05786458e-01           30
sample_587.dat   9.57968011e-02   1.30602000e+06   5.77180326e-01   2.13083008e+02   3.12643163e-02   6.62579760e-02           26
sample_588.dat   9.74316671e-02   1.25666550e+06   5.77188551e-01   2.13083008e+02   2.72027832e-02   7.64569417e-02           27
sample_589.dat   9.59256515e-02   1.29619025e+06   5.77230453e-01   2.13083008e+02   2.23743264e-02   2.18085423e-01           25
sample_590.dat   9.79466289e-02   1.24759288e+06   5.77203453e-01   2.13083008e+02   2.88038347e-02   8.88385922e-02           28
sample_591.dat   1.03184760e-01   1.10639400e+06   5.77143669e-01   2.13083008e+02   2.68645193e-02   1.17216259e-01           29
sample_592.dat   9.54423994e-02   1.32156112e+06   5.77198446e-01   2.13083008e+02   2.65366286e-02   1.06315620e-01           28
sample_593.dat   9.61779878e-02   1.29242200e+06   5.77230096e-01   2.13083008e+02   2.77142078e-02   9.64158475e-02           27
sample_594.dat   9.47891325e-02   1.33976062e+06   5.77090025e-01   2.13083008e+02   2.57831160e-02   9.52496231e-02           26
sample_595.dat   9.82652679e-02   1.23419950e+06   5.77240884e-01   2.13083008e+02   3.01257987e-02   6.53208345e-02           28
sample_596.dat   9.58530605e-02   1.30888638e+06   5.77224255e-01   2.13083008e+02   2.64660362e-02   6.92455620e-02           26
sample_597.dat   9.65424031e-02   1.29055425e+06   5.77272177e-01   2.13083008e+02   2.78751291e-02   1.36821941e-01           29
sample_598.dat   9.74232107e-02   1.25815312e+06   5.77222586e-01   2.13083008e+02   2.64848415e-02   5.82457855e-02           27
sample_599.dat   9.56035480e-02   1.31870225e+06   5.77205360e-01   2.13083008e+02   2.49276068e-02   7.78834373e-02           28
sample_600.dat   9.71730798e-02   2.52863775e+06   5.77250898e-01   4.26166016e+02   2.95901336e-02   8.84080082e-02           28
sample_601.dat   9.69508663e-02   2.55621250e+06   5.77247024e-01   4.26166016e+02   2.26102062e-02   5.27694337e-02           29
sample_602.dat   9.87315103e-02   2.42770925e+06   5.77240884e-01   4.26166016e+02   2.81277914e-02   1.90726221e-01           24
sample_603.dat   9.72488374e-02   2.52982050e+06   5.77211440e-01   4.26166016e+02   2.74634492e-02   1.05723619e-01           29
sample_604.dat   9.77449790e-02   2.49179575e+06   5.77205002e-01   4.26166016e+02   2.73573268e-02   3.95532139e-02           25
sample_605.dat   9.52375159e-02   2.64393775e+06   5.77247024e-01   4.26166016e+02   2.55547930e-02   9.96887758e-02           24
sample_606.dat   9.80612412e-02   2.47567200e+06   5.77250898e-01   4.26166016e+02   2.85026375e-02   5.55535480e-02           29
sample_607.dat   9.81760845e-02   2.47351125e+06   5.77250898e-01   4.26166016e+02   2.65770424e-02   1.04877934e-01           28
sample_608.dat   9.76287276e-02   2.49416425e+06   5.77203453e-01   4.26166016e+02   2.72582956e-02   1.18885152e-01           27
sample_609.dat   9.96467322e-02   2.39160700e+06   5.77247024e-01   4.26166016e+02   2.56560128e-02   8.76950547e-02           29
sample_610.dat   9.71710607e-02   2.52199675e+06   5.77250361e-01   4.26166016e+02   2.80045718e-02   9.35040712e-02           28
sample_611.dat   9.69852507e-02   2.52925775e+06   5.77238858e-01   4.26166016e+02   2.93165017e-02   1.30134702e-01           26
sample_612.dat   9.87722576e-02   2.43613725e+06   5.77269971e-01   4.26166016e+02   2.76778005e-02   4.57101017e-02           29
sample_613.dat   9.69771817e-02   2.53580500e+06   5.77247024e-01   4.26166016e+02   2.65959743e-02   6.44137934e-02           25
sample_614.dat   9.78039354e-02   2.48678575e+06   5.77269971e-01   4.26166016e+02   2.71706525e-02   8.24401528e-02           27
sample_615.dat   9.90036726e-02   2.41149025e+06   5.77217638e-01   4.26166016e+02   2.62198150e-02   7.62208477e-02           25
sample_616.dat   9.53376964e-02   2.64121850e+06   5.77237368e-01   4.26166016e+02   2.56346967e-02   1.13105446e-01           27
sample_617.dat   9.79269966e-02   2.48757150e+06   5.77272177e-01   4.26166016e+02   2.64081787e-02   8.59042332e-02           28
sample_618.dat   9.58442166e-02   2.61492025e+06   5.77217221e-01   4.26166016e+02   2.41101664e-02   1.08865611e-01           30
sample_619.dat   9.81849805e-02   2.45619400e+06   5.77255845e-01   4.26166016e+02   2.73198858e-02   1.36840999e-01           25
sample_620.dat   9.50388983e-02   2.66147400e+06   5.77250361e-01   4.26166016e+02   2.94030104e-02   9.34172347e-02           28
sample_621.dat   9.45503637e-02   2.69456150e+06   5.77240884e-01   4.26166016e+02   2.82570142e-02   1.36680230e-01           28
sample_622.dat   9.97185409e-02   2.37524550e+06   5.77240884e-01   4.26166016e+02   2.88103260e-02   8.47892091e-02           26
sample_623.dat   9.79697853e-02   2.48584625e+06   5.77269971e-01   4.26166016e+02   2.86192782e-02   6.39984459e-02           28
sample_624.dat   9.74582508e-02   2.52216775e+06   5.77247024e-01   4.26166016e+02   2.57628486e-02   1.15729719e-01           30
sample_625.dat   9.54486579e-02   2.63517125e+06   5.77230871e-01   4.26166016e+02   2.49015633e-02   3.97073142e-02           28
sample_626.dat   9.76758152e-02   2.50874500e+06   5.77222586e-01   4.26166016e+02   2.86915172e-02   1.05355293e-01           29
sample_627.dat   9.83939394e-02   2.45468525e+06   5.77127755e-01   4.26166016e+02   2.66634282e-02   7.66266957e-02           29
sample_628.dat   9.71544012e-02   2.53983400e+06   5.77188551e-01   4.26166016e+02   2.87484024e-02   6.51691183e-02           28
sample_629.dat   9.90082398e-02   2.41976575e+06   5.77205360e-01   4.26166016e+02   2.84061655e-02   8.77094641e-02           27
sample_630.dat   9.75149274e-02   2.51483600e+06   5.77255845e-01   4.26166016e+02   2.49546021e-02   5.54884374e-02           28
sample_631.dat   9.78414044e-02   2.48940775e+06   5.77217638e-01   4.26166016e+02   2.69822013e-02   4.36076075e-02           27
sample_632.dat   9.53275859e-02   2.64845825e+06   5.77247024e-01   4.26166016e+02   2.76165418e-02   7.89513811e-02           28
sample_633.dat   9.57950354e-02   2.62260325e+06   5.77247024e-01   4.26166016e+02   2.83271596e-02   1.49386197e-01           29
sample_634.dat   9.97978747e-02   2.38271325e+06   5.77203453e-01   4.26166016e+02   2.40986757e-02   6.90217093e-02           29
sample_635.dat   9.89556536e-02   2.42109550e+06   5.77238858e-01   4.26166016e+02   2.60034986e-02   3.80312763e-02           25
sample_636.dat   9.80802849e-02   2.47987100e+06   5.77269971e-01   4.26166016e+02   2.85943672e-02   5.12229316e-02           29
sample_637.dat   9.65872929e-02   2.56667600e+06   5.77269971e-01   4.26166016e+02   2.91089434e-02   1.43340603e-01           29
sample_638.dat   9.71135423e-02   2.54171775e+06   5.77222586e-01   4.26166016e+02   2.86180899e-02   8.79306644e-02           28
sample_639.dat   9.65481922e-02   2.57162725e+06   5.77255845e-01   4.26166016e+02   3.01094409e-02   4.73859087e-02           27
sample_640.dat   1.01311453e-01   2.30071250e+06   5.77272177e-01   4.26166016e+02   2.55234595e-02   5.02176359e-02           27
sample_641.dat   9.74214897e-02   2.51260925e+06   5.77240884e-01   4.26166016e+02   2.53331400e-02   1.02497280e-01           27
sample_642.dat   9.68005359e-02   2.54636125e+06   5.77272177e-01   4.26166016e+02   2.97247507e-02   1.34307817e-01           26
sample_643.dat   9.93371904e-02   2.40614075e+06   5.77224255e-01   4.26166016e+02   2.68347412e-02   6.49456531e-02           29
sample_644.dat   9.52125788e-02   2.64967950e+06   5.77217638e-01   4.26166016e+02   2.80392487e-02   7.74897560e-02           27
sample_645.dat   9.74560231e-02   2.50714150e+06   5.77240884e-01   4.26166016e+02   2.91462317e-02   1.48476347e-01           27
sample_646.dat   9.67465639e-02   2.54564225e+06   5.77272177e-01   4.26166016e+02   2.68491674e-02   1.91030055e-01           27
sample_647.dat   9.86875370e-02   2.42985075e+06   5.77250898e-01   4.26166016e+02   2.63889600e-02   2.35118791e-01           25
sample_648.dat   1.00029185e-01   2.37255950e+06   5.77250123e-01   4.26166016e+02   2.49626208e-02   1.80661902e-01           30
sample_649.dat   9.69624370e-02   2.54170425e+06   5.77272177e-01   4.26166016e+02   2.69373041e-02   9.69671756e-02           28
sample_650.dat   9.63659808e-02   2.57228325e+06   5.77237368e-01   4.26166016e+02   2.67309397e-02   1.33685693e-01           25
sample_651.dat   9.79318991e-02   2.47797700e+06   5.77240884e-01   4.26166016e+02   2.85152625e-02   1.02397107e-01           25
sample_652.dat   9.60601941e-02   2.59863325e+06   5.77250898e-01   4.26166016e+02   2.90162694e-02   9.42727998e-02           27
sample_653.dat   9.58160982e-02   2.61427875e+06   5.77255845e-01   4.26166016e+02   2.63600983e-02   7.41798803e-02           28
sample_654.dat   9.50096101e-02   2.66977400e+06   5.77272177e-01   4.26166016e+02   2.87889410e-02   1.27188772e-01           28
sample_655.dat   9.77958366e-02   2.49045025e+06   5.77250898e-01   4.26166016e+02   2.72009354e-02   1.48409292e-01           28
sample_656.dat   9.71161798e-02   2.53485600e+06   5.77240884e-01   4.26166016e+02   2.69245803e-02   8.92484412e-02           29
sample_657.dat   9.62136462e-02   2.59452725e+06   5.77269971e-01   4.26166016e+02   2.63138413e-02   7.03601465e-02           28
sample_658.dat   9.68072489e-02   2.55283550e+06   5.77230096e-01   4.26166016e+02   2.75452230e-02   1.56961381e-01           26
sample_659.dat   9.69282985e-02   2.54850450e+06   5.77272177e-01   4.26166016e+02   3.14779617e-02   5.07526286e-02           29
sample_660.dat   9.66706872e-02   2.55749925e+06   5.77150524e-01   4.26166016e+02   2.57587805e-02   8.37789997e-02           28
sample_661.dat   9.81522352e-02   2.48769275e+06   5.77269971e-01   4.26166016e+02   2.47578155e-02   7.34284669e-02           30
sample_662.dat   9.76516977e-02   2.50818125e+06   5.77272177e-01   4.26166016e+02   2.59947907e-02   9.98979583e-02           29
sample_663.dat   9.67125818e-02   2.55101100e+06   5.77250898e-01   4.26166016e+02   2.56963298e-02   4.89314646e-02           27
sample_664.dat   9.66921076e-02   2.55881050e+06   5.77207863e-01   4.26166016e+02   2.76358444e-02   4.04628217e-02           25
sample_665.dat   9.75668952e-02   2.51069800e+06   5.77144563e-01   4.26166016e+02   2.66553219e-02   1.01439968e-01           30
sample_666.dat   9.80228111e-02   2.47956625e+06   5.77272177e-01   4.26166016e+02   2.65686177e-02   1.10445075e-01           29
sample_667.dat   9.79434401e-02   2.48431500e+06   5.77238858e-01   4.26166016e+02   2.58801170e-02   8.35614726e-02           27
sample_668.dat   9.50691253e-02   2.65368000e+06   5.77250898e-01   4.26166016e+02   2.91978884e-02   1.27449706e-01           24
sample_669.dat   9.74198282e-02   2.50844400e+06   5.77192485e-01   4.26166016e+02   2.70381048e-02   1.11326680e-01           26
sample_670.dat   9.85891148e-02   2.44436800e+06   5.77269971e-01   4.26166016e+02   2.69848276e-02   1.66424975e-01           29
sample_671.dat   9.58123654e-02   2.60245075e+06   5.77255845e-01   4.26166016e+02   2.66621001e-02   1.20844677e-01           25
sample_672.dat   9.67938676e-02   2.55087875e+06   5.77240884e-01   4.26166016e+02   2.61505023e-02   5.43817617e-02           26
sample_673.dat   9.59654525e-02   2.59978275e+06   5.77026904e-01   4.26166016e+02   2.62808483e-02   9.63374227e-02           27
sample_674.dat   9.67606530e-02   2.54574625e+06   5.77255845e-01   4.26166016e+02   2.78867446e-02   1.07748665e-01           26
sample_675.dat   9.63820070e-02   2.57807500e+06   5.77222586e-01   4.26166016e+02   2.56103259e-02   1.31832913e-01           28
sample_676.dat   9.90341380e-02   2.41453925e+06   5.77247024e-01   4.26166016e+02   2.74040680e-02   1.27610520e-01           28
sample_677.dat   9.89423171e-02   2.42373450e+06   5.77237368e-01   4.26166016e+02   3.00754420e-02   4.25340571e-02           28
sample_678.dat   9.55562666e-02   2.61933225e+06   5.77269971e-01   4.26166016e+02   2.70908922e-02   1.89410433e-01           26
sample_679.dat   9.48570520e-02   2.66229625e+06   5.77192485e-01   4.26166016e+02   2.76211798e-02   1.53421044e-01           25
sample_680.dat   9.85836983e-02   2.44800650e+06   5.77272177e-01   4.26166016e+02   2.74576358e-02   5.87330833e-02           29
sample_681.dat   9.81246829e-02   2.47382250e+06   5.77224255e-01   4.26166016e+02   2.89185327e-02   5.49327061e-02           28
sample_682.dat   9.79066789e-02   2.48865275e+06   5.77207863e-01   4.26166016e+02   2.79005822e-02   9.41132456e-02           28
sample_683.dat   9.78117213e-02   2.49869575e+06   5.77272177e-01   4.26166016e+02   2.71653794e-02   1.20010987e-01           27
sample_684.dat   9.55580249e-02   2.63766400e+06   5.77250123e-01   4.26166016e+02   2.46557053e-02   7.52153471e-02           28
sample_685.dat   9.83026549e-02   2.47286975e+06   5.77250123e-01   4.26166016e+02   2.69160848e-02   1.71458870e-01           30
sample_686.dat   9.74976346e-02   2.50993750e+06   5.77217638e-01   4.26166016e+02   2.73866002e-02   7.15405196e-02           27
sample_687.dat   9.52989012e-02   2.64669025e+06   5.77250123e-01   4.26166016e+02   2.31467132e-02   7.59239718e-02           27
sample_688.dat   9.74279642e-02   2.50920125e+06   5.77247024e-01   4.26166016e+02   2.76176129e-02   1.57139942e-01           28
sample_689.dat   9.92001668e-02   2.41507325e+06   5.77255845e-01   4.26166016e+02   2.89150532e-02   8.89924020e-02           29
sample_690.dat   9.58583280e-02   2.62419175e+06   5.77250123e-01   4.26166016e+02   2.81607695e-02   5.35413325e-02           29
sample_691.dat   9.67745557e-02   2.55929100e+06   5.77204406e-01   4.26166016e+02   2.54652146e-02   8.96812081e-02           29
sample_692.dat   9.65537354e-02   2.57302100e+06   5.77255845e-01   4.26166016e+02   2.72679739e-02   1.01000346e-01           28
sample_693.dat   9.98310149e-02   2.37074750e+06   5.77238858e-01   4.26166016e+02   2.76032481e-02   8.10516477e-02           27
sample_694.dat   9.69212279e-02   2.54290100e+06   5.77255845e-01   4.26166016e+02   2.31002457e-02   7.71484450e-02           26
sample_695.dat   9.80816483e-02   2.46792475e+06   5.77250898e-01   4.26166016e+02   2.63395645e-02   6.25688881e-02           26
sample_696.dat   9.88628864e-02   2.42836075e+06   5.77255845e-01   4.26166016e+02   2.72547286e-02   9.36457887e-02           29
sample_697.dat   9.79188532e-02   2.49115075e+06   5.77272177e-01   4.26166016e+02   2.63704639e-02   1.23980694e-01           30
sample_698.dat   9.77844745e-02   2.49285175e+06   5.77198446e-01   4.26166016e+02   2.62433123e-02   7.67665356e-02           27
sample_699.dat   9.64466706e-02   2.57488100e+06   5.77222586e-01   4.26166016e+02   2.66285669e-02   1.11607753e-01           27
