#ID, Rs, Dc, R200, Mvir, xoff, rho_rms, niter
000   6.78117573e-02   6.16424375e+04   5.77313423e-01   4.25099993e+00   2.45025083e-02   8.44864011e-01           21
001   6.51162118e-02   6.84157266e+04   5.76092303e-01   4.25099993e+00   3.92449833e-02   1.50478736e-01           29
002   8.14370066e-02   3.94595547e+04   5.75902164e-01   4.25099993e+00   4.73554730e-02   1.16440058e-01           27
003   5.64732850e-02   9.55899062e+04   5.75246632e-01   4.25099993e+00   4.07639705e-02   4.18758601e-01           24
004   7.35514313e-02   4.96872930e+04   5.76803684e-01   4.25099993e+00   1.96298342e-02   4.55287844e-01           20
005   8.76864567e-02   3.34100781e+04   5.73062837e-01   4.25099993e+00   3.06890663e-02   2.50339627e-01           25
006   6.98213652e-02   5.69332461e+04   5.76651156e-01   4.25099993e+00   1.64915789e-02   1.77812740e-01           23
007   8.52952376e-02   3.56684844e+04   5.76271296e-01   4.25099993e+00   1.54250991e-02   2.80326515e-01           27
008   5.62000051e-02   9.80511406e+04   5.76422215e-01   4.25099993e+00   2.63755359e-02   2.70434350e-01           26
009   9.89101604e-02   2.46813965e+04   5.76084197e-01   4.25099993e+00   3.06989793e-02   1.25921413e-01           27
010   7.00723156e-02   5.69311211e+04   5.76523185e-01   4.25099993e+00   2.46188156e-02   3.07342887e-01           24
011   7.65420273e-02   4.61607656e+04   5.75534463e-01   4.25099993e+00   3.11765000e-02   2.23197818e-01           28
012   7.85140693e-02   4.38880078e+04   5.77215493e-01   4.25099993e+00   7.71338940e-02   1.38834894e-01           29
013   8.45372900e-02   3.64348672e+04   5.72928786e-01   4.25099993e+00   1.60980262e-02   6.09327972e-01           23
014   8.31583366e-02   3.78320234e+04   5.67678571e-01   4.25099993e+00   9.83009022e-03   2.71519274e-01           22
015   7.13397264e-02   5.40124102e+04   5.76875329e-01   4.25099993e+00   4.33537290e-02   2.92360038e-01           26
016   7.07075894e-02   5.64479375e+04   5.74131668e-01   4.25099993e+00   3.27390172e-02   3.07754219e-01           25
017   8.47728997e-02   3.63728672e+04   5.75018764e-01   4.25099993e+00   2.46173348e-02   2.64032185e-01           26
018   7.86904395e-02   4.32303828e+04   5.74267864e-01   4.25099993e+00   3.65454219e-02   4.47585791e-01           24
019   7.06492290e-02   5.66650156e+04   5.77298760e-01   4.25099993e+00   3.01851332e-02   2.23444849e-01           26
020   9.31681320e-02   2.92206074e+04   5.72176993e-01   4.25099993e+00   5.08922786e-02   1.52565688e-01           27
021   5.64678311e-02   9.35318047e+04   5.77079237e-01   4.25099993e+00   1.50153777e-02   3.20015132e-01           26
022   5.75463139e-02   9.46676875e+04   5.69392025e-01   4.25099993e+00   2.01953799e-02   4.02212292e-01           27
023   1.06973186e-01   2.15395723e+04   5.77066720e-01   4.25099993e+00   7.29047433e-02   2.37049296e-01           25
024   7.41479620e-02   4.98528320e+04   5.70284843e-01   4.25099993e+00   3.14466767e-02   1.14688225e-01           25
025   8.99586529e-02   3.18910293e+04   5.72681725e-01   4.25099993e+00   5.28760590e-02   2.58287549e-01           27
026   7.60763958e-02   4.94999102e+04   5.69357514e-01   4.25099993e+00   2.64861006e-02   2.63555586e-01           29
027   8.04237500e-02   4.22229766e+04   5.73068917e-01   4.25099993e+00   2.95467116e-02   2.19123930e-01           28
028   8.42509046e-02   3.69414688e+04   5.71362376e-01   4.25099993e+00   3.53936218e-02   9.86087620e-02           23
029   9.33988392e-02   2.98189414e+04   5.71415901e-01   4.25099993e+00   4.46306169e-02   3.26788157e-01           27
030   6.16630614e-02   7.80794062e+04   5.71307242e-01   4.25099993e+00   3.48697789e-02   1.91070423e-01           30
031   8.11792463e-02   4.13225703e+04   5.75027704e-01   4.25099993e+00   5.21119647e-02   4.01971132e-01           25
032   6.61549121e-02   6.65035859e+04   5.73181689e-01   4.25099993e+00   7.84480646e-02   2.72845954e-01           25
033   6.27132803e-02   7.54416406e+04   5.75568259e-01   4.25099993e+00   4.07398418e-02   2.13933542e-01           27
034   8.75652879e-02   3.32709219e+04   5.73508441e-01   4.25099993e+00   3.01725939e-02   2.03991920e-01           26
035   7.41113946e-02   4.93979258e+04   5.71934938e-01   4.25099993e+00   2.78124511e-02   1.48895845e-01           26
036   9.29239988e-02   2.88670312e+04   5.77155113e-01   4.25099993e+00   1.78818163e-02   5.49121201e-01           23
037   6.89920783e-02   5.79152812e+04   5.77313423e-01   4.25099993e+00   6.16157986e-02   1.02555327e-01           24
038   8.26739073e-02   3.89973281e+04   5.75583637e-01   4.25099993e+00   5.57534285e-02   4.30806965e-01           26
039   9.41223279e-02   2.74097480e+04   5.77241838e-01   4.25099993e+00   2.31678914e-02   1.47810310e-01           21
040   8.01054016e-02   4.25558125e+04   5.76506078e-01   4.25099993e+00   2.30554231e-02   2.98028678e-01           26
041   8.26547593e-02   3.79915664e+04   5.72221875e-01   4.25099993e+00   2.95613483e-02   1.60363540e-01           26
042   6.05889559e-02   8.39745547e+04   5.75818837e-01   4.25099993e+00   2.44464763e-02   2.98505425e-01           26
043   7.03533739e-02   5.51476914e+04   5.77290773e-01   4.25099993e+00   3.27151157e-02   1.35235190e-01           25
044   7.47468621e-02   4.89268672e+04   5.76324224e-01   4.25099993e+00   3.33149135e-02   4.87096697e-01           21
045   7.91777149e-02   4.29230703e+04   5.73600173e-01   4.25099993e+00   1.11197298e-02   2.25055441e-01           24
046   5.32785654e-02   1.15548406e+05   5.77259839e-01   4.25099993e+00   1.30937668e-02   6.55866981e-01           26
047   9.52296481e-02   2.83917617e+04   5.72235942e-01   4.25099993e+00   3.52091528e-02   2.51483798e-01           27
048   7.79879764e-02   4.46586250e+04   5.73808849e-01   4.25099993e+00   3.41480933e-02   5.21393299e-01           21
049   9.20630172e-02   2.96289316e+04   5.73962748e-01   4.25099993e+00   3.75014506e-02   1.88161120e-01           23
050   8.99479240e-02   3.15326074e+04   5.75643837e-01   4.25099993e+00   1.33872321e-02   2.36921921e-01           29
051   6.62470236e-02   6.61833828e+04   5.74425280e-01   4.25099993e+00   2.81096175e-02   6.17152154e-01           27
052   9.70678553e-02   2.64452539e+04   5.76866686e-01   4.25099993e+00   4.54114415e-02   1.72634587e-01           26
053   7.17805475e-02   5.41884688e+04   5.75972080e-01   4.25099993e+00   2.87727807e-02   1.83978468e-01           20
054   1.01310916e-01   2.42795078e+04   5.76498270e-01   4.25099993e+00   2.03464739e-02   3.37359250e-01           25
055   8.70944411e-02   3.36788125e+04   5.74425280e-01   4.25099993e+00   1.17694121e-02   1.47225723e-01           26
056   9.20745656e-02   2.98550527e+04   5.76207876e-01   4.25099993e+00   1.44346403e-02   2.36186907e-01           28
057   5.51322624e-02   1.03844211e+05   5.76028824e-01   4.25099993e+00   3.66064794e-02   3.24131161e-01           26
058   8.41037482e-02   3.72715156e+04   5.76464176e-01   4.25099993e+00   4.50949222e-02   2.01025590e-01           23
059   8.46585855e-02   3.65668164e+04   5.70377171e-01   4.25099993e+00   2.97459234e-02   1.37465790e-01           27
060   8.36537406e-02   3.71482383e+04   5.76498270e-01   4.25099993e+00   3.87168154e-02   2.00773656e-01           26
061   8.31413940e-02   3.77665352e+04   5.75927436e-01   4.25099993e+00   1.64843984e-02   2.80451417e-01           24
062   1.04653098e-01   2.20999980e+04   5.76512098e-01   4.25099993e+00   3.25576551e-02   2.25814447e-01           28
063   7.50545710e-02   4.91956758e+04   5.73094726e-01   4.25099993e+00   5.99762276e-02   1.87172592e-01           24
064   6.14554062e-02   7.82270781e+04   5.67822456e-01   4.25099993e+00   4.48636338e-02   3.61645550e-01           22
065   8.46997499e-02   3.62959922e+04   5.73832273e-01   4.25099993e+00   4.35246788e-02   2.18936279e-01           27
066   6.44033626e-02   6.96504062e+04   5.76454341e-01   4.25099993e+00   2.35200617e-02   2.20359683e-01           25
067   7.26223737e-02   5.18938438e+04   5.75035930e-01   4.25099993e+00   2.05725767e-02   1.66578159e-01           25
068   6.91325441e-02   5.86960312e+04   5.76924980e-01   4.25099993e+00   2.65120938e-02   1.37425110e-01           28
069   7.89997429e-02   4.23827188e+04   5.76447487e-01   4.25099993e+00   3.47965024e-02   1.80227041e-01           26
070   7.19428882e-02   5.43025391e+04   5.69240987e-01   4.25099993e+00   1.85551886e-02   4.74302173e-01           22
071   8.93267766e-02   3.14326445e+04   5.75711548e-01   4.25099993e+00   3.45353261e-02   2.20554426e-01           27
072   6.64561093e-02   6.48414727e+04   5.74848294e-01   4.25099993e+00   7.25436583e-02   3.01315218e-01           24
073   1.08826697e-01   1.97415273e+04   5.71487546e-01   4.25099993e+00   4.07608002e-02   1.97507292e-01           21
074   6.48849234e-02   7.05274609e+04   5.77218533e-01   4.25099993e+00   2.86338534e-02   5.69387138e-01           21
075   8.97448882e-02   3.17467598e+04   5.76856732e-01   4.25099993e+00   1.09130573e-02   1.53663248e-01           27
076   9.29837972e-02   2.89089961e+04   5.75035930e-01   4.25099993e+00   5.46752401e-02   2.23093688e-01           27
077   6.90833852e-02   6.01555078e+04   5.74214637e-01   4.25099993e+00   4.76405099e-02   5.36034644e-01           25
078   7.16035590e-02   5.52540859e+04   5.76480329e-01   4.25099993e+00   5.30474819e-02   2.54436642e-01           28
079   9.61349085e-02   2.70962188e+04   5.76277077e-01   4.25099993e+00   1.65093616e-02   3.23366344e-01           27
080   9.09457430e-02   3.15078555e+04   5.75861931e-01   4.25099993e+00   5.69618717e-02   1.95547178e-01           25
081   6.81186989e-02   6.14711914e+04   5.75755835e-01   4.25099993e+00   2.87228338e-02   1.26048565e+00           22
082   1.11750543e-01   1.97660215e+04   5.77086687e-01   4.25099993e+00   6.38533533e-02   3.25255305e-01           29
083   7.88441971e-02   4.24157031e+04   5.76599479e-01   4.25099993e+00   2.64319200e-02   4.07914907e-01           23
084   7.07100555e-02   5.53318047e+04   5.73236704e-01   4.25099993e+00   2.03829408e-02   1.60461366e-01           22
085   6.87717870e-02   5.91168086e+04   5.74953139e-01   4.25099993e+00   4.91546839e-02   2.46036172e-01           24
086   6.65912479e-02   6.40679023e+04   5.74015021e-01   4.25099993e+00   3.89750488e-02   7.45453089e-02           25
087   5.06447330e-02   1.28975719e+05   5.75902402e-01   4.25099993e+00   1.35040423e-02   1.67121902e-01           26
088   8.26902166e-02   4.01941992e+04   5.75460494e-01   4.25099993e+00   3.29446532e-02   3.01282078e-01           28
089   1.05910875e-01   2.20424414e+04   5.76625764e-01   4.25099993e+00   3.54270563e-02   4.24568087e-01           25
090   6.82492405e-02   5.98847578e+04   5.76565206e-01   4.25099993e+00   2.87369769e-02   1.21487387e-01           26
091   7.78528601e-02   4.48990234e+04   5.76991618e-01   4.25099993e+00   1.59084275e-02   4.53033000e-01           24
092   8.36780369e-02   3.61789688e+04   5.76386571e-01   4.25099993e+00   2.26440113e-02   1.26332983e-01           27
093   7.28449076e-02   5.26541797e+04   5.77363312e-01   4.25099993e+00   1.80626195e-02   3.99514049e-01           26
094   8.05791765e-02   4.02260352e+04   5.73134065e-01   4.25099993e+00   4.28396948e-02   2.68105894e-01           28
095   6.41332939e-02   7.18358203e+04   5.75092375e-01   4.25099993e+00   4.03184891e-02   3.60509425e-01           24
096   7.11859763e-02   5.44504102e+04   5.76972365e-01   4.25099993e+00   3.24186422e-02   6.20217681e-01           24
097   6.29777238e-02   7.40898828e+04   5.75730145e-01   4.25099993e+00   6.40789196e-02   5.80593288e-01           24
098   6.96758404e-02   5.77148750e+04   5.76157093e-01   4.25099993e+00   2.13570986e-02   3.28394502e-01           19
099   7.33619928e-02   5.31432266e+04   5.74648798e-01   4.25099993e+00   2.24141479e-02   2.71410435e-01           27
100   6.82056397e-02   1.30660086e+05   5.76924860e-01   9.26900005e+00   3.21050212e-02   2.10220143e-01           29
101   7.91135579e-02   9.03650234e+04   5.76018810e-01   9.26900005e+00   1.03557222e-02   4.77719635e-01           24
102   7.71002769e-02   9.85983594e+04   5.77151835e-01   9.26900005e+00   4.67009097e-02   1.44247159e-01           26
103   9.71231237e-02   5.59461250e+04   5.76559186e-01   9.26900005e+00   1.70471705e-02   1.13739796e-01           27
104   8.89324471e-02   6.90749688e+04   5.77043474e-01   9.26900005e+00   2.31670830e-02   2.04077438e-01           28
105   1.02828287e-01   4.98203281e+04   5.77033877e-01   9.26900005e+00   1.15123801e-02   2.05134705e-01           26
106   8.68661553e-02   7.31658516e+04   5.76298535e-01   9.26900005e+00   2.66396310e-02   1.94708005e-01           25
107   1.13213941e-01   3.91480742e+04   5.75349867e-01   9.26900005e+00   3.69967334e-02   1.53303012e-01           28
108   7.82539248e-02   9.36048594e+04   5.77139139e-01   9.26900005e+00   3.29623371e-02   3.27622563e-01           25
109   9.97141823e-02   5.29581367e+04   5.73894620e-01   9.26900005e+00   2.30328627e-02   8.24991688e-02           28
110   8.01554173e-02   8.87033906e+04   5.77306807e-01   9.26900005e+00   2.80707888e-02   1.28298670e-01           26
111   7.63962269e-02   9.81313359e+04   5.76858044e-01   9.26900005e+00   1.31563032e-02   5.50714731e-01           25
112   9.15741995e-02   6.41454727e+04   5.76086938e-01   9.26900005e+00   2.97580641e-02   1.97266385e-01           24
113   9.71449763e-02   5.51725469e+04   5.76422215e-01   9.26900005e+00   3.50139216e-02   1.09125786e-01           27
114   9.40154344e-02   6.15827266e+04   5.77058196e-01   9.26900005e+00   2.76091546e-02   2.00999171e-01           30
115   9.73422006e-02   5.53019688e+04   5.77281117e-01   9.26900005e+00   2.55795624e-02   2.72793025e-01           27
116   9.80563313e-02   5.49626445e+04   5.76690495e-01   9.26900005e+00   2.77791228e-02   1.38734907e-01           23
117   8.39011967e-02   7.91372734e+04   5.74792981e-01   9.26900005e+00   2.93525625e-02   1.78137317e-01           24
118   1.04045898e-01   4.85507969e+04   5.75626433e-01   9.26900005e+00   6.66252896e-02   2.25173324e-01           26
119   8.84690955e-02   7.04088438e+04   5.74970722e-01   9.26900005e+00   3.29827741e-02   2.01379567e-01           28
120   7.81876743e-02   9.44896562e+04   5.71502149e-01   9.26900005e+00   2.24966817e-02   3.05023134e-01           23
121   8.08008462e-02   8.56565781e+04   5.77369153e-01   9.26900005e+00   2.82894969e-02   5.41415036e-01           23
122   6.66685253e-02   1.36380547e+05   5.76207876e-01   9.26900005e+00   1.96005926e-02   1.63321197e-01           25
123   8.31491724e-02   8.17194219e+04   5.75999856e-01   9.26900005e+00   2.56175641e-02   2.47816578e-01           27
124   7.34075531e-02   1.08694430e+05   5.77218533e-01   9.26900005e+00   4.49004956e-02   5.79800904e-01           25
125   7.65586793e-02   9.92571172e+04   5.76309085e-01   9.26900005e+00   3.00379228e-02   1.41422987e-01           25
126   8.47996101e-02   7.67102656e+04   5.75349867e-01   9.26900005e+00   2.36364696e-02   2.85538524e-01           28
127   8.66515562e-02   7.41445703e+04   5.77164829e-01   9.26900005e+00   4.26093414e-02   1.42407045e-01           27
128   8.40622410e-02   7.75470547e+04   5.77111363e-01   9.26900005e+00   3.20633054e-02   2.47745633e-01           25
129   1.00859396e-01   5.03593594e+04   5.76414645e-01   9.26900005e+00   1.68448333e-02   2.15226129e-01           25
130   8.59839916e-02   7.43354375e+04   5.75811386e-01   9.26900005e+00   3.88267711e-02   2.28021070e-01           27
131   9.33382213e-02   6.13108711e+04   5.75877786e-01   9.26900005e+00   3.89561988e-02   3.95491779e-01           25
132   8.92223716e-02   6.85114609e+04   5.74726880e-01   9.26900005e+00   3.60201709e-02   1.73942000e-01           27
133   8.17134529e-02   8.54424297e+04   5.76958179e-01   9.26900005e+00   1.16912583e-02   4.97278422e-01           27
134   9.13487226e-02   6.38348008e+04   5.77302694e-01   9.26900005e+00   3.73162329e-02   1.48137107e-01           24
135   9.33642536e-02   6.10949414e+04   5.76371551e-01   9.26900005e+00   2.15933491e-02   3.50758642e-01           25
136   9.73577574e-02   5.60235938e+04   5.77280283e-01   9.26900005e+00   1.93918068e-02   3.15359175e-01           24
137   9.66969877e-02   5.78996953e+04   5.76608658e-01   9.26900005e+00   1.39360288e-02   4.47483093e-01           25
138   8.39091316e-02   7.83004922e+04   5.74556053e-01   9.26900005e+00   3.00961416e-02   1.55021250e-01           27
139   7.58087561e-02   1.01301289e+05   5.76365530e-01   9.26900005e+00   3.34725678e-02   2.80745775e-01           27
140   7.12812245e-02   1.14781547e+05   5.77346146e-01   9.26900005e+00   3.85523513e-02   1.06172889e-01           27
141   1.07314512e-01   4.39945078e+04   5.77120543e-01   9.26900005e+00   3.76211591e-02   8.93649608e-02           27
142   1.18830346e-01   3.49480469e+04   5.77302337e-01   9.26900005e+00   4.19644713e-02   1.49924740e-01           28
143   8.67941678e-02   7.28471562e+04   5.74805737e-01   9.26900005e+00   2.24521402e-02   3.21261913e-01           27
144   7.63803273e-02   9.92361094e+04   5.76513708e-01   9.26900005e+00   5.41150533e-02   2.28552938e-01           29
145   8.32224712e-02   8.13547422e+04   5.76270700e-01   9.26900005e+00   3.94777730e-02   1.53055027e-01           27
146   7.98419788e-02   8.92321797e+04   5.74746132e-01   9.26900005e+00   1.23204542e-02   1.65151209e-01           26
147   9.47173312e-02   5.85032148e+04   5.76498270e-01   9.26900005e+00   2.03187633e-02   1.51367143e-01           21
148   9.64652970e-02   5.73603906e+04   5.76545358e-01   9.26900005e+00   1.29523640e-02   1.95541769e-01           28
149   6.73568100e-02   1.34031688e+05   5.76932728e-01   9.26900005e+00   2.93920748e-02   4.86953825e-01           24
150   9.44660157e-02   6.02770352e+04   5.74488938e-01   9.26900005e+00   2.50215996e-02   1.26763046e-01           27
151   9.76605043e-02   5.50541953e+04   5.77244878e-01   9.26900005e+00   2.71939803e-02   2.04811275e-01           25
152   1.01680435e-01   5.03571641e+04   5.77013254e-01   9.26900005e+00   3.06662656e-02   1.50423408e-01           25
153   9.42072496e-02   6.02503398e+04   5.77298760e-01   9.26900005e+00   2.77140625e-02   1.61508068e-01           28
154   8.59757811e-02   7.58255781e+04   5.77197492e-01   9.26900005e+00   3.62111665e-02   1.39111206e-01           28
155   8.09736028e-02   8.52119375e+04   5.77080607e-01   9.26900005e+00   2.12278515e-02   1.33720592e-01           25
156   9.67527702e-02   5.65428086e+04   5.76806188e-01   9.26900005e+00   2.04700194e-02   1.95115879e-01           27
157   8.04554000e-02   8.60121016e+04   5.77181816e-01   9.26900005e+00   2.04741396e-02   2.12584481e-01           27
158   7.32256621e-02   1.09991898e+05   5.76790988e-01   9.26900005e+00   3.00135463e-02   3.19847047e-01           26
159   8.03890228e-02   8.64901641e+04   5.74613631e-01   9.26900005e+00   3.60831507e-02   1.55119121e-01           25
160   8.87148976e-02   6.83046172e+04   5.77272534e-01   9.26900005e+00   3.06134447e-02   1.77845567e-01           22
161   7.84845278e-02   9.30374844e+04   5.75824380e-01   9.26900005e+00   2.99712252e-02   3.03393394e-01           28
162   7.33736157e-02   1.08855352e+05   5.76141596e-01   9.26900005e+00   1.43692307e-02   2.91282058e-01           25
163   8.72288868e-02   7.15345547e+04   5.76018810e-01   9.26900005e+00   3.50325853e-02   1.25694513e-01           25
164   6.54265434e-02   1.43886156e+05   5.77088892e-01   9.26900005e+00   3.45603339e-02   2.71284282e-01           25
165   8.40717405e-02   7.77979688e+04   5.76987803e-01   9.26900005e+00   2.20385771e-02   2.30327591e-01           24
166   8.04254785e-02   8.72644922e+04   5.75264037e-01   9.26900005e+00   3.90849896e-02   1.55740738e-01           30
167   8.27110410e-02   8.16029141e+04   5.76779485e-01   9.26900005e+00   3.26493382e-02   2.36804977e-01           28
168   1.02545649e-01   4.89420469e+04   5.77231824e-01   9.26900005e+00   2.68248506e-02   1.73352405e-01           27
169   8.77522230e-02   7.03201641e+04   5.77281296e-01   9.26900005e+00   2.13136002e-02   7.70762116e-02           27
170   8.52309540e-02   7.48785703e+04   5.76432765e-01   9.26900005e+00   2.28585843e-02   1.25326231e-01           29
171   8.28303024e-02   8.17404609e+04   5.74515522e-01   9.26900005e+00   3.41770686e-02   2.54483491e-01           28
172   8.12849104e-02   8.67902812e+04   5.77229619e-01   9.26900005e+00   2.72252001e-02   2.46172100e-01           30
173   9.03381780e-02   6.64357656e+04   5.76981246e-01   9.26900005e+00   3.02749369e-02   4.29438353e-01           25
174   8.76749903e-02   7.03493359e+04   5.75354218e-01   9.26900005e+00   3.55180502e-02   1.34290636e-01           28
175   7.82439783e-02   9.26464531e+04   5.77292979e-01   9.26900005e+00   2.35933196e-02   4.12514985e-01           25
176   8.02056193e-02   8.76571719e+04   5.75651705e-01   9.26900005e+00   1.80523135e-02   2.13538438e-01           29
177   8.11647475e-02   8.50435625e+04   5.77304661e-01   9.26900005e+00   3.73759046e-02   1.71168983e-01           26
178   8.05965811e-02   8.79703281e+04   5.75583637e-01   9.26900005e+00   2.91480739e-02   2.77810127e-01           26
179   8.90434980e-02   6.93476484e+04   5.75656891e-01   9.26900005e+00   3.07570361e-02   3.07244033e-01           26
180   7.98832849e-02   8.86766875e+04   5.75812459e-01   9.26900005e+00   4.38528843e-02   5.61046541e-01           23
181   9.11418796e-02   6.68117969e+04   5.76949298e-01   9.26900005e+00   1.80737805e-02   2.60807663e-01           28
182   8.36390555e-02   7.91934766e+04   5.76949298e-01   9.26900005e+00   2.67668534e-02   1.70827046e-01           28
183   6.68603629e-02   1.36659672e+05   5.75195849e-01   9.26900005e+00   2.20285915e-02   6.04077220e-01           23
184   8.99516791e-02   6.72484766e+04   5.76676130e-01   9.26900005e+00   4.15031128e-02   5.06731331e-01           25
185   8.79349634e-02   7.05807500e+04   5.75286925e-01   9.26900005e+00   1.98262185e-02   1.38212427e-01           29
186   8.04791227e-02   8.58821484e+04   5.77125251e-01   9.26900005e+00   2.40947232e-02   3.51768732e-01           25
187   8.87526423e-02   7.07000547e+04   5.72801769e-01   9.26900005e+00   2.07657963e-02   1.73468098e-01           26
188   9.75603834e-02   5.56842578e+04   5.77064931e-01   9.26900005e+00   2.69315150e-02   2.92499095e-01           25
189   1.02929465e-01   4.86925742e+04   5.77058196e-01   9.26900005e+00   2.68466789e-02   1.90076753e-01           28
190   8.53241980e-02   7.49583828e+04   5.76621234e-01   9.26900005e+00   1.60864871e-02   1.75759792e-01           27
191   7.85776973e-02   9.10329062e+04   5.77238917e-01   9.26900005e+00   1.81172509e-02   5.47860637e-02           27
192   7.84728900e-02   9.10683828e+04   5.77139139e-01   9.26900005e+00   2.83287894e-02   6.87850788e-02           27
193   1.03790045e-01   4.80928750e+04   5.75730801e-01   9.26900005e+00   2.51706000e-02   9.83016789e-02           24
194   7.39180073e-02   1.08593422e+05   5.76924980e-01   9.26900005e+00   2.46483814e-02   4.78085339e-01           26
195   8.70111287e-02   7.19669922e+04   5.76804340e-01   9.26900005e+00   1.38357207e-02   2.08959505e-01           24
196   8.28837156e-02   8.05711250e+04   5.77122092e-01   9.26900005e+00   1.51568260e-02   4.50309157e-01           25
197   6.75443634e-02   1.32535812e+05   5.76783299e-01   9.26900005e+00   3.31842564e-02   2.54971921e-01           27
198   9.47283879e-02   5.88161797e+04   5.76875329e-01   9.26900005e+00   3.40517275e-02   1.08731851e-01           26
199   8.02481771e-02   8.68357812e+04   5.76874137e-01   9.26900005e+00   2.90196650e-02   9.66569707e-02           28
200   8.95467550e-02   1.41725031e+05   5.77160597e-01   1.98250008e+01   1.50153795e-02   2.55094945e-01           27
201   8.66911039e-02   1.54014016e+05   5.77302694e-01   1.98250008e+01   2.47975793e-02   1.20471627e-01           27
202   8.86160582e-02   1.48359734e+05   5.76917648e-01   1.98250008e+01   3.52398604e-02   3.11004788e-01           28
203   8.84361267e-02   1.46844062e+05   5.76941431e-01   1.98250008e+01   2.08015442e-02   3.90046418e-01           25
204   9.04443711e-02   1.39699281e+05   5.76702654e-01   1.98250008e+01   2.97459643e-02   2.37008452e-01           28
205   9.47346985e-02   1.25979156e+05   5.76234937e-01   1.98250008e+01   2.23686341e-02   2.07150683e-01           26
206   9.86918509e-02   1.13699570e+05   5.77210665e-01   1.98250008e+01   4.08611968e-02   8.19794387e-02           24
207   8.59426484e-02   1.58527875e+05   5.76625764e-01   1.98250008e+01   1.71532314e-02   3.03691030e-01           29
208   9.10381302e-02   1.36590547e+05   5.77164829e-01   1.98250008e+01   2.42091231e-02   3.18311632e-01           23
209   9.34701711e-02   1.29037773e+05   5.77336252e-01   1.98250008e+01   2.38053445e-02   1.98924720e-01           27
210   9.27072242e-02   1.31511875e+05   5.76810658e-01   1.98250008e+01   3.24355774e-02   1.37053341e-01           28
211   9.20949429e-02   1.34404531e+05   5.76882958e-01   1.98250008e+01   3.11341193e-02   1.57049075e-01           28
212   8.75955820e-02   1.50298609e+05   5.76981246e-01   1.98250008e+01   1.05594844e-02   1.92905858e-01           22
213   9.55582485e-02   1.22618422e+05   5.77364981e-01   1.98250008e+01   2.78075673e-02   2.55375236e-01           28
214   8.62246826e-02   1.55434234e+05   5.76766372e-01   1.98250008e+01   2.48330217e-02   3.64447981e-01           25
215   9.69535708e-02   1.17147391e+05   5.77129245e-01   1.98250008e+01   2.78549008e-02   5.60711287e-02           26
216   8.73587951e-02   1.50206125e+05   5.77302694e-01   1.98250008e+01   2.99670622e-02   1.94500327e-01           19
217   8.47083703e-02   1.61616844e+05   5.76062799e-01   1.98250008e+01   2.30675023e-02   7.07227439e-02           26
218   8.95091817e-02   1.42037359e+05   5.77018678e-01   1.98250008e+01   1.84230171e-02   1.11293040e-01           26
219   9.30617824e-02   1.30210344e+05   5.76829076e-01   1.98250008e+01   1.56534649e-02   1.74875721e-01           24
220   8.87200162e-02   1.45510016e+05   5.77081800e-01   1.98250008e+01   2.36539878e-02   2.88670838e-01           25
221   9.91780683e-02   1.12091945e+05   5.76419890e-01   1.98250008e+01   1.47803975e-02   2.48512536e-01           30
222   8.06274414e-02   1.81751000e+05   5.77283204e-01   1.98250008e+01   2.89357398e-02   1.23443089e-01           24
223   8.58656988e-02   1.58394891e+05   5.76447487e-01   1.98250008e+01   1.28648952e-02   3.11788827e-01           26
224   7.97764510e-02   1.87338203e+05   5.77322483e-01   1.98250008e+01   2.42534149e-02   7.25178421e-02           25
225   8.21711347e-02   1.76100750e+05   5.75584710e-01   1.98250008e+01   2.70543080e-02   3.07399482e-01           24
226   9.20359641e-02   1.34667766e+05   5.76854169e-01   1.98250008e+01   2.95883436e-02   2.04569519e-01           27
227   8.89685154e-02   1.45864016e+05   5.77072442e-01   1.98250008e+01   2.03301813e-02   3.90111148e-01           26
228   9.31865424e-02   1.30545750e+05   5.77231824e-01   1.98250008e+01   2.79621854e-02   3.02252620e-01           27
229   8.50615725e-02   1.61034484e+05   5.77313602e-01   1.98250008e+01   4.44212519e-02   2.76448250e-01           29
230   8.26980844e-02   1.72217844e+05   5.77249527e-01   1.98250008e+01   1.71638653e-02   1.64534166e-01           26
231   8.91664922e-02   1.45851844e+05   5.77088058e-01   1.98250008e+01   3.37925963e-02   1.32874817e-01           28
232   8.96027386e-02   1.42206156e+05   5.77298760e-01   1.98250008e+01   3.12128123e-02   1.81528911e-01           29
233   8.87902528e-02   1.44755609e+05   5.76897562e-01   1.98250008e+01   1.93300843e-02   3.74992222e-01           26
234   8.84417444e-02   1.47030297e+05   5.76806188e-01   1.98250008e+01   2.15399917e-02   2.61283427e-01           28
235   9.19902474e-02   1.33161984e+05   5.76866686e-01   1.98250008e+01   3.02161686e-02   1.91745460e-01           24
236   9.29386169e-02   1.31063125e+05   5.75908005e-01   1.98250008e+01   3.06543671e-02   6.48303181e-02           26
237   8.96835774e-02   1.42720625e+05   5.77258408e-01   1.98250008e+01   2.29750033e-02   1.33887261e-01           28
238   9.50864777e-02   1.24525312e+05   5.77346146e-01   1.98250008e+01   1.57732256e-02   4.51781303e-01           26
239   9.39695910e-02   1.27667055e+05   5.76666355e-01   1.98250008e+01   6.88190060e-03   1.52626663e-01           26
240   1.01730525e-01   1.05347562e+05   5.77241838e-01   1.98250008e+01   2.43160035e-02   3.03497702e-01           30
241   9.24855843e-02   1.32032547e+05   5.77271283e-01   1.98250008e+01   2.01661084e-02   1.49960697e-01           27
242   9.25488770e-02   1.32292734e+05   5.77155709e-01   1.98250008e+01   2.00767666e-02   1.88101023e-01           27
243   9.46315452e-02   1.25257031e+05   5.77304661e-01   1.98250008e+01   2.77949832e-02   7.73908496e-02           27
244   8.56838599e-02   1.59456234e+05   5.77357411e-01   1.98250008e+01   1.89666655e-02   9.03742388e-02           26
245   9.19227302e-02   1.33639922e+05   5.77100277e-01   1.98250008e+01   3.36759537e-02   1.26006737e-01           28
246   1.05169170e-01   9.83193906e+04   5.77116370e-01   1.98250008e+01   2.55499147e-02   3.05767328e-01           27
247   8.78537297e-02   1.49466438e+05   5.76748967e-01   1.98250008e+01   2.01328862e-02   2.61921406e-01           28
248   9.02218223e-02   1.38971688e+05   5.77278256e-01   1.98250008e+01   1.48044517e-02   1.02513038e-01           27
249   8.90873298e-02   1.45193266e+05   5.76479614e-01   1.98250008e+01   1.65830627e-02   1.48170903e-01           29
250   9.75973457e-02   1.16036414e+05   5.77162862e-01   1.98250008e+01   2.22595967e-02   2.68802285e-01           25
251   8.24655071e-02   1.73724703e+05   5.77151835e-01   1.98250008e+01   1.83076467e-02   2.26954937e-01           27
252   8.79495069e-02   1.49691734e+05   5.77028334e-01   1.98250008e+01   3.57888602e-02   1.79225907e-01           28
253   1.02446549e-01   1.04067578e+05   5.77253342e-01   1.98250008e+01   2.89318301e-02   1.40719399e-01           26
254   8.09061304e-02   1.80847906e+05   5.77234089e-01   1.98250008e+01   1.46276569e-02   5.85372269e-01           23
255   7.49800056e-02   2.18688469e+05   5.77155113e-01   1.98250008e+01   2.89552845e-02   2.78405458e-01           24
256   9.54248384e-02   1.23602117e+05   5.76874137e-01   1.98250008e+01   1.87599976e-02   7.89275542e-02           28
257   1.00656390e-01   1.09556625e+05   5.77073932e-01   1.98250008e+01   2.91459449e-02   2.15543091e-01           29
258   9.21512470e-02   1.33670859e+05   5.77171922e-01   1.98250008e+01   2.36477498e-02   1.01786867e-01           29
259   8.41556937e-02   1.63880781e+05   5.77310085e-01   1.98250008e+01   1.60533395e-02   7.07720593e-02           25
260   9.94896889e-02   1.11492828e+05   5.76220691e-01   1.98250008e+01   2.24931352e-02   3.65893096e-01           28
261   8.44276771e-02   1.62486594e+05   5.76941371e-01   1.98250008e+01   2.16698796e-02   1.85722440e-01           26
262   8.82587656e-02   1.47755562e+05   5.77162862e-01   1.98250008e+01   3.14330831e-02   1.67304426e-01           29
263   9.30803120e-02   1.29343594e+05   5.76309085e-01   1.98250008e+01   3.53910513e-02   1.56356797e-01           24
264   1.03152566e-01   1.02317641e+05   5.75962663e-01   1.98250008e+01   1.61261559e-02   1.36775583e-01           29
265   9.40065682e-02   1.26610625e+05   5.77363670e-01   1.98250008e+01   2.61613205e-02   1.51135311e-01           29
266   9.44399461e-02   1.26593797e+05   5.76856732e-01   1.98250008e+01   1.50571056e-02   1.17035702e-01           30
267   8.94522816e-02   1.42257141e+05   5.75730801e-01   1.98250008e+01   1.74123980e-02   1.21372625e-01           28
268   8.39032829e-02   1.65849484e+05   5.77072442e-01   1.98250008e+01   2.81697381e-02   1.02354057e-01           28
269   8.49977359e-02   1.62370734e+05   5.77310085e-01   1.98250008e+01   2.29777656e-02   1.85808018e-01           27
270   1.00116558e-01   1.09014602e+05   5.76569796e-01   1.98250008e+01   4.03601900e-02   8.01495239e-02           27
271   1.06825963e-01   9.36426719e+04   5.77155709e-01   1.98250008e+01   2.35856343e-02   2.08338276e-01           28
272   1.00170679e-01   1.09282375e+05   5.77004194e-01   1.98250008e+01   1.66422129e-02   2.04470858e-01           24
273   9.53416377e-02   1.23503844e+05   5.76422215e-01   1.98250008e+01   2.50604339e-02   2.36154035e-01           24
274   8.91725793e-02   1.42715828e+05   5.76671481e-01   1.98250008e+01   2.41187979e-02   6.45726323e-02           29
275   8.99600685e-02   1.41027656e+05   5.76140523e-01   1.98250008e+01   2.69686598e-02   8.06136727e-02           25
276   9.10349041e-02   1.36729281e+05   5.77281296e-01   1.98250008e+01   2.77463887e-02   1.41706675e-01           29
277   8.38064402e-02   1.66852594e+05   5.76583683e-01   1.98250008e+01   2.33885869e-02   1.40654624e-01           27
278   1.02882743e-01   1.02520414e+05   5.75946152e-01   1.98250008e+01   3.04313265e-02   1.80331469e-01           28
279   9.92127880e-02   1.11314125e+05   5.76667070e-01   1.98250008e+01   2.31735259e-02   1.81350350e-01           23
280   8.58022720e-02   1.60228438e+05   5.77149808e-01   1.98250008e+01   2.54771821e-02   1.43264949e-01           27
281   9.69506353e-02   1.19063867e+05   5.77088058e-01   1.98250008e+01   3.10184117e-02   1.86483264e-01           28
282   9.15607587e-02   1.35460000e+05   5.76929510e-01   1.98250008e+01   2.41534058e-02   3.18573743e-01           27
283   1.01689816e-01   1.07236891e+05   5.77306807e-01   1.98250008e+01   2.65100189e-02   1.10647328e-01           30
284   8.87755007e-02   1.46922609e+05   5.77281117e-01   1.98250008e+01   4.01301496e-02   8.78043771e-02           27
285   9.59408954e-02   1.22354641e+05   5.76614618e-01   1.98250008e+01   8.69738776e-03   1.87640071e-01           28
286   8.80436897e-02   1.49255797e+05   5.77111185e-01   1.98250008e+01   3.66799384e-02   1.92342788e-01           26
287   8.84679481e-02   1.47763453e+05   5.77346146e-01   1.98250008e+01   3.28670256e-02   1.36852026e-01           26
288   8.06831047e-02   1.82159688e+05   5.76571286e-01   1.98250008e+01   2.07571089e-02   2.72894621e-01           25
289   8.35110769e-02   1.68986234e+05   5.77064157e-01   1.98250008e+01   2.45809183e-02   1.64691120e-01           29
290   8.07104409e-02   1.81861156e+05   5.77018678e-01   1.98250008e+01   2.73293294e-02   1.09835677e-01           27
291   1.04331590e-01   1.00012555e+05   5.76749980e-01   1.98250008e+01   2.80558020e-02   1.06320247e-01           27
292   8.69547203e-02   1.52277141e+05   5.77155113e-01   1.98250008e+01   2.08990686e-02   2.05974564e-01           23
293   7.71677047e-02   2.05379297e+05   5.77218533e-01   1.98250008e+01   3.83972414e-02   5.19752443e-01           26
294   1.01191208e-01   1.06808141e+05   5.76625884e-01   1.98250008e+01   3.13651711e-02   9.03753638e-02           27
295   8.91018957e-02   1.43714328e+05   5.77336252e-01   1.98250008e+01   2.43051238e-02   2.23944947e-01           25
296   8.87646005e-02   1.45609578e+05   5.77253342e-01   1.98250008e+01   1.49108367e-02   2.10852399e-01           28
297   8.84101838e-02   1.46524172e+05   5.77171922e-01   1.98250008e+01   1.54551854e-02   1.49097353e-01           28
298   8.57382268e-02   1.58773281e+05   5.77162981e-01   1.98250008e+01   1.72100831e-02   2.41578534e-01           29
299   8.12195614e-02   1.80342469e+05   5.76644242e-01   1.98250008e+01   2.54621729e-02   1.39144614e-01           28
300   9.28233266e-02   2.79116281e+05   5.77081800e-01   4.26270027e+01   2.80185137e-02   8.94558951e-02           26
301   9.66687873e-02   2.53951688e+05   5.76929510e-01   4.26270027e+01   2.46607400e-02   2.51449525e-01           28
302   8.63002241e-02   3.33747000e+05   5.77292979e-01   4.26270027e+01   2.59323083e-02   2.49882415e-01           27
303   8.97035450e-02   3.03636906e+05   5.77151835e-01   4.26270027e+01   1.80819426e-02   6.16075769e-02           27
304   1.03199340e-01   2.19505656e+05   5.76977968e-01   4.26270027e+01   2.86695734e-02   8.53729919e-02           30
305   1.02315456e-01   2.24880844e+05   5.77292979e-01   4.26270027e+01   2.08180137e-02   8.58864561e-02           29
306   9.47468206e-02   2.69588375e+05   5.77231824e-01   4.26270027e+01   2.19238680e-02   1.07055321e-01           30
307   9.65546966e-02   2.56162328e+05   5.77306867e-01   4.26270027e+01   2.46872399e-02   7.15850368e-02           30
308   8.85398462e-02   3.13474281e+05   5.77158153e-01   4.26270027e+01   2.49512326e-02   1.84004024e-01           28
309   9.34152603e-02   2.76626656e+05   5.76865554e-01   4.26270027e+01   2.60390118e-02   1.19551755e-01           28
310   9.31399018e-02   2.78414438e+05   5.77088892e-01   4.26270027e+01   1.82828363e-02   1.09029472e-01           25
311   9.59775075e-02   2.58936719e+05   5.77258408e-01   4.26270027e+01   3.03939320e-02   8.80158022e-02           28
312   9.68933702e-02   2.55264688e+05   5.77043474e-01   4.26270027e+01   2.59041507e-02   3.71932425e-02           28
313   8.79123434e-02   3.19488594e+05   5.77018678e-01   4.26270027e+01   2.96588149e-02   1.79875761e-01           30
314   8.73269066e-02   3.23639625e+05   5.76756537e-01   4.26270027e+01   3.43575664e-02   3.05489242e-01           26
315   9.72459465e-02   2.52160688e+05   5.77202737e-01   4.26270027e+01   3.06258593e-02   1.05850935e-01           28
316   9.56341401e-02   2.62433719e+05   5.77252686e-01   4.26270027e+01   2.45834216e-02   1.07885420e-01           29
317   8.98503810e-02   3.00097156e+05   5.77025056e-01   4.26270027e+01   2.46609543e-02   5.02573311e-01           25
318   9.22608376e-02   2.82711312e+05   5.77215493e-01   4.26270027e+01   2.22628377e-02   1.24931425e-01           27
319   8.78984928e-02   3.18346562e+05   5.77055037e-01   4.26270027e+01   2.11717431e-02   1.19352952e-01           27
320   9.21471566e-02   2.84022156e+05   5.77281296e-01   4.26270027e+01   1.92534737e-02   1.16533987e-01           24
321   9.05733630e-02   2.97565594e+05   5.77073097e-01   4.26270027e+01   2.20672023e-02   8.45691785e-02           27
322   9.03110653e-02   2.98380281e+05   5.77247381e-01   4.26270027e+01   2.02117860e-02   1.40023559e-01           25
323   9.03168991e-02   2.97558719e+05   5.77302694e-01   4.26270027e+01   1.75871309e-02   7.29976445e-02           27
324   9.74605232e-02   2.48595750e+05   5.76783419e-01   4.26270027e+01   3.06220502e-02   8.48289207e-02           25
325   9.59057435e-02   2.58672766e+05   5.77309191e-01   4.26270027e+01   2.65534129e-02   3.77810657e-01           28
326   9.38294157e-02   2.73230875e+05   5.77243567e-01   4.26270027e+01   1.90453399e-02   3.25782180e-01           29
327   9.68459621e-02   2.53001438e+05   5.76863766e-01   4.26270027e+01   1.73726231e-02   1.01013020e-01           26
328   9.24952626e-02   2.81587406e+05   5.77329993e-01   4.26270027e+01   1.98049527e-02   2.39814952e-01           28
329   9.11982358e-02   2.90990906e+05   5.77290773e-01   4.26270027e+01   1.98832806e-02   1.33596510e-01           28
330   9.14554745e-02   2.88512219e+05   5.77162862e-01   4.26270027e+01   2.23493371e-02   8.44351947e-02           29
331   9.68670323e-02   2.55250469e+05   5.77304661e-01   4.26270027e+01   2.49323417e-02   1.28577903e-01           30
332   8.71424004e-02   3.23596312e+05   5.76856732e-01   4.26270027e+01   1.97117217e-02   2.85028845e-01           26
333   1.00138061e-01   2.33747438e+05   5.77306807e-01   4.26270027e+01   2.10073367e-02   1.15157351e-01           27
334   9.34279859e-02   2.75230844e+05   5.77302694e-01   4.26270027e+01   1.75437387e-02   4.44129735e-01           26
335   9.30157229e-02   2.78189125e+05   5.77135146e-01   4.26270027e+01   1.32336775e-02   1.30711332e-01           25
336   9.19659883e-02   2.86319750e+05   5.77356279e-01   4.26270027e+01   2.35679932e-02   6.78596124e-02           29
337   9.35950205e-02   2.73112375e+05   5.77363312e-01   4.26270027e+01   2.03927755e-02   1.09125741e-01           25
338   9.06171799e-02   2.94946531e+05   5.77211380e-01   4.26270027e+01   2.41444707e-02   2.82483637e-01           26
339   9.92462933e-02   2.38943281e+05   5.77313423e-01   4.26270027e+01   2.60080863e-02   6.04638383e-02           27
340   1.00410216e-01   2.34500031e+05   5.77116370e-01   4.26270027e+01   2.14217678e-02   9.83350724e-02           29
341   8.98946002e-02   2.99923312e+05   5.77221334e-01   4.26270027e+01   1.96022317e-02   7.67518431e-02           28
342   9.56765413e-02   2.61200078e+05   5.76982021e-01   4.26270027e+01   2.84858476e-02   8.14247131e-02           27
343   8.67742524e-02   3.27856812e+05   5.77217102e-01   4.26270027e+01   2.36452594e-02   4.51118872e-02           29
344   9.52695087e-02   2.64418938e+05   5.77146292e-01   4.26270027e+01   2.73098573e-02   1.38318107e-01           29
345   9.60800722e-02   2.56778438e+05   5.77090800e-01   4.26270027e+01   1.74219497e-02   1.64003298e-01           27
346   9.57119241e-02   2.60994984e+05   5.77158153e-01   4.26270027e+01   2.16900203e-02   5.53269386e-02           29
347   9.80348215e-02   2.47165609e+05   5.76776743e-01   4.26270027e+01   1.82934068e-02   1.12202406e-01           27
348   9.23375785e-02   2.82753031e+05   5.77076375e-01   4.26270027e+01   2.72957329e-02   2.13567927e-01           25
349   9.71394405e-02   2.53283109e+05   5.76523423e-01   4.26270027e+01   1.53759234e-02   6.46912530e-02           30
350   8.79591629e-02   3.19599375e+05   5.76390088e-01   4.26270027e+01   1.89178791e-02   9.46876332e-02           27
351   8.55001360e-02   3.39976094e+05   5.77160597e-01   4.26270027e+01   2.51220614e-02   2.63593405e-01           27
352   9.18225124e-02   2.85409906e+05   5.77210665e-01   4.26270027e+01   2.53469199e-02   2.71197408e-01           27
353   8.88402238e-02   3.08503500e+05   5.77162981e-01   4.26270027e+01   2.25176774e-02   4.44169082e-02           27
354   8.93228427e-02   3.07030312e+05   5.76584101e-01   4.26270027e+01   2.40140706e-02   1.92722157e-01           26
355   8.68954733e-02   3.26592500e+05   5.76862693e-01   4.26270027e+01   1.96353160e-02   1.71212777e-01           28
356   9.17686597e-02   2.90199531e+05   5.76941431e-01   4.26270027e+01   2.64389422e-02   1.38732761e-01           29
357   9.77137014e-02   2.47292125e+05   5.77181816e-01   4.26270027e+01   2.04629786e-02   1.13432877e-01           27
358   9.14826170e-02   2.88527125e+05   5.77292979e-01   4.26270027e+01   2.10594255e-02   3.19747269e-01           25
359   1.01131923e-01   2.31022625e+05   5.77336252e-01   4.26270027e+01   2.79469974e-02   1.02630854e-01           30
360   9.01474953e-02   3.00526625e+05   5.77283204e-01   4.26270027e+01   2.37530768e-02   1.25850320e-01           29
361   9.48950574e-02   2.66338156e+05   5.77272534e-01   4.26270027e+01   2.70185042e-02   6.19445033e-02           28
362   9.33665112e-02   2.75830500e+05   5.76525271e-01   4.26270027e+01   3.36983278e-02   6.62563741e-02           27
363   8.69639218e-02   3.27312562e+05   5.77244878e-01   4.26270027e+01   1.22277886e-02   1.75062403e-01           29
364   1.03942320e-01   2.14241500e+05   5.76804340e-01   4.26270027e+01   1.87755395e-02   1.49236590e-01           27
365   9.03330371e-02   2.97892969e+05   5.77162981e-01   4.26270027e+01   2.28103157e-02   1.13995686e-01           29
366   8.80979449e-02   3.16807688e+05   5.77214479e-01   4.26270027e+01   1.97512545e-02   1.88528404e-01           29
367   9.47545394e-02   2.65661000e+05   5.76644242e-01   4.26270027e+01   1.66837256e-02   3.56871814e-01           24
368   9.23431888e-02   2.81035625e+05   5.77010989e-01   4.26270027e+01   1.48762288e-02   1.91080168e-01           25
369   8.70480016e-02   3.27021062e+05   5.77269852e-01   4.26270027e+01   1.70251373e-02   1.97311878e-01           29
370   9.66328159e-02   2.55455906e+05   5.77155113e-01   4.26270027e+01   2.31435839e-02   1.01974040e-01           29
371   9.79232565e-02   2.47052391e+05   5.77033877e-01   4.26270027e+01   2.21063811e-02   1.24050684e-01           26
372   9.32581797e-02   2.75919781e+05   5.77290773e-01   4.26270027e+01   2.72766780e-02   2.27031469e-01           26
373   8.28522146e-02   3.62799719e+05   5.77113986e-01   4.26270027e+01   2.75985152e-02   7.82489404e-02           22
374   8.63021687e-02   3.33431844e+05   5.77364981e-01   4.26270027e+01   3.18359137e-02   2.78565556e-01           26
375   8.97310898e-02   3.01316656e+05   5.77070415e-01   4.26270027e+01   2.70671658e-02   5.88753819e-01           25
376   9.64828208e-02   2.55106312e+05   5.77298760e-01   4.26270027e+01   1.20958639e-02   8.94771442e-02           26
377   8.90710428e-02   3.09427094e+05   5.77086687e-01   4.26270027e+01   2.85367444e-02   1.23159274e-01           28
378   9.14999396e-02   2.92243719e+05   5.77244878e-01   4.26270027e+01   2.04966255e-02   2.69112885e-01           26
379   9.69504118e-02   2.52325891e+05   5.77364981e-01   4.26270027e+01   1.88642908e-02   8.30094814e-02           27
380   8.83292630e-02   3.14442625e+05   5.77306807e-01   4.26270027e+01   2.17500292e-02   3.61023128e-01           26
381   9.02353972e-02   2.99306625e+05   5.77217937e-01   4.26270027e+01   1.90386642e-02   1.84411615e-01           27
382   9.00718868e-02   3.00448375e+05   5.77290773e-01   4.26270027e+01   2.91245729e-02   1.10302873e-01           29
383   9.75171253e-02   2.47178766e+05   5.77215493e-01   4.26270027e+01   1.68455243e-02   4.24990617e-02           26
384   9.46335271e-02   2.66411219e+05   5.77356279e-01   4.26270027e+01   1.81414876e-02   2.61913747e-01           25
385   9.71960351e-02   2.51559406e+05   5.76571584e-01   4.26270027e+01   2.64067799e-02   1.94920793e-01           28
386   9.79479328e-02   2.46540375e+05   5.77333272e-01   4.26270027e+01   2.52878889e-02   1.52933896e-01           27
387   9.32120308e-02   2.76785062e+05   5.77329993e-01   4.26270027e+01   1.77008733e-02   1.71883017e-01           29
388   1.00585163e-01   2.32944703e+05   5.77210665e-01   4.26270027e+01   2.42325794e-02   5.50833754e-02           27
389   9.81724039e-02   2.46479297e+05   5.77281296e-01   4.26270027e+01   2.82987673e-02   1.53334409e-01           28
390   9.41865966e-02   2.70974906e+05   5.77097237e-01   4.26270027e+01   2.53109094e-02   1.33993417e-01           27
391   9.16240960e-02   2.87298344e+05   5.76924086e-01   4.26270027e+01   2.00342424e-02   2.71167248e-01           27
392   9.69775617e-02   2.52954688e+05   5.77162981e-01   4.26270027e+01   2.28426922e-02   7.70955011e-02           28
393   8.98113027e-02   3.01649781e+05   5.77364981e-01   4.26270027e+01   2.34950744e-02   3.10503215e-01           27
394   9.67451185e-02   2.53065797e+05   5.77160597e-01   4.26270027e+01   3.22138332e-02   3.87635052e-01           27
395   8.40516165e-02   3.53478781e+05   5.76858044e-01   4.26270027e+01   2.57867873e-02   1.04535393e-01           27
396   8.42507482e-02   3.51275812e+05   5.76583683e-01   4.26270027e+01   2.98562851e-02   4.41019058e-01           27
397   8.94354060e-02   3.04469438e+05   5.77160597e-01   4.26270027e+01   2.23454759e-02   1.40599996e-01           26
398   8.52701813e-02   3.41825375e+05   5.77332914e-01   4.26270027e+01   1.74336117e-02   6.43067732e-02           27
399   9.29069743e-02   2.79058500e+05   5.77225447e-01   4.26270027e+01   3.29573415e-02   1.68179661e-01           25
400   8.93260315e-02   6.77287000e+05   5.77363312e-01   9.47440033e+01   2.42838766e-02   1.98780715e-01           27
401   9.44220722e-02   5.96639375e+05   5.77088892e-01   9.47440033e+01   2.15924829e-02   4.31581438e-02           29
402   9.52887386e-02   5.83309750e+05   5.77292979e-01   9.47440033e+01   2.59489473e-02   1.00450568e-01           27
403   9.71721038e-02   5.56073500e+05   5.77088058e-01   9.47440033e+01   2.25024484e-02   4.31398712e-02           28
404   9.56218392e-02   5.78619750e+05   5.77302694e-01   9.47440033e+01   1.65422168e-02   1.37989402e-01           26
405   9.62132737e-02   5.71021938e+05   5.77304661e-01   9.47440033e+01   2.67092232e-02   1.06863707e-01           27
406   9.05646458e-02   6.59250375e+05   5.77357411e-01   9.47440033e+01   2.68430188e-02   1.58074126e-01           28
407   9.47067812e-02   5.88535875e+05   5.77298939e-01   9.47440033e+01   1.78116616e-02   2.95004457e-01           26
408   9.48719159e-02   5.86812688e+05   5.77322483e-01   9.47440033e+01   2.74673179e-02   1.82418168e-01           27
409   9.49931666e-02   5.85774625e+05   5.77344596e-01   9.47440033e+01   2.70475335e-02   5.02084196e-02           21
410   9.27168205e-02   6.21978625e+05   5.77313602e-01   9.47440033e+01   2.34304257e-02   4.15871665e-02           30
411   8.69166031e-02   7.23589688e+05   5.77087402e-01   9.47440033e+01   2.00211890e-02   9.74606872e-02           27
412   9.58633199e-02   5.74201062e+05   5.77329695e-01   9.47440033e+01   2.12050360e-02   9.34789628e-02           29
413   8.82154405e-02   7.00446250e+05   5.77281296e-01   9.47440033e+01   2.57224496e-02   8.66622850e-02           28
414   9.50488523e-02   5.87287188e+05   5.77281117e-01   9.47440033e+01   1.82508416e-02   9.87420306e-02           29
415   9.35082212e-02   6.07833188e+05   5.77356279e-01   9.47440033e+01   1.22777363e-02   6.63870871e-02           29
416   9.00992975e-02   6.63930188e+05   5.77071190e-01   9.47440033e+01   2.14011781e-02   1.26670271e-01           28
417   8.63046199e-02   7.33451375e+05   5.77247739e-01   9.47440033e+01   2.04736460e-02   4.93569002e-02           28
418   8.61100852e-02   7.40958000e+05   5.76790988e-01   9.47440033e+01   2.25402806e-02   1.58160105e-01           29
419   9.40061733e-02   5.98837625e+05   5.77168643e-01   9.47440033e+01   1.69104468e-02   8.21416676e-02           26
420   9.45365056e-02   5.90028875e+05   5.77364981e-01   9.47440033e+01   2.49386877e-02   9.69071537e-02           26
421   9.32285115e-02   6.15015625e+05   5.77234089e-01   9.47440033e+01   2.60272920e-02   1.04394831e-01           26
422   9.61721912e-02   5.68898000e+05   5.77302337e-01   9.47440033e+01   2.39741374e-02   7.32335821e-02           27
423   9.06937495e-02   6.55249812e+05   5.77344954e-01   9.47440033e+01   3.02185714e-02   9.32877362e-02           26
424   1.00015551e-01   5.18297500e+05   5.77258408e-01   9.47440033e+01   2.48418059e-02   1.27297610e-01           25
425   9.64792892e-02   5.64145562e+05   5.77298939e-01   9.47440033e+01   2.34018285e-02   2.44574487e-01           27
426   9.06536207e-02   6.51921875e+05   5.77297866e-01   9.47440033e+01   2.78627574e-02   9.26750824e-02           23
427   9.30214226e-02   6.16075062e+05   5.77283204e-01   9.47440033e+01   1.52480109e-02   8.88630301e-02           29
428   9.46691558e-02   5.89451688e+05   5.77247739e-01   9.47440033e+01   1.75474919e-02   1.83472902e-01           26
429   9.75259244e-02   5.50909375e+05   5.77283204e-01   9.47440033e+01   1.71200112e-02   3.52700055e-02           27
430   9.40365121e-02   6.01139312e+05   5.77213883e-01   9.47440033e+01   2.40995679e-02   6.96447119e-02           29
431   9.30269733e-02   6.15856062e+05   5.77129245e-01   9.47440033e+01   2.60275882e-02   2.14365691e-01           28
432   9.09661502e-02   6.47556938e+05   5.77272534e-01   9.47440033e+01   2.69112624e-02   1.14880934e-01           25
433   9.35885906e-02   6.06308125e+05   5.77247858e-01   9.47440033e+01   2.15850640e-02   3.21244299e-01           26
434   9.30728763e-02   6.17607688e+05   5.77306867e-01   9.47440033e+01   1.95913650e-02   6.96925670e-02           29
435   9.03534740e-02   6.58892562e+05   5.77006519e-01   9.47440033e+01   2.53668707e-02   2.77892854e-02           24
436   9.11647975e-02   6.44715875e+05   5.77210665e-01   9.47440033e+01   2.51046922e-02   2.07902715e-01           27
437   9.59363133e-02   5.71723688e+05   5.77329695e-01   9.47440033e+01   2.78194584e-02   2.26587549e-01           27
438   9.27569196e-02   6.19573062e+05   5.77364981e-01   9.47440033e+01   2.82634441e-02   2.72943914e-01           28
439   9.29122269e-02   6.17040188e+05   5.77298939e-01   9.47440033e+01   2.24145129e-02   2.10639849e-01           26
440   9.30936262e-02   6.15698125e+05   5.77302337e-01   9.47440033e+01   2.29865015e-02   4.99223284e-02           28
441   9.66621116e-02   5.64300438e+05   5.77356279e-01   9.47440033e+01   1.67606641e-02   1.33706510e-01           27
442   9.15423036e-02   6.40527188e+05   5.77369153e-01   9.47440033e+01   2.58947946e-02   9.63146091e-02           28
443   8.94406363e-02   6.73728000e+05   5.77306807e-01   9.47440033e+01   2.29532868e-02   4.96957786e-02           28
444   8.87556225e-02   6.85582750e+05   5.77247858e-01   9.47440033e+01   2.10461598e-02   2.44151637e-01           28
445   9.32535082e-02   6.13181125e+05   5.77357113e-01   9.47440033e+01   2.14819908e-02   5.67180850e-02           28
446   8.72153342e-02   7.20133875e+05   5.77272534e-01   9.47440033e+01   2.21177656e-02   9.35494155e-02           29
447   9.17890072e-02   6.39571125e+05   5.77214479e-01   9.47440033e+01   2.24512052e-02   1.01624593e-01           29
448   9.35856029e-02   6.08809062e+05   5.77364981e-01   9.47440033e+01   1.81730017e-02   8.45169276e-02           29
449   9.11000744e-02   6.48188875e+05   5.77278256e-01   9.47440033e+01   2.91517787e-02   3.40826869e-01           25
450   1.00015074e-01   5.22788531e+05   5.77302694e-01   9.47440033e+01   2.24330164e-02   8.69843811e-02           28
451   1.00924008e-01   5.09872719e+05   5.77249527e-01   9.47440033e+01   2.30024327e-02   1.51664183e-01           27
452   9.36506093e-02   6.06272500e+05   5.77086687e-01   9.47440033e+01   2.31755096e-02   6.58230036e-02           26
453   9.38006565e-02   6.05248938e+05   5.77073932e-01   9.47440033e+01   2.47100256e-02   1.32897347e-01           27
454   8.90500024e-02   6.82023938e+05   5.77203512e-01   9.47440033e+01   2.02071518e-02   6.05213046e-02           28
455   9.56047028e-02   5.76704000e+05   5.77344596e-01   9.47440033e+01   2.06088349e-02   1.05205253e-01           28
456   9.25422385e-02   6.27080750e+05   5.77294827e-01   9.47440033e+01   2.40501184e-02   1.31147727e-01           30
457   9.53418091e-02   5.81858750e+05   5.77171922e-01   9.47440033e+01   2.16728784e-02   8.53030905e-02           29
458   9.48120058e-02   5.89660625e+05   5.77281296e-01   9.47440033e+01   2.60054376e-02   8.26317817e-02           28
459   9.17132273e-02   6.38651125e+05   5.77364981e-01   9.47440033e+01   2.44233757e-02   1.16990253e-01           28
460   9.52242315e-02   5.81825562e+05   5.77234089e-01   9.47440033e+01   1.89209655e-02   1.51692078e-01           27
461   9.18747410e-02   6.34466750e+05   5.77313602e-01   9.47440033e+01   2.65330933e-02   1.73610985e-01           30
462   9.51554477e-02   5.85822125e+05   5.77369153e-01   9.47440033e+01   2.42329631e-02   1.80503249e-01           28
463   9.60704014e-02   5.73607125e+05   5.76973438e-01   9.47440033e+01   2.24479064e-02   2.55681038e-01           28
464   9.21703428e-02   6.32938000e+05   5.77123344e-01   9.47440033e+01   2.19712853e-02   9.64230746e-02           29
465   9.07900408e-02   6.51384500e+05   5.77247858e-01   9.47440033e+01   2.33074967e-02   2.98496515e-01           28
466   9.99401808e-02   5.22080906e+05   5.77336252e-01   9.47440033e+01   1.51187945e-02   1.04862832e-01           29
467   9.60922837e-02   5.72427500e+05   5.77162862e-01   9.47440033e+01   2.27236394e-02   5.27215414e-02           29
468   8.75078961e-02   7.10895188e+05   5.77211380e-01   9.47440033e+01   2.30373107e-02   8.21498856e-02           30
469   9.10419002e-02   6.49899312e+05   5.77269197e-01   9.47440033e+01   2.37252694e-02   1.21141382e-01           30
470   8.96041691e-02   6.71228625e+05   5.77215493e-01   9.47440033e+01   2.06953809e-02   1.57697067e-01           28
471   9.11014229e-02   6.46634750e+05   5.77238917e-01   9.47440033e+01   2.51027998e-02   1.20212920e-01           30
472   9.79668945e-02   5.44145875e+05   5.77333272e-01   9.47440033e+01   1.52034014e-02   6.44371137e-02           28
473   9.25003588e-02   6.22359125e+05   5.77064633e-01   9.47440033e+01   2.27573663e-02   6.46863654e-02           24
474   9.21536088e-02   6.31236000e+05   5.77135146e-01   9.47440033e+01   2.35958789e-02   1.09665848e-01           29
475   9.83750299e-02   5.42150625e+05   5.77269852e-01   9.47440033e+01   2.41663530e-02   5.67792132e-02           27
476   8.93204361e-02   6.79993812e+05   5.77140152e-01   9.47440033e+01   1.67586375e-02   1.57306626e-01           28
477   9.68425497e-02   5.60654812e+05   5.77294827e-01   9.47440033e+01   2.52422113e-02   4.98598069e-02           30
478   9.08188596e-02   6.49080062e+05   5.77290773e-01   9.47440033e+01   2.03997046e-02   1.19749673e-01           29
479   9.45855528e-02   5.93316688e+05   5.77283204e-01   9.47440033e+01   2.38169581e-02   1.94447294e-01           24
480   9.54855978e-02   5.82074500e+05   5.77217102e-01   9.47440033e+01   3.11773755e-02   1.06255241e-01           30
481   9.47184488e-02   5.91036688e+05   5.77363670e-01   9.47440033e+01   2.86765210e-02   9.69953984e-02           29
482   8.59238878e-02   7.44992438e+05   5.77363312e-01   9.47440033e+01   1.86787266e-02   1.74244851e-01           27
483   9.35418308e-02   6.07726938e+05   5.77297866e-01   9.47440033e+01   2.24424787e-02   9.87200961e-02           28
484   9.44414660e-02   5.95284875e+05   5.76690495e-01   9.47440033e+01   1.96166802e-02   9.45019126e-02           27
485   9.77829769e-02   5.48997562e+05   5.77072442e-01   9.47440033e+01   2.41292920e-02   1.42654032e-01           26
486   8.96529630e-02   6.72214812e+05   5.77125251e-01   9.47440033e+01   2.66362578e-02   2.50238985e-01           26
487   9.59059894e-02   5.73809062e+05   5.77247858e-01   9.47440033e+01   2.50185411e-02   8.02605972e-02           29
488   9.65455472e-02   5.64393500e+05   5.77363670e-01   9.47440033e+01   1.98151357e-02   8.78586173e-02           29
489   9.22499672e-02   6.29718625e+05   5.77302337e-01   9.47440033e+01   2.14866456e-02   9.27112699e-02           27
490   9.40148160e-02   5.99066938e+05   5.77243567e-01   9.47440033e+01   2.10788958e-02   3.75286303e-02           27
491   9.77443084e-02   5.48031312e+05   5.77313423e-01   9.47440033e+01   2.40852274e-02   3.80309880e-01           28
492   9.25988257e-02   6.22469875e+05   5.77306867e-01   9.47440033e+01   2.70520002e-02   6.73931018e-02           28
493   9.25789922e-02   6.22682688e+05   5.77231824e-01   9.47440033e+01   2.14633290e-02   1.05536297e-01           26
494   9.75802615e-02   5.50150312e+05   5.77344596e-01   9.47440033e+01   2.53709778e-02   3.00128255e-02           26
495   8.63327533e-02   7.34901625e+05   5.77269197e-01   9.47440033e+01   2.05344856e-02   1.06006071e-01           28
496   9.02723521e-02   6.60867250e+05   5.77329993e-01   9.47440033e+01   2.41333917e-02   2.27051541e-01           24
497   9.49085653e-02   5.91396375e+05   5.77369153e-01   9.47440033e+01   1.93269383e-02   7.28425831e-02           28
498   1.01464137e-01   5.06397594e+05   5.77247858e-01   9.47440033e+01   2.14616396e-02   9.72937495e-02           29
499   9.77898315e-02   5.48376875e+05   5.77322483e-01   9.47440033e+01   2.57692840e-02   1.37163267e-01           30
500   9.17104706e-02   1.43225675e+06   5.77364981e-01   2.13187012e+02   1.90630183e-02   5.14287837e-02           29
501   9.26472396e-02   1.39438600e+06   5.77313602e-01   2.13187012e+02   2.39013545e-02   1.02990113e-01           28
502   9.21312794e-02   1.41512250e+06   5.77356279e-01   2.13187012e+02   2.40591206e-02   1.25705123e-01           27
503   9.13967863e-02   1.44561450e+06   5.77369153e-01   2.13187012e+02   2.12569702e-02   7.32742473e-02           29
504   9.62221622e-02   1.27220750e+06   5.77373922e-01   2.13187012e+02   2.32626759e-02   1.81821063e-01           28
505   9.45337862e-02   1.33280462e+06   5.77363670e-01   2.13187012e+02   2.47813780e-02   8.51991251e-02           29
506   9.24053341e-02   1.40457462e+06   5.77298760e-01   2.13187012e+02   2.09978912e-02   1.50408268e-01           28
507   9.79222581e-02   1.22759862e+06   5.77302337e-01   2.13187012e+02   1.97116937e-02   7.74279535e-02           30
508   9.49554294e-02   1.31735462e+06   5.77269256e-01   2.13187012e+02   1.99816879e-02   1.11268327e-01           27
509   9.31498408e-02   1.37847712e+06   5.77356279e-01   2.13187012e+02   2.07874402e-02   6.14009723e-02           28
510   9.47335213e-02   1.32307812e+06   5.77272534e-01   2.13187012e+02   2.13248394e-02   3.97997312e-02           29
511   9.73243788e-02   1.25152525e+06   5.77344596e-01   2.13187012e+02   2.09878962e-02   1.12607986e-01           30
512   9.75303352e-02   1.24192262e+06   5.77369153e-01   2.13187012e+02   2.39311550e-02   4.73889038e-02           28
513   9.17346030e-02   1.42549138e+06   5.77369153e-01   2.13187012e+02   2.21434105e-02   2.57211905e-02           25
514   9.49337631e-02   1.32233138e+06   5.77217937e-01   2.13187012e+02   2.35436298e-02   5.38651682e-02           28
515   9.34285671e-02   1.37589700e+06   5.77281296e-01   2.13187012e+02   2.48725936e-02   6.56168088e-02           27
516   9.38993767e-02   1.34904900e+06   5.77363670e-01   2.13187012e+02   2.69888584e-02   1.25979930e-01           24
517   9.57852080e-02   1.29370888e+06   5.77241838e-01   2.13187012e+02   2.22947951e-02   4.00437191e-02           28
518   9.80868265e-02   1.22430225e+06   5.77304661e-01   2.13187012e+02   2.01562475e-02   7.79171884e-02           29
519   9.55132470e-02   1.29836150e+06   5.77336252e-01   2.13187012e+02   1.68836024e-02   8.25173259e-02           28
520   9.10591856e-02   1.45508938e+06   5.77363670e-01   2.13187012e+02   2.17659511e-02   5.02824262e-02           27
521   9.25821587e-02   1.40376362e+06   5.77364981e-01   2.13187012e+02   2.18721163e-02   1.31926194e-01           28
522   9.59935859e-02   1.28971425e+06   5.77283204e-01   2.13187012e+02   2.33733468e-02   1.17147319e-01           28
523   9.35986489e-02   1.35819875e+06   5.77346146e-01   2.13187012e+02   1.92161258e-02   1.77197814e-01           27
524   9.82254669e-02   1.21809850e+06   5.77247381e-01   2.13187012e+02   1.62497628e-02   1.04139403e-01           29
525   9.57859457e-02   1.29764688e+06   5.77292979e-01   2.13187012e+02   1.85999740e-02   9.93660688e-02           30
526   9.30599496e-02   1.37852088e+06   5.77122092e-01   2.13187012e+02   1.96420774e-02   1.12054586e-01           26
527   9.41732973e-02   1.34974075e+06   5.77356279e-01   2.13187012e+02   2.29190327e-02   1.11997023e-01           29
528   9.37352180e-02   1.36028462e+06   5.77123344e-01   2.13187012e+02   1.58713255e-02   2.00349107e-01           28
529   9.46373865e-02   1.33127138e+06   5.77249527e-01   2.13187012e+02   2.38727257e-02   1.37901947e-01           28
530   9.88119841e-02   1.20658912e+06   5.77297986e-01   2.13187012e+02   2.28743479e-02   8.16807896e-02           30
531   9.49609429e-02   1.32184600e+06   5.77356279e-01   2.13187012e+02   2.33078226e-02   6.51051030e-02           29
532   9.35553089e-02   1.36113675e+06   5.77363312e-01   2.13187012e+02   1.95312798e-02   2.21860230e-01           26
533   9.33671743e-02   1.37470625e+06   5.77258408e-01   2.13187012e+02   2.48494353e-02   2.15127289e-01           30
534   9.38945636e-02   1.35620812e+06   5.77313423e-01   2.13187012e+02   2.00195201e-02   7.89113343e-02           29
535   9.53545570e-02   1.30455388e+06   5.77306807e-01   2.13187012e+02   2.21168231e-02   1.38667360e-01           27
536   9.60587785e-02   1.28599938e+06   5.77313602e-01   2.13187012e+02   1.89331193e-02   6.90680817e-02           29
537   9.44103822e-02   1.33851162e+06   5.77329695e-01   2.13187012e+02   2.30162852e-02   1.41128510e-01           30
538   9.16529521e-02   1.42969638e+06   5.77369153e-01   2.13187012e+02   2.26028953e-02   1.01299793e-01           27
539   9.58265215e-02   1.29543912e+06   5.77250481e-01   2.13187012e+02   2.12737843e-02   6.17446303e-02           30
540   9.11058858e-02   1.44983338e+06   5.77363312e-01   2.13187012e+02   2.17618048e-02   1.39129713e-01           28
541   9.43422690e-02   1.34095512e+06   5.77336252e-01   2.13187012e+02   2.05045324e-02   9.46050361e-02           29
542   9.50305313e-02   1.31732375e+06   5.77373922e-01   2.13187012e+02   2.11931169e-02   1.03008002e-01           29
543   9.62362960e-02   1.27928938e+06   5.77357411e-01   2.13187012e+02   2.43944004e-02   1.11069538e-01           27
544   9.14627165e-02   1.44493875e+06   5.77363312e-01   2.13187012e+02   2.35340707e-02   6.73380122e-02           29
545   9.46693271e-02   1.33130550e+06   5.77363312e-01   2.13187012e+02   2.36947462e-02   9.06207040e-02           30
546   8.96387771e-02   1.50733000e+06   5.77297986e-01   2.13187012e+02   1.86171625e-02   6.53200150e-02           27
547   9.45355669e-02   1.33598662e+06   5.77364981e-01   2.13187012e+02   2.01683845e-02   8.75417069e-02           30
548   9.42843258e-02   1.33779400e+06   5.77297390e-01   2.13187012e+02   2.32366826e-02   1.97166085e-01           28
549   9.29997638e-02   1.38426888e+06   5.77336252e-01   2.13187012e+02   1.84028875e-02   5.84235601e-02           27
550   9.54534337e-02   1.30585075e+06   5.77298939e-01   2.13187012e+02   2.50259135e-02   4.13652323e-02           29
551   9.57806930e-02   1.29619712e+06   5.77304661e-01   2.13187012e+02   2.32714340e-02   4.21385095e-02           29
552   9.37632993e-02   1.35992738e+06   5.77344954e-01   2.13187012e+02   2.04445645e-02   6.08318634e-02           29
553   9.98618379e-02   1.17350575e+06   5.77369153e-01   2.13187012e+02   2.11879183e-02   7.96431080e-02           29
554   9.43141505e-02   1.33641688e+06   5.77357411e-01   2.13187012e+02   2.28168108e-02   1.03806779e-01           26
555   9.48250294e-02   1.32482388e+06   5.77302694e-01   2.13187012e+02   2.16997080e-02   1.75334901e-01           28
556   9.37298760e-02   1.36260138e+06   5.77306807e-01   2.13187012e+02   2.05424875e-02   6.88002184e-02           29
557   9.33469310e-02   1.37865725e+06   5.77344596e-01   2.13187012e+02   2.05489248e-02   8.50577205e-02           30
558   9.70320851e-02   1.25643500e+06   5.77357113e-01   2.13187012e+02   1.92267578e-02   6.66582361e-02           29
559   9.96935815e-02   1.18100125e+06   5.77306867e-01   2.13187012e+02   2.28959024e-02   1.05857722e-01           29
560   9.58361402e-02   1.29392988e+06   5.77329695e-01   2.13187012e+02   2.45766509e-02   7.76492879e-02           29
561   9.21645463e-02   1.40797550e+06   5.77313602e-01   2.13187012e+02   1.86622944e-02   1.18412763e-01           25
562   9.59432572e-02   1.28526900e+06   5.77294827e-01   2.13187012e+02   2.14019530e-02   8.40343609e-02           29
563   9.01493281e-02   1.48933075e+06   5.77329695e-01   2.13187012e+02   2.01116111e-02   1.19464584e-01           29
564   9.50591713e-02   1.31885725e+06   5.77313602e-01   2.13187012e+02   2.21452974e-02   6.40185550e-02           30
565   9.21325386e-02   1.41280475e+06   5.77310085e-01   2.13187012e+02   2.08536070e-02   9.94340926e-02           28
566   9.39589664e-02   1.35082988e+06   5.77304661e-01   2.13187012e+02   2.41527725e-02   7.22275302e-02           27
567   9.61282551e-02   1.28416538e+06   5.77369153e-01   2.13187012e+02   2.09588539e-02   6.40873611e-02           29
568   9.18122604e-02   1.43118125e+06   5.77364981e-01   2.13187012e+02   2.01407727e-02   1.13927118e-01           30
569   9.10837352e-02   1.45433750e+06   5.77264547e-01   2.13187012e+02   2.10454408e-02   1.51757136e-01           29
570   9.25145075e-02   1.39873450e+06   5.77229619e-01   2.13187012e+02   2.02742629e-02   1.89631164e-01           29
571   9.93110910e-02   1.19209825e+06   5.77369153e-01   2.13187012e+02   1.79124549e-02   5.67554571e-02           30
572   9.17479992e-02   1.42072225e+06   5.77162981e-01   2.13187012e+02   1.97220296e-02   6.92672655e-02           26
573   9.26540121e-02   1.39144875e+06   5.77364981e-01   2.13187012e+02   2.12318338e-02   1.78475186e-01           27
574   9.57734734e-02   1.29194162e+06   5.77357113e-01   2.13187012e+02   2.65034698e-02   7.37091154e-02           28
575   9.73694921e-02   1.24549450e+06   5.77264547e-01   2.13187012e+02   2.43559387e-02   3.02650426e-02           28
576   9.31674913e-02   1.37914750e+06   5.77272534e-01   2.13187012e+02   2.19145548e-02   8.25661123e-02           30
577   9.52923670e-02   1.30894275e+06   5.77329993e-01   2.13187012e+02   1.77703965e-02   6.11709431e-02           29
578   9.85290557e-02   1.21311500e+06   5.77313602e-01   2.13187012e+02   2.39147339e-02   7.69000351e-02           29
579   9.65734273e-02   1.26765488e+06   5.77357411e-01   2.13187012e+02   1.87436622e-02   4.81357947e-02           29
580   9.37639773e-02   1.34549638e+06   5.77357113e-01   2.13187012e+02   2.39993688e-02   4.84741062e-01           21
581   9.56657380e-02   1.29165800e+06   5.77322483e-01   2.13187012e+02   2.38844547e-02   8.22191238e-02           28
582   9.40091610e-02   1.34903275e+06   5.77304661e-01   2.13187012e+02   2.07485389e-02   3.39943506e-02           27
583   9.62827653e-02   1.27981912e+06   5.77344954e-01   2.13187012e+02   2.46527568e-02   8.22498649e-02           30
584   9.40504298e-02   1.34221462e+06   5.77329695e-01   2.13187012e+02   2.37970836e-02   1.07050411e-01           23
585   9.28011164e-02   1.38966975e+06   5.77373922e-01   2.13187012e+02   2.21016631e-02   4.55608964e-02           28
586   9.33642760e-02   1.37196325e+06   5.77290773e-01   2.13187012e+02   1.71513464e-02   7.59204477e-02           30
587   9.60865319e-02   1.28476412e+06   5.77356279e-01   2.13187012e+02   2.61622947e-02   1.21999271e-01           29
588   9.70858559e-02   1.25488288e+06   5.77297866e-01   2.13187012e+02   2.23297141e-02   3.43803130e-02           28
589   9.42643657e-02   1.34212688e+06   5.77252686e-01   2.13187012e+02   2.17063278e-02   8.45737308e-02           28
590   9.20897722e-02   1.42050275e+06   5.77329695e-01   2.13187012e+02   2.12926399e-02   7.20658973e-02           30
591   9.76291001e-02   1.23557900e+06   5.77294827e-01   2.13187012e+02   2.32852791e-02   1.35476738e-01           30
592   9.61400121e-02   1.28073800e+06   5.77346146e-01   2.13187012e+02   2.07943507e-02   5.39956018e-02           27
593   9.64157730e-02   1.27300025e+06   5.77329993e-01   2.13187012e+02   1.69966333e-02   2.43747793e-02           29
594   8.96383747e-02   1.50879600e+06   5.77332914e-01   2.13187012e+02   2.29663886e-02   6.98753670e-02           28
595   8.98194984e-02   1.48562188e+06   5.77313602e-01   2.13187012e+02   2.06595417e-02   1.62726331e+00           20
596   9.40516740e-02   1.34441788e+06   5.77356279e-01   2.13187012e+02   2.86859293e-02   7.91605115e-02           25
597   9.27852988e-02   1.39395425e+06   5.77356279e-01   2.13187012e+02   2.38017309e-02   9.24065486e-02           28
598   9.43365172e-02   1.33775175e+06   5.77356279e-01   2.13187012e+02   2.25766115e-02   9.14351419e-02           27
599   9.50770974e-02   1.31632125e+06   5.77373922e-01   2.13187012e+02   2.12694518e-02   4.78505455e-02           30
600   9.46303159e-02   2.66308250e+06   5.77363670e-01   4.26387024e+02   2.39418168e-02   1.68161795e-01           30
601   9.47956145e-02   2.64462575e+06   5.77369153e-01   4.26387024e+02   2.35006399e-02   1.28260911e-01           29
602   9.72002000e-02   2.48352250e+06   5.77344954e-01   4.26387024e+02   2.31618602e-02   2.48367507e-02           23
603   9.22258049e-02   2.81763575e+06   5.77369153e-01   4.26387024e+02   2.42534764e-02   7.80073330e-02           27
604   9.28017646e-02   2.77345075e+06   5.77336252e-01   4.26387024e+02   2.03280039e-02   6.66429847e-02           28
605   9.60726365e-02   2.55705925e+06   5.77309191e-01   4.26387024e+02   2.08351426e-02   4.96805198e-02           28
606   9.61275473e-02   2.54902375e+06   5.77363670e-01   4.26387024e+02   1.83571428e-02   2.25037914e-02           25
607   9.41652730e-02   2.68979600e+06   5.77329993e-01   4.26387024e+02   2.21388731e-02   1.23805024e-01           28
608   9.37110409e-02   2.71587875e+06   5.77346146e-01   4.26387024e+02   2.41936930e-02   1.06393076e-01           29
609   9.36948881e-02   2.71492500e+06   5.77356279e-01   4.26387024e+02   1.96421035e-02   8.88280645e-02           28
610   9.41689909e-02   2.68570475e+06   5.77304661e-01   4.26387024e+02   2.28598863e-02   7.17345998e-02           28
611   9.41217095e-02   2.68559100e+06   5.77304661e-01   4.26387024e+02   2.24736910e-02   9.22078267e-02           28
612   9.44745317e-02   2.66764225e+06   5.77373922e-01   4.26387024e+02   2.07489803e-02   1.48937523e-01           29
613   9.60914865e-02   2.56507750e+06   5.77357411e-01   4.26387024e+02   2.30665654e-02   3.14225480e-02           28
614   9.43010822e-02   2.67078600e+06   5.77364981e-01   4.26387024e+02   2.26092041e-02   3.92316729e-02           27
615   9.45595875e-02   2.66139975e+06   5.77364981e-01   4.26387024e+02   2.35600322e-02   5.47089800e-02           29
616   9.80113894e-02   2.44730000e+06   5.77373922e-01   4.26387024e+02   2.18986589e-02   5.71304969e-02           28
617   9.50746313e-02   2.62815250e+06   5.77344954e-01   4.26387024e+02   2.50207465e-02   4.35176864e-02           27
618   9.30592567e-02   2.75991575e+06   5.77357411e-01   4.26387024e+02   2.32570246e-02   6.29924983e-02           29
619   9.46062431e-02   2.64933675e+06   5.77364981e-01   4.26387024e+02   2.27975175e-02   6.00548461e-02           25
620   9.27522853e-02   2.78001775e+06   5.77298939e-01   4.26387024e+02   2.33453866e-02   7.49827698e-02           27
621   9.44961309e-02   2.65776800e+06   5.77364981e-01   4.26387024e+02   1.99180879e-02   4.52452414e-02           28
622   9.82287079e-02   2.44059250e+06   5.77302337e-01   4.26387024e+02   2.52111256e-02   5.05179204e-02           30
623   9.39428508e-02   2.69652775e+06   5.77373922e-01   4.26387024e+02   1.87594686e-02   4.70041111e-02           28
624   9.25848931e-02   2.78160650e+06   5.77272534e-01   4.26387024e+02   2.29835045e-02   4.83904034e-02           25
625   9.33429077e-02   2.73187125e+06   5.77304661e-01   4.26387024e+02   2.11379044e-02   7.88187683e-02           26
626   9.29075703e-02   2.77786825e+06   5.77373922e-01   4.26387024e+02   1.99031848e-02   8.20451900e-02           30
627   9.59283337e-02   2.57881875e+06   5.77333272e-01   4.26387024e+02   2.20398381e-02   7.30509609e-02           30
628   9.39456820e-02   2.69693950e+06   5.77283204e-01   4.26387024e+02   2.11532004e-02   7.67556503e-02           27
629   9.63759422e-02   2.54843750e+06   5.77329695e-01   4.26387024e+02   2.37304885e-02   3.79670449e-02           27
630   9.32370052e-02   2.74586800e+06   5.77297390e-01   4.26387024e+02   2.08818614e-02   7.37856179e-02           29
631   9.44503769e-02   2.67368800e+06   5.77332914e-01   4.26387024e+02   2.21940093e-02   5.27761430e-02           30
632   9.42749381e-02   2.67392775e+06   5.77364981e-01   4.26387024e+02   1.92120858e-02   7.95216784e-02           28
633   8.98937285e-02   2.99975325e+06   5.77310085e-01   4.26387024e+02   2.12067887e-02   6.69317320e-02           28
634   9.12966654e-02   2.89061125e+06   5.77373922e-01   4.26387024e+02   2.06048451e-02   9.00643095e-02           28
635   9.25687402e-02   2.80048800e+06   5.77364981e-01   4.26387024e+02   2.31600627e-02   3.88549455e-02           29
636   9.45182443e-02   2.66383500e+06   5.77329695e-01   4.26387024e+02   2.29446497e-02   6.66304454e-02           30
637   9.62778851e-02   2.54205300e+06   5.77333272e-01   4.26387024e+02   2.09832285e-02   8.09042156e-02           27
638   9.09099132e-02   2.90649375e+06   5.77364981e-01   4.26387024e+02   1.94090568e-02   5.61265796e-02           26
639   9.28367972e-02   2.76794225e+06   5.77332914e-01   4.26387024e+02   2.12437250e-02   7.94811398e-02           26
640   9.30930749e-02   2.76946900e+06   5.77363670e-01   4.26387024e+02   2.44674813e-02   4.17789482e-02           28
641   9.19938236e-02   2.84339850e+06   5.77344954e-01   4.26387024e+02   1.95829906e-02   4.53614704e-02           29
642   9.43304375e-02   2.67322900e+06   5.77363312e-01   4.26387024e+02   2.26752162e-02   6.11893013e-02           29
643   9.36947390e-02   2.70154700e+06   5.77344954e-01   4.26387024e+02   2.19757278e-02   9.30025205e-02           24
644   9.22004059e-02   2.80517225e+06   5.77363312e-01   4.26387024e+02   2.11742092e-02   9.49862450e-02           23
645   9.20283645e-02   2.84200775e+06   5.77344954e-01   4.26387024e+02   2.11199261e-02   6.84016123e-02           30
646   9.40984860e-02   2.69257875e+06   5.77336252e-01   4.26387024e+02   2.35411841e-02   4.01829965e-02           30
647   9.23129395e-02   2.81743250e+06   5.77369153e-01   4.26387024e+02   2.03466304e-02   8.39848518e-02           29
648   9.26219299e-02   2.79052525e+06   5.77304661e-01   4.26387024e+02   2.04632208e-02   1.39971539e-01           29
649   9.39888805e-02   2.69165550e+06   5.77369153e-01   4.26387024e+02   2.08619982e-02   1.44312754e-01           27
650   9.50586423e-02   2.62619325e+06   5.77363312e-01   4.26387024e+02   2.29442716e-02   9.34800208e-02           30
651   9.33139622e-02   2.73504400e+06   5.77357411e-01   4.26387024e+02   1.83508731e-02   2.29386240e-01           27
652   9.22163352e-02   2.81811250e+06   5.77313602e-01   4.26387024e+02   2.16974970e-02   3.95134650e-02           29
653   9.37020630e-02   2.72012950e+06   5.77364981e-01   4.26387024e+02   2.23197397e-02   1.03162430e-01           28
654   9.39575732e-02   2.69745725e+06   5.77363670e-01   4.26387024e+02   2.28843894e-02   7.14329109e-02           27
655   9.44671705e-02   2.66220150e+06   5.77346146e-01   4.26387024e+02   1.99023671e-02   3.37656625e-02           27
656   9.60127041e-02   2.56370300e+06   5.77281117e-01   4.26387024e+02   2.16163993e-02   2.89408714e-01           28
657   9.43888351e-02   2.67147275e+06   5.77363670e-01   4.26387024e+02   2.08410714e-02   1.24428079e-01           29
658   9.33372527e-02   2.73822325e+06   5.77329993e-01   4.26387024e+02   2.22595073e-02   9.18565840e-02           28
659   9.85804647e-02   2.41660550e+06   5.77356279e-01   4.26387024e+02   2.25950014e-02   6.61460087e-02           29
660   9.63799208e-02   2.54800925e+06   5.77302337e-01   4.26387024e+02   2.42585633e-02   5.73733412e-02           29
661   9.65112224e-02   2.53866050e+06   5.77357113e-01   4.26387024e+02   2.28879582e-02   3.03098019e-02           30
662   9.44941267e-02   2.66958575e+06   5.77357411e-01   4.26387024e+02   2.39433870e-02   8.07291418e-02           30
663   9.44877863e-02   2.66632400e+06   5.77332914e-01   4.26387024e+02   2.03554016e-02   1.14616297e-01           29
664   9.56196561e-02   2.59197275e+06   5.77364981e-01   4.26387024e+02   2.12724358e-02   5.04145548e-02           28
665   9.28622112e-02   2.77921225e+06   5.77304661e-01   4.26387024e+02   1.87991019e-02   2.45731138e-02           28
666   9.46371704e-02   2.65915575e+06   5.77369153e-01   4.26387024e+02   2.07697339e-02   3.34934779e-02           29
667   9.58728716e-02   2.57919425e+06   5.77363312e-01   4.26387024e+02   2.09652353e-02   5.81576079e-02           29
668   9.51120034e-02   2.63200250e+06   5.77346146e-01   4.26387024e+02   2.02918537e-02   4.60411124e-02           30
669   9.47563797e-02   2.65365200e+06   5.77369153e-01   4.26387024e+02   1.89803280e-02   3.85397039e-02           27
670   8.95577371e-02   3.01720975e+06   5.77356279e-01   4.26387024e+02   2.21276470e-02   6.92973062e-02           27
671   9.50675458e-02   2.62706250e+06   5.77369153e-01   4.26387024e+02   2.09247079e-02   6.58150092e-02           28
672   9.33903083e-02   2.74417350e+06   5.77357113e-01   4.26387024e+02   2.05789916e-02   1.12517811e-01           30
673   9.35389251e-02   2.73405025e+06   5.77369153e-01   4.26387024e+02   2.24053040e-02   7.83568323e-02           30
674   9.61858705e-02   2.55644500e+06   5.77369153e-01   4.26387024e+02   2.23189276e-02   3.67538892e-02           27
675   9.16163623e-02   2.85550750e+06   5.77363670e-01   4.26387024e+02   2.19958592e-02   4.27318662e-02           26
676   9.58046764e-02   2.57998200e+06   5.77357113e-01   4.26387024e+02   2.08363999e-02   1.00928791e-01           28
677   9.28816199e-02   2.76778625e+06   5.77363312e-01   4.26387024e+02   2.27381624e-02   1.21668562e-01           27
678   9.15336758e-02   2.86792000e+06   5.77306867e-01   4.26387024e+02   2.20393632e-02   5.61430454e-02           28
679   9.40883607e-02   2.69360175e+06   5.77364981e-01   4.26387024e+02   2.22690143e-02   1.23978600e-01           28
680   9.52275395e-02   2.61698975e+06   5.77310085e-01   4.26387024e+02   2.26279832e-02   9.48681235e-02           29
681   9.13526192e-02   2.88178850e+06   5.77313423e-01   4.26387024e+02   1.90926734e-02   7.27477446e-02           27
682   9.01380703e-02   2.98181900e+06   5.77369153e-01   4.26387024e+02   2.22762153e-02   1.01641588e-01           29
683   9.40494984e-02   2.69134725e+06   5.77373922e-01   4.26387024e+02   2.41643786e-02   7.98544586e-02           29
684   9.47623774e-02   2.65088875e+06   5.77336252e-01   4.26387024e+02   2.42139101e-02   6.94162399e-02           30
685   9.50955153e-02   2.62785125e+06   5.77332914e-01   4.26387024e+02   2.39996966e-02   2.94322576e-02           26
686   9.51412022e-02   2.62400575e+06   5.77322483e-01   4.26387024e+02   2.10480988e-02   4.73152138e-02           29
687   9.39798951e-02   2.69482325e+06   5.77356279e-01   4.26387024e+02   1.97580494e-02   5.73074296e-02           27
688   9.35081318e-02   2.73009725e+06   5.77363670e-01   4.26387024e+02   2.00329330e-02   5.63599132e-02           27
689   9.34491381e-02   2.73439875e+06   5.77363312e-01   4.26387024e+02   2.17831954e-02   4.35250029e-02           29
690   9.37391520e-02   2.71034375e+06   5.77364981e-01   4.26387024e+02   2.20848043e-02   5.55165783e-02           26
691   9.37424973e-02   2.71504400e+06   5.77329993e-01   4.26387024e+02   2.21934468e-02   5.49613312e-02           29
692   9.57570523e-02   2.58820850e+06   5.77373922e-01   4.26387024e+02   2.15027295e-02   1.04778312e-01           30
693   9.14983451e-02   2.86586650e+06   5.77373922e-01   4.26387024e+02   2.12117061e-02   4.24995199e-02           27
694   9.49959606e-02   2.63102300e+06   5.77357113e-01   4.26387024e+02   2.31454745e-02   6.03213832e-02           29
695   9.48275179e-02   2.63834250e+06   5.77364981e-01   4.26387024e+02   2.23657284e-02   1.76621750e-01           27
696   9.79006365e-02   2.45426225e+06   5.77363670e-01   4.26387024e+02   2.33066045e-02   3.35340388e-02           28
697   9.31177884e-02   2.75376875e+06   5.77332914e-01   4.26387024e+02   2.28205603e-02   1.35746762e-01           26
698   9.42607149e-02   2.67542825e+06   5.77363670e-01   4.26387024e+02   2.09381152e-02   3.82329039e-02           27
699   9.50755030e-02   2.63195075e+06   5.77344954e-01   4.26387024e+02   2.42377985e-02   5.15890978e-02           29
