#ID, Rs, Dc, R200, Mvir, xoff, rho_rms, niter
000   7.61765316e-02   4.75625234e+04   5.74603796e-01   4.21199989e+00   1.71947312e-02   3.39933515e-01           24
001   8.94473270e-02   3.27448027e+04   5.74391603e-01   4.21199989e+00   5.26292920e-02   2.56291330e-01           27
002   7.35643953e-02   5.10762070e+04   5.73433101e-01   4.21199989e+00   7.56683201e-02   2.18679518e-01           26
003   8.18441063e-02   3.95695977e+04   5.71784854e-01   4.21199989e+00   5.87048084e-02   2.79675275e-01           26
004   6.59013018e-02   6.66680000e+04   5.69669247e-01   4.21199989e+00   4.67697456e-02   2.35919878e-01           25
005   7.79908076e-02   4.48424844e+04   5.75411081e-01   4.21199989e+00   2.90890671e-02   4.01072919e-01           25
006   8.04015696e-02   4.21845977e+04   5.67255437e-01   4.21199989e+00   2.71778498e-02   2.63208687e-01           26
007   7.98746124e-02   4.14241250e+04   5.66397727e-01   4.21199989e+00   3.94689217e-02   2.08858609e-01           25
008   5.83596863e-02   8.97206562e+04   5.74934363e-01   4.21199989e+00   2.77385488e-02   2.64294267e-01           20
009   7.96948969e-02   4.16720430e+04   5.74379027e-01   4.21199989e+00   7.54692033e-02   1.57004297e-01           27
010   7.80448541e-02   4.31200547e+04   5.72943807e-01   4.21199989e+00   6.79844543e-02   2.30991259e-01           19
011   5.89546710e-02   8.74076875e+04   5.74454427e-01   4.21199989e+00   7.71780536e-02   3.76696706e-01           27
012   7.71367699e-02   4.54957461e+04   5.70410192e-01   4.21199989e+00   3.94895412e-02   1.83921188e-01           26
013   7.37877265e-02   4.92034844e+04   5.75019836e-01   4.21199989e+00   2.97293887e-02   1.93431735e-01           25
014   6.34890795e-02   7.48190469e+04   5.75193226e-01   4.21199989e+00   3.02678030e-02   3.95399153e-01           28
015   7.43659139e-02   4.92164883e+04   5.71224570e-01   4.21199989e+00   1.95593555e-02   1.85401842e-01           27
016   6.51480556e-02   6.83639688e+04   5.75334489e-01   4.21199989e+00   4.72265035e-02   2.52491832e-01           26
017   8.36900398e-02   3.96606758e+04   5.72513640e-01   4.21199989e+00   1.18430378e-02   4.08362687e-01           29
018   8.33369493e-02   3.72952148e+04   5.72471023e-01   4.21199989e+00   5.10100499e-02   3.89292270e-01           27
019   6.82502016e-02   6.02332305e+04   5.75217485e-01   4.21199989e+00   3.11880969e-02   2.91530579e-01           25
020   8.24853927e-02   3.99118320e+04   5.74597895e-01   4.21199989e+00   6.75905421e-02   2.62402833e-01           25
021   7.80414119e-02   4.31836094e+04   5.72210193e-01   4.21199989e+00   4.31995690e-02   1.50304452e-01           24
022   8.68050754e-02   3.53740234e+04   5.73156357e-01   4.21199989e+00   6.50927573e-02   2.37307534e-01           29
023   7.26194307e-02   5.31123359e+04   5.74934423e-01   4.21199989e+00   5.74629344e-02   4.10560250e-01           26
024   6.36364073e-02   7.29074453e+04   5.73889554e-01   4.21199989e+00   3.10885441e-02   2.61828482e-01           23
025   7.57881179e-02   4.68660742e+04   5.72647929e-01   4.21199989e+00   4.67613824e-02   3.07127148e-01           24
026   7.82485902e-02   4.46328789e+04   5.73801756e-01   4.21199989e+00   5.10066077e-02   3.58256549e-01           26
027   6.40596822e-02   7.21288672e+04   5.74176490e-01   4.21199989e+00   5.41410968e-02   6.30327046e-01           23
028   7.66553953e-02   4.65713711e+04   5.65106928e-01   4.21199989e+00   5.03911413e-02   1.68694153e-01           26
029   7.79254884e-02   4.53905703e+04   5.69192350e-01   4.21199989e+00   6.13763444e-02   2.50062495e-01           25
030   7.25285262e-02   5.28255312e+04   5.74011683e-01   4.21199989e+00   5.67559116e-02   2.59045392e-01           24
031   6.57972097e-02   6.66968984e+04   5.69798768e-01   4.21199989e+00   2.98397057e-02   2.57047355e-01           24
032   6.83640391e-02   6.20026953e+04   5.70578039e-01   4.21199989e+00   8.40995908e-02   2.81332910e-01           27
033   6.41351864e-02   7.36380156e+04   5.70338249e-01   4.21199989e+00   5.23033626e-02   3.42676282e-01           25
034   7.94296861e-02   4.25910391e+04   5.74375629e-01   4.21199989e+00   4.03642021e-02   2.68062949e-01           22
035   9.04848427e-02   3.13433008e+04   5.72382212e-01   4.21199989e+00   3.52687091e-02   3.06440085e-01           27
036   6.59621879e-02   6.69126094e+04   5.73154867e-01   4.21199989e+00   4.35875431e-02   3.95218730e-01           24
037   6.09797500e-02   8.00768906e+04   5.75309455e-01   4.21199989e+00   5.72350509e-02   2.01895609e-01           24
038   8.71649086e-02   3.29422969e+04   5.72943807e-01   4.21199989e+00   4.65384461e-02   2.38197684e-01           25
039   7.78388828e-02   4.69537852e+04   5.69429874e-01   4.21199989e+00   2.80520078e-02   4.01220888e-01           28
040   8.01743269e-02   4.05958594e+04   5.74278891e-01   4.21199989e+00   6.49918914e-02   2.00613558e-01           24
041   6.52861744e-02   6.97163594e+04   5.71162105e-01   4.21199989e+00   5.38912751e-02   2.37907782e-01           23
042   7.79714286e-02   4.44004180e+04   5.65606833e-01   4.21199989e+00   8.09294507e-02   2.81958193e-01           27
043   5.88153340e-02   8.70224219e+04   5.53434789e-01   4.21199989e+00   3.67160775e-02   2.54830450e-01           24
044   8.63482952e-02   3.51079922e+04   5.72402716e-01   4.21199989e+00   3.89246717e-02   1.68713078e-01           27
045   7.37228990e-02   5.14618789e+04   5.75181961e-01   4.21199989e+00   1.05711982e-01   1.39713064e-01           24
046   8.71226490e-02   3.44214805e+04   5.69508076e-01   4.21199989e+00   6.50415346e-02   1.75209045e-01           24
047   7.80115426e-02   4.43491914e+04   5.72509706e-01   4.21199989e+00   6.07842691e-02   2.89987683e-01           24
048   8.54847729e-02   3.59136484e+04   5.74975193e-01   4.21199989e+00   4.75341864e-02   3.46927911e-01           25
049   6.90759197e-02   5.94421836e+04   5.74322701e-01   4.21199989e+00   7.97445551e-02   2.74319440e-01           26
050   8.00050348e-02   4.23049688e+04   5.70793927e-01   4.21199989e+00   4.26509529e-02   3.18803519e-01           24
051   6.48383126e-02   6.95873047e+04   5.74835241e-01   4.21199989e+00   4.90618199e-02   1.50843486e-01           26
052   7.38001615e-02   5.03088281e+04   5.75223386e-01   4.21199989e+00   2.88515016e-02   1.37761682e-01           23
053   9.67112407e-02   2.63639941e+04   5.72045684e-01   4.21199989e+00   5.32739498e-02   2.36067504e-01           25
054   6.65915385e-02   6.66287969e+04   5.72347462e-01   4.21199989e+00   4.18541953e-02   3.02665681e-01           25
055   8.79798979e-02   3.39338008e+04   5.73215485e-01   4.21199989e+00   2.49969233e-02   4.94673222e-01           23
056   6.33034632e-02   7.55025781e+04   5.69602728e-01   4.21199989e+00   4.91008535e-02   2.88470984e-01           25
057   6.85854182e-02   6.29143711e+04   5.71625590e-01   4.21199989e+00   4.96506020e-02   3.33585292e-01           27
058   8.90895799e-02   3.22740039e+04   5.72195351e-01   4.21199989e+00   4.08266261e-02   3.92138690e-01           24
059   6.93658739e-02   5.93289102e+04   5.74923873e-01   4.21199989e+00   3.04643214e-02   3.54721278e-01           24
060   7.35499561e-02   5.08582656e+04   5.69271863e-01   4.21199989e+00   5.43910377e-02   1.76783845e-01           25
061   9.03569162e-02   3.07715879e+04   5.72873652e-01   4.21199989e+00   5.11017367e-02   2.03363031e-01           23
062   7.32009411e-02   5.06109375e+04   5.75337768e-01   4.21199989e+00   3.46513316e-02   2.43387401e-01           27
063   6.83660135e-02   6.02718047e+04   5.74382722e-01   4.21199989e+00   3.59145179e-02   2.87688524e-01           25
064   8.85570273e-02   3.40579688e+04   5.75349808e-01   4.21199989e+00   3.35279256e-02   3.48165631e-01           24
065   8.00853670e-02   4.03985781e+04   5.75123847e-01   4.21199989e+00   4.86719087e-02   1.70464694e-01           27
066   7.57414773e-02   4.81056367e+04   5.73093772e-01   4.21199989e+00   4.01994586e-02   1.92231342e-01           27
067   5.04909046e-02   1.30728047e+05   5.69976687e-01   4.21199989e+00   5.31486459e-02   3.39166611e-01           21
068   7.79115558e-02   4.51412070e+04   5.74991524e-01   4.21199989e+00   5.97346313e-02   2.81017721e-01           25
069   6.82813451e-02   6.08035039e+04   5.75309455e-01   4.21199989e+00   2.58030761e-02   1.80123970e-01           27
070   9.64949578e-02   2.74912031e+04   5.66630244e-01   4.21199989e+00   3.04902866e-02   2.92675018e-01           26
071   5.05019650e-02   1.29651008e+05   5.72526693e-01   4.21199989e+00   7.52411708e-02   6.61118448e-01           22
072   7.11077899e-02   5.72485391e+04   5.72076142e-01   4.21199989e+00   4.17114981e-02   2.08652958e-01           22
073   7.24445581e-02   5.18913320e+04   5.65432310e-01   4.21199989e+00   4.28270660e-02   1.60056680e-01           28
074   7.04417154e-02   5.54471992e+04   5.75410128e-01   4.21199989e+00   5.37849851e-02   1.50967553e-01           25
075   7.28037357e-02   5.32300742e+04   5.73976159e-01   4.21199989e+00   5.04388958e-02   4.15792465e-01           26
076   7.55069703e-02   4.73905664e+04   5.70208788e-01   4.21199989e+00   5.07642850e-02   1.11151315e-01           27
077   6.53181076e-02   6.64810781e+04   5.72434902e-01   4.21199989e+00   3.37393135e-02   2.15771675e-01           24
078   7.06274956e-02   5.66307305e+04   5.73812246e-01   4.21199989e+00   2.85567250e-02   2.03741446e-01           23
079   8.07928592e-02   4.02414375e+04   5.75074375e-01   4.21199989e+00   4.43140157e-02   1.92251310e-01           22
080   4.94347364e-02   1.39119688e+05   5.71803272e-01   4.21199989e+00   5.46298549e-02   2.75033683e-01           27
081   6.30488247e-02   7.39104141e+04   5.75013995e-01   4.21199989e+00   1.09624695e-02   2.35022798e-01           25
082   7.05731213e-02   5.61337891e+04   5.70714772e-01   4.21199989e+00   1.34984916e-02   2.42480904e-01           25
083   6.62603155e-02   6.54738750e+04   5.75298607e-01   4.21199989e+00   3.57865244e-02   2.71390170e-01           25
084   4.84048538e-02   1.40771156e+05   5.70337117e-01   4.21199989e+00   2.41423454e-02   5.47271490e-01           24
085   7.42551684e-02   4.94177109e+04   5.74022472e-01   4.21199989e+00   5.44735938e-02   2.54470021e-01           28
086   6.03218675e-02   8.30155703e+04   5.73731303e-01   4.21199989e+00   5.53826615e-02   1.44063622e-01           25
087   5.37569597e-02   1.10418953e+05   5.66884756e-01   4.21199989e+00   4.64654639e-02   4.14615810e-01           22
088   6.60884976e-02   6.56491875e+04   5.75369775e-01   4.21199989e+00   3.32648642e-02   2.32675090e-01           25
089   6.17714375e-02   7.76036172e+04   5.71426690e-01   4.21199989e+00   4.59729694e-02   1.23214886e-01           26
090   8.82964358e-02   3.26253047e+04   5.74858248e-01   4.21199989e+00   2.83257086e-02   2.26878822e-01           24
091   7.65802562e-02   4.72737383e+04   5.75349808e-01   4.21199989e+00   4.64622565e-02   2.48965248e-01           25
092   7.16496184e-02   5.49353164e+04   5.73897898e-01   4.21199989e+00   6.91509694e-02   2.74625480e-01           26
093   6.01569861e-02   8.41533047e+04   5.75124502e-01   4.21199989e+00   3.09086107e-02   3.29367936e-01           26
094   8.41990560e-02   3.67740391e+04   5.73217571e-01   4.21199989e+00   4.47507240e-02   2.35848725e-01           25
095   7.49898255e-02   4.95847930e+04   5.71968496e-01   4.21199989e+00   2.78921742e-02   2.91920066e-01           25
096   7.26860017e-02   5.28772852e+04   5.74424803e-01   4.21199989e+00   5.30649759e-02   3.04913014e-01           26
097   6.75233305e-02   6.23673906e+04   5.72584510e-01   4.21199989e+00   5.09938002e-02   2.52670914e-01           24
098   8.38915631e-02   3.73825312e+04   5.73287904e-01   4.21199989e+00   3.05500161e-02   2.26555005e-01           26
099   7.70776793e-02   4.50134570e+04   5.70311487e-01   4.21199989e+00   1.70512088e-02   4.09553975e-01           26
100   8.54751095e-02   7.44448203e+04   5.74850440e-01   9.16499996e+00   5.38941063e-02   9.82094929e-02           23
101   7.19080865e-02   1.14427641e+05   5.74438572e-01   9.16499996e+00   4.24643382e-02   2.21118718e-01           26
102   7.78147429e-02   9.34459375e+04   5.75309038e-01   9.16499996e+00   4.04781550e-02   2.55939245e-01           25
103   5.43171279e-02   2.28182688e+05   5.74352920e-01   9.16499996e+00   5.39071448e-02   4.62074012e-01           26
104   7.12984949e-02   1.14968461e+05   5.75232983e-01   9.16499996e+00   3.63670588e-02   2.60369569e-01           27
105   6.99358210e-02   1.22382477e+05   5.75411081e-01   9.16499996e+00   4.14645821e-02   3.06532532e-01           25
106   6.72764704e-02   1.33471500e+05   5.74985683e-01   9.16499996e+00   4.33980562e-02   1.63205683e-01           25
107   7.65606314e-02   9.90812109e+04   5.74870408e-01   9.16499996e+00   4.80734892e-02   1.63277596e-01           21
108   8.92920122e-02   6.75829922e+04   5.74035943e-01   9.16499996e+00   4.06174883e-02   1.92928776e-01           26
109   7.08249435e-02   1.18711250e+05   5.69232881e-01   9.16499996e+00   4.96528521e-02   2.59313911e-01           25
110   9.40734968e-02   5.92447383e+04   5.74764311e-01   9.16499996e+00   4.56661098e-02   1.23931848e-01           25
111   7.15686083e-02   1.16307078e+05   5.75308740e-01   9.16499996e+00   4.24854271e-02   3.27771276e-01           28
112   8.01836327e-02   8.80733203e+04   5.74273765e-01   9.16499996e+00   6.44254088e-02   2.64126658e-01           24
113   8.81390423e-02   7.07412031e+04   5.75193644e-01   9.16499996e+00   4.21300828e-02   1.89382732e-01           26
114   8.20584372e-02   8.23092500e+04   5.75313509e-01   9.16499996e+00   3.87883186e-02   1.07610263e-01           25
115   9.20074061e-02   6.33316367e+04   5.71760893e-01   9.16499996e+00   5.11610806e-02   1.39558420e-01           29
116   7.56308809e-02   1.01728758e+05   5.74858487e-01   9.16499996e+00   4.86456081e-02   1.89776883e-01           27
117   7.90430605e-02   9.09728984e+04   5.75339079e-01   9.16499996e+00   5.53546846e-02   1.58032492e-01           25
118   7.49544054e-02   1.03936523e+05   5.74952185e-01   9.16499996e+00   5.00609800e-02   2.74021357e-01           22
119   6.47002235e-02   1.46127797e+05   5.73830962e-01   9.16499996e+00   4.92811278e-02   4.32996154e-01           27
120   8.23040828e-02   8.38375234e+04   5.74818075e-01   9.16499996e+00   5.04550152e-02   3.61094505e-01           28
121   9.22525525e-02   6.26984141e+04   5.73562443e-01   9.16499996e+00   2.12261416e-02   9.47489142e-02           28
122   7.56601617e-02   9.96149141e+04   5.75293124e-01   9.16499996e+00   4.58925217e-02   1.24540426e-01           23
123   7.71946907e-02   9.56090312e+04   5.75420439e-01   9.16499996e+00   4.23411168e-02   1.77330986e-01           27
124   8.97580683e-02   6.66997734e+04   5.75230420e-01   9.16499996e+00   4.57188562e-02   1.64985597e-01           27
125   9.14829522e-02   6.41354727e+04   5.74570000e-01   9.16499996e+00   5.41830994e-02   2.01046124e-01           26
126   8.56401622e-02   7.49439141e+04   5.75327754e-01   9.16499996e+00   3.81583981e-02   2.82446772e-01           25
127   7.03025460e-02   1.19287625e+05   5.74943185e-01   9.16499996e+00   5.45402393e-02   1.36220947e-01           25
128   7.94791430e-02   8.84058125e+04   5.75307965e-01   9.16499996e+00   4.62385789e-02   1.46332309e-01           26
129   8.42472091e-02   7.88280234e+04   5.74923873e-01   9.16499996e+00   3.37122343e-02   2.16616705e-01           27
130   9.19693261e-02   6.32924180e+04   5.73842347e-01   9.16499996e+00   3.35313044e-02   2.38113984e-01           26
131   7.15654120e-02   1.14705984e+05   5.75425744e-01   9.16499996e+00   4.98616286e-02   2.75973916e-01           26
132   7.90156201e-02   9.08046562e+04   5.74345887e-01   9.16499996e+00   6.30111620e-02   9.13950279e-02           26
133   9.25495625e-02   6.16547148e+04   5.74962139e-01   9.16499996e+00   2.55173687e-02   8.26484859e-02           22
134   7.67688528e-02   9.89925391e+04   5.73832870e-01   9.16499996e+00   4.25890274e-02   2.97726840e-01           26
135   7.74874240e-02   9.57041953e+04   5.74570000e-01   9.16499996e+00   3.06778494e-02   2.85267353e-01           26
136   9.11161676e-02   6.52564766e+04   5.73749483e-01   9.16499996e+00   5.16114011e-02   2.17588559e-01           25
137   7.57205635e-02   1.00958375e+05   5.72860599e-01   9.16499996e+00   5.00818752e-02   1.49646521e-01           26
138   7.66276866e-02   9.77746875e+04   5.73668122e-01   9.16499996e+00   4.20697220e-02   2.25800857e-01           28
139   6.67310432e-02   1.35919219e+05   5.75045586e-01   9.16499996e+00   4.45627011e-02   6.54119402e-02           26
140   7.65387639e-02   9.89079453e+04   5.74921608e-01   9.16499996e+00   5.44989258e-02   1.76202521e-01           24
141   8.31880644e-02   8.14332891e+04   5.73857844e-01   9.16499996e+00   4.49486710e-02   2.64603764e-01           24
142   7.48908743e-02   1.03679438e+05   5.75100899e-01   9.16499996e+00   4.79636453e-02   2.39412695e-01           25
143   7.30138645e-02   1.10921375e+05   5.74617863e-01   9.16499996e+00   1.36469025e-02   9.60512832e-02           24
144   8.11685547e-02   8.50610703e+04   5.75272143e-01   9.16499996e+00   4.87061292e-02   3.59023631e-01           26
145   6.54664114e-02   1.40762938e+05   5.75232923e-01   9.16499996e+00   5.70677295e-02   2.03406036e-01           25
146   9.10734311e-02   6.49892422e+04   5.75173199e-01   9.16499996e+00   4.58994359e-02   1.64544955e-01           24
147   8.11196268e-02   8.74903438e+04   5.75420439e-01   9.16499996e+00   6.90246224e-02   3.83445948e-01           26
148   8.75235647e-02   7.13955938e+04   5.70431471e-01   9.16499996e+00   6.13498092e-02   9.52227488e-02           26
149   9.25383866e-02   6.20161328e+04   5.75165927e-01   9.16499996e+00   5.57327345e-02   2.52933294e-01           28
150   7.53520131e-02   1.01550086e+05   5.74781001e-01   9.16499996e+00   5.69245182e-02   2.54543722e-01           25
151   7.63617605e-02   9.83750000e+04   5.74475527e-01   9.16499996e+00   2.98356172e-02   1.59147426e-01           26
152   7.77972266e-02   9.30903516e+04   5.74583054e-01   9.16499996e+00   3.91999148e-02   8.45990181e-02           25
153   7.85082281e-02   9.38487266e+04   5.74968278e-01   9.16499996e+00   3.69827636e-02   2.57254422e-01           28
154   8.58924389e-02   7.57580938e+04   5.74959993e-01   9.16499996e+00   2.68198065e-02   2.43166283e-01           27
155   8.05718377e-02   8.77151250e+04   5.74159026e-01   9.16499996e+00   2.82323100e-02   3.02700490e-01           25
156   6.31581470e-02   1.56433203e+05   5.75193644e-01   9.16499996e+00   4.28110324e-02   1.11432873e-01           28
157   7.61518851e-02   1.00413570e+05   5.75053275e-01   9.16499996e+00   4.59859595e-02   5.43814719e-01           24
158   6.67947605e-02   1.34992344e+05   5.75230420e-01   9.16499996e+00   4.79899049e-02   9.88106281e-02           25
159   6.18896261e-02   1.62514484e+05   5.75203359e-01   9.16499996e+00   4.40229475e-02   2.16041714e-01           26
160   6.92527741e-02   1.27010414e+05   5.73887527e-01   9.16499996e+00   3.18151638e-02   3.30622226e-01           29
161   8.55758265e-02   7.45959062e+04   5.72422743e-01   9.16499996e+00   4.40719575e-02   1.98838159e-01           26
162   7.22683966e-02   1.12224320e+05   5.75362027e-01   9.16499996e+00   5.30259982e-02   9.32103097e-02           25
163   6.85897693e-02   1.29274805e+05   5.74837148e-01   9.16499996e+00   5.73561601e-02   3.51871729e-01           27
164   7.57882670e-02   1.01128414e+05   5.73966682e-01   9.16499996e+00   4.66354564e-02   1.81357518e-01           24
165   8.87091011e-02   6.91387734e+04   5.71877718e-01   9.16499996e+00   4.95012365e-02   2.68283814e-01           23
166   7.33836517e-02   1.07708164e+05   5.75420439e-01   9.16499996e+00   5.53460382e-02   2.30686471e-01           28
167   7.28233382e-02   1.08368109e+05   5.75339079e-01   9.16499996e+00   4.35490012e-02   1.68534696e-01           24
168   7.50665516e-02   1.02150484e+05   5.75375497e-01   9.16499996e+00   3.03992312e-02   3.04460198e-01           25
169   8.56109709e-02   7.59115391e+04   5.75421512e-01   9.16499996e+00   3.58414426e-02   2.02187717e-01           25
170   7.16829225e-02   1.16241664e+05   5.73199034e-01   9.16499996e+00   2.99607106e-02   1.76575929e-01           27
171   8.14593136e-02   8.37997969e+04   5.74647367e-01   9.16499996e+00   5.13817072e-02   1.94409385e-01           26
172   7.44049475e-02   1.03849734e+05   5.74694574e-01   9.16499996e+00   6.03489466e-02   9.96402353e-02           26
173   6.95254430e-02   1.24587391e+05   5.75309038e-01   9.16499996e+00   3.44057158e-02   3.80920321e-01           24
174   8.28560814e-02   8.13385469e+04   5.73108733e-01   9.16499996e+00   3.78256030e-02   2.75618792e-01           27
175   7.60087818e-02   9.99953281e+04   5.74239850e-01   9.16499996e+00   4.36902195e-02   2.51814157e-01           28
176   6.45231232e-02   1.49667297e+05   5.72914124e-01   9.16499996e+00   3.96044292e-02   2.50834286e-01           26
177   6.08684197e-02   1.71711250e+05   5.75112104e-01   9.16499996e+00   3.19290012e-02   3.53437811e-01           24
178   7.73090050e-02   9.52993516e+04   5.73817432e-01   9.16499996e+00   4.89418507e-02   4.82828677e-01           26
179   7.06477016e-02   1.18177930e+05   5.74856758e-01   9.16499996e+00   3.68741378e-02   3.36783856e-01           24
180   7.59136975e-02   9.87066172e+04   5.75335443e-01   9.16499996e+00   3.74081917e-02   1.39864996e-01           27
181   8.41442049e-02   7.84624453e+04   5.74870408e-01   9.16499996e+00   3.16093527e-02   1.58585533e-01           25
182   7.70288333e-02   9.66092344e+04   5.70633888e-01   9.16499996e+00   2.64769830e-02   2.27740929e-01           29
183   8.23892280e-02   8.23064141e+04   5.74366808e-01   9.16499996e+00   5.87633997e-02   5.20255625e-01           24
184   9.12921280e-02   6.54452266e+04   5.75134277e-01   9.16499996e+00   6.02120459e-02   2.27998361e-01           30
185   7.70111531e-02   9.76105156e+04   5.75175464e-01   9.16499996e+00   2.22341493e-02   4.35789675e-01           25
186   7.94234723e-02   8.88168750e+04   5.75203657e-01   9.16499996e+00   2.85839085e-02   1.81189850e-01           30
187   9.09726545e-02   6.51778555e+04   5.75164914e-01   9.16499996e+00   6.20053895e-02   2.25369528e-01           27
188   6.55990317e-02   1.41036766e+05   5.75108588e-01   9.16499996e+00   4.11458462e-02   2.74035990e-01           26
189   8.08284879e-02   8.79170078e+04   5.73761284e-01   9.16499996e+00   3.50591876e-02   2.31333390e-01           26
190   7.02263415e-02   1.19671781e+05   5.74631155e-01   9.16499996e+00   4.32082228e-02   2.80840158e-01           26
191   7.71067515e-02   9.59328281e+04   5.71478307e-01   9.16499996e+00   4.15960364e-02   2.42215142e-01           28
192   7.99996331e-02   8.87455781e+04   5.75207412e-01   9.16499996e+00   4.33021896e-02   2.15366289e-01           24
193   7.65118524e-02   9.78744609e+04   5.75281441e-01   9.16499996e+00   6.83148429e-02   1.95589855e-01           28
194   7.80327767e-02   9.41634531e+04   5.72979271e-01   9.16499996e+00   4.97964472e-02   1.33998856e-01           28
195   7.77212083e-02   9.44765781e+04   5.74904323e-01   9.16499996e+00   3.00527830e-02   1.44673124e-01           27
196   8.58376697e-02   7.46677109e+04   5.74771523e-01   9.16499996e+00   6.10197298e-02   2.39158899e-01           25
197   8.44450444e-02   7.67701016e+04   5.75223386e-01   9.16499996e+00   2.13900339e-02   2.81667858e-01           26
198   7.72643685e-02   9.48065312e+04   5.74322701e-01   9.16499996e+00   4.75525968e-02   3.40222418e-01           27
199   7.31501505e-02   1.08361977e+05   5.74307323e-01   9.16499996e+00   4.62019034e-02   1.82762355e-01           26
200   8.63854289e-02   1.55473938e+05   5.75424731e-01   1.96300011e+01   4.34277356e-02   1.32876992e-01           29
201   7.89651573e-02   1.94393688e+05   5.75327754e-01   1.96300011e+01   2.72681005e-02   1.99729428e-01           25
202   9.71930698e-02   1.17905211e+05   5.73857844e-01   1.96300011e+01   5.06640971e-02   1.83821172e-01           27
203   6.98626861e-02   2.57780672e+05   5.75202703e-01   1.96300011e+01   3.90675329e-02   2.53240138e-01           24
204   8.20626020e-02   1.76298266e+05   5.75123847e-01   1.96300011e+01   4.48989831e-02   1.30792186e-01           28
205   8.10312331e-02   1.81333672e+05   5.75177610e-01   1.96300011e+01   2.90182102e-02   2.21446604e-01           25
206   7.95606077e-02   1.92132734e+05   5.74155629e-01   1.96300011e+01   2.64776368e-02   1.53742120e-01           29
207   8.34451914e-02   1.67190266e+05   5.74617863e-01   1.96300011e+01   4.37547229e-02   1.83779106e-01           25
208   9.00885537e-02   1.40931078e+05   5.72996676e-01   1.96300011e+01   3.92423198e-02   2.62738734e-01           26
209   8.16393197e-02   1.78285812e+05   5.74825764e-01   1.96300011e+01   3.88122275e-02   2.91229814e-01           26
210   7.73783475e-02   2.01384266e+05   5.75375497e-01   1.96300011e+01   4.88898754e-02   1.23045571e-01           28
211   8.82484242e-02   1.47216531e+05   5.74700058e-01   1.96300011e+01   4.35105413e-02   1.57201260e-01           20
212   8.26583356e-02   1.73028141e+05   5.75173199e-01   1.96300011e+01   4.56325635e-02   2.82965124e-01           24
213   7.52545148e-02   2.16790578e+05   5.75308740e-01   1.96300011e+01   5.08003607e-02   1.20009840e-01           29
214   7.48068914e-02   2.19346625e+05   5.75214028e-01   1.96300011e+01   4.34209071e-02   1.42298341e-01           27
215   8.78779963e-02   1.50554234e+05   5.73868990e-01   1.96300011e+01   4.24049646e-02   7.48316124e-02           26
216   7.80532956e-02   1.96320922e+05   5.74521244e-01   1.96300011e+01   3.11644338e-02   2.30699942e-01           28
217   8.52007344e-02   1.61474531e+05   5.75181425e-01   1.96300011e+01   3.21110487e-02   1.60250276e-01           29
218   8.87824818e-02   1.47391016e+05   5.75371623e-01   1.96300011e+01   5.51032163e-02   1.83041379e-01           28
219   7.45330378e-02   2.21348328e+05   5.74491262e-01   1.96300011e+01   3.94284390e-02   2.27811664e-01           23
220   7.74455667e-02   2.04116781e+05   5.73471069e-01   1.96300011e+01   3.68424207e-02   1.77097946e-01           26
221   7.91909620e-02   1.91305438e+05   5.74420571e-01   1.96300011e+01   5.37897162e-02   2.16657341e-01           22
222   7.19663203e-02   2.40399859e+05   5.75193942e-01   1.96300011e+01   3.79326157e-02   2.68657744e-01           27
223   7.78849199e-02   1.99322000e+05   5.75262666e-01   1.96300011e+01   3.76558974e-02   2.88010210e-01           26
224   8.04019570e-02   1.85736938e+05   5.74859083e-01   1.96300011e+01   4.43791486e-02   1.86255589e-01           27
225   9.43197757e-02   1.26105211e+05   5.75303018e-01   1.96300011e+01   1.80330910e-02   8.98384377e-02           27
226   8.77075866e-02   1.49859719e+05   5.73040485e-01   1.96300011e+01   4.91975844e-02   2.00045720e-01           28
227   8.58590379e-02   1.56335172e+05   5.75209141e-01   1.96300011e+01   4.02617566e-02   1.33605793e-01           28
228   7.92556629e-02   1.91360859e+05   5.74521244e-01   1.96300011e+01   3.41303982e-02   1.79103941e-01           29
229   8.28577653e-02   1.72314891e+05   5.75261414e-01   1.96300011e+01   4.41725180e-02   9.44787934e-02           27
230   8.26415941e-02   1.72136641e+05   5.75296044e-01   1.96300011e+01   4.81578596e-02   9.62528512e-02           28
231   7.99250752e-02   1.86083281e+05   5.74847579e-01   1.96300011e+01   4.71483469e-02   1.60657406e-01           27
232   7.99471959e-02   1.89234828e+05   5.75203359e-01   1.96300011e+01   3.09162401e-02   2.02467382e-01           27
233   8.12338293e-02   1.78880906e+05   5.75272143e-01   1.96300011e+01   4.40738499e-02   1.29626408e-01           26
234   8.27837065e-02   1.71283906e+05   5.73374867e-01   1.96300011e+01   3.93241830e-02   2.91500241e-01           26
235   8.38302001e-02   1.68899172e+05   5.75177610e-01   1.96300011e+01   4.15387079e-02   1.42898321e-01           22
236   7.84856379e-02   1.94109281e+05   5.74027956e-01   1.96300011e+01   1.61232986e-02   7.32364208e-02           27
237   8.90141428e-02   1.44359656e+05   5.75108349e-01   1.96300011e+01   5.17072640e-02   1.36102542e-01           30
238   9.11072493e-02   1.37644766e+05   5.75315952e-01   1.96300011e+01   4.82781455e-02   1.35087013e-01           25
239   8.36323276e-02   1.68590109e+05   5.75309038e-01   1.96300011e+01   5.00001721e-02   1.24426447e-01           28
240   9.01264325e-02   1.40987766e+05   5.75268447e-01   1.96300011e+01   4.30193841e-02   1.05756886e-01           26
241   7.79859349e-02   1.97189953e+05   5.75108349e-01   1.96300011e+01   3.94293703e-02   2.00573996e-01           25
242   8.09604377e-02   1.82660000e+05   5.73062360e-01   1.96300011e+01   3.50373872e-02   2.23588303e-01           27
243   8.55729580e-02   1.57178438e+05   5.75335443e-01   1.96300011e+01   2.95757614e-02   1.26771897e-01           27
244   8.63816217e-02   1.55521438e+05   5.75375497e-01   1.96300011e+01   4.41751778e-02   1.47967234e-01           27
245   9.09257308e-02   1.37764844e+05   5.74858248e-01   1.96300011e+01   4.05729786e-02   1.15253560e-01           29
246   7.09108785e-02   2.50492672e+05   5.75424552e-01   1.96300011e+01   5.57577461e-02   2.04802439e-01           30
247   7.60537758e-02   2.10439922e+05   5.75207412e-01   1.96300011e+01   5.10802306e-02   1.22959636e-01           28
248   7.12098032e-02   2.47590344e+05   5.75307727e-01   1.96300011e+01   4.71473299e-02   1.62425444e-01           28
249   8.42071027e-02   1.63263203e+05   5.75344920e-01   1.96300011e+01   3.78535874e-02   2.18357638e-01           27
250   8.27126652e-02   1.71503812e+05   5.75209141e-01   1.96300011e+01   4.43499908e-02   1.83172822e-01           28
251   8.03372487e-02   1.84709672e+05   5.75232923e-01   1.96300011e+01   4.78639677e-02   3.34877640e-01           27
252   8.88665020e-02   1.44972266e+05   5.74856758e-01   1.96300011e+01   3.08059752e-02   7.30569363e-02           27
253   8.96533206e-02   1.40591469e+05   5.74858248e-01   1.96300011e+01   3.71140577e-02   1.08822085e-01           24
254   8.38381052e-02   1.66531406e+05   5.75279534e-01   1.96300011e+01   5.50235361e-02   1.98382184e-01           27
255   7.97334909e-02   1.85324969e+05   5.75281441e-01   1.96300011e+01   4.27838042e-02   3.41033973e-02           25
256   8.01741332e-02   1.85196594e+05   5.74835241e-01   1.96300011e+01   3.86525467e-02   8.77325833e-02           26
257   8.99417102e-02   1.41605156e+05   5.75335443e-01   1.96300011e+01   3.53113115e-02   1.03397273e-01           28
258   8.43958706e-02   1.65413312e+05   5.75296044e-01   1.96300011e+01   2.76042987e-02   3.37546915e-01           28
259   7.00658411e-02   2.56521984e+05   5.75317860e-01   1.96300011e+01   3.52528915e-02   2.00867385e-01           26
260   8.39401782e-02   1.69210672e+05   5.75156748e-01   1.96300011e+01   4.55543138e-02   1.37689725e-01           30
261   8.07516202e-02   1.83356391e+05   5.74924827e-01   1.96300011e+01   3.30797620e-02   1.20974392e-01           27
262   7.36617222e-02   2.26209047e+05   5.75309455e-01   1.96300011e+01   2.93940641e-02   1.83064610e-01           25
263   8.12822282e-02   1.79101953e+05   5.75164914e-01   1.96300011e+01   3.50296274e-02   1.17709368e-01           24
264   7.43944645e-02   2.22534031e+05   5.74837148e-01   1.96300011e+01   4.77398448e-02   2.58922309e-01           27
265   9.31127742e-02   1.30088234e+05   5.75405240e-01   1.96300011e+01   5.75304776e-02   1.37971729e-01           25
266   8.29466879e-02   1.71209953e+05   5.74587286e-01   1.96300011e+01   4.73406389e-02   2.04966724e-01           24
267   8.41272026e-02   1.64263672e+05   5.75421512e-01   1.96300011e+01   4.60845977e-02   9.61425006e-02           26
268   8.29839036e-02   1.72341094e+05   5.73313177e-01   1.96300011e+01   3.78039181e-02   2.62449175e-01           27
269   8.09159875e-02   1.80150938e+05   5.74985683e-01   1.96300011e+01   4.72712442e-02   3.13683569e-01           22
270   8.58042687e-02   1.58026703e+05   5.75425804e-01   1.96300011e+01   2.85446141e-02   7.63586462e-02           26
271   8.59694034e-02   1.57699844e+05   5.74964762e-01   1.96300011e+01   4.24471498e-02   1.90807402e-01           29
272   7.49643147e-02   2.17514484e+05   5.75210094e-01   1.96300011e+01   4.18903828e-02   1.30416453e-01           27
273   8.28338191e-02   1.70992672e+05   5.75210094e-01   1.96300011e+01   2.81525552e-02   2.13261113e-01           27
274   8.37183595e-02   1.67832109e+05   5.74610412e-01   1.96300011e+01   3.92079726e-02   1.71622679e-01           27
275   7.85063133e-02   1.95409141e+05   5.74962080e-01   1.96300011e+01   5.50928526e-02   2.28871077e-01           27
276   8.47119913e-02   1.61114484e+05   5.75308919e-01   1.96300011e+01   3.69661413e-02   1.24295294e-01           21
277   8.10732767e-02   1.80275953e+05   5.75418890e-01   1.96300011e+01   4.43422273e-02   2.13027999e-01           25
278   7.81354383e-02   1.95321828e+05   5.75337768e-01   1.96300011e+01   5.62338233e-02   3.49840999e-01           23
279   8.05584639e-02   1.81997125e+05   5.74779630e-01   1.96300011e+01   5.34537397e-02   1.09486394e-01           24
280   7.87698776e-02   1.95451109e+05   5.75165927e-01   1.96300011e+01   2.93528363e-02   1.52510554e-01           28
281   7.24336058e-02   2.36460875e+05   5.74164271e-01   1.96300011e+01   5.63144200e-02   1.38468146e-01           25
282   9.53408554e-02   1.24865531e+05   5.74744701e-01   1.96300011e+01   3.56710590e-02   1.59847438e-01           27
283   7.51592219e-02   2.17074250e+05   5.75371683e-01   1.96300011e+01   4.94834855e-02   1.86446935e-01           26
284   7.83543810e-02   1.95141781e+05   5.75303018e-01   1.96300011e+01   4.25328314e-02   2.34201267e-01           27
285   7.84042254e-02   1.94729562e+05   5.75202107e-01   1.96300011e+01   2.38469448e-02   2.02185050e-01           29
286   7.20597431e-02   2.41428672e+05   5.75421512e-01   1.96300011e+01   4.10433635e-02   1.88496500e-01           29
287   8.62738192e-02   1.56346516e+05   5.75371683e-01   1.96300011e+01   5.63057214e-02   1.24885879e-01           29
288   8.98572356e-02   1.40100109e+05   5.75421512e-01   1.96300011e+01   4.67600487e-02   1.35493487e-01           26
289   7.69388825e-02   2.04185297e+05   5.75269818e-01   1.96300011e+01   3.07962187e-02   2.47193009e-01           25
290   8.55276436e-02   1.58506391e+05   5.75307965e-01   1.96300011e+01   3.87538299e-02   2.95253903e-01           28
291   9.01690125e-02   1.41698344e+05   5.75327754e-01   1.96300011e+01   4.95383739e-02   1.14701442e-01           28
292   7.68312886e-02   2.05124250e+05   5.74962080e-01   1.96300011e+01   2.71715000e-02   1.89693868e-01           29
293   8.88256729e-02   1.45702859e+05   5.74810386e-01   1.96300011e+01   4.62957881e-02   1.99694127e-01           27
294   8.42786953e-02   1.65776391e+05   5.75272143e-01   1.96300011e+01   4.21150923e-02   8.21868926e-02           26
295   8.66187662e-02   1.55151125e+05   5.75390935e-01   1.96300011e+01   4.95198183e-02   1.64325535e-01           26
296   7.99552724e-02   1.87363375e+05   5.75055897e-01   1.96300011e+01   3.73645797e-02   1.17311366e-01           28
297   7.93532580e-02   1.87991875e+05   5.75307310e-01   1.96300011e+01   4.44591977e-02   2.66869962e-01           23
298   9.27923620e-02   1.30418516e+05   5.75204551e-01   1.96300011e+01   5.19817695e-02   1.55791447e-01           27
299   8.24265555e-02   1.72468469e+05   5.75412631e-01   1.96300011e+01   4.35487069e-02   1.46955311e-01           27
300   7.90147409e-02   4.11305344e+05   5.75005949e-01   4.22110023e+01   3.53235789e-02   1.22945078e-01           28
301   8.56531188e-02   3.41629562e+05   5.75032413e-01   4.22110023e+01   4.38500457e-02   1.29667863e-01           29
302   8.49331468e-02   3.44401688e+05   5.74787259e-01   4.22110023e+01   4.03219126e-02   1.23400487e-01           28
303   7.94625208e-02   4.06335594e+05   5.75304806e-01   4.22110023e+01   4.31573987e-02   1.06257305e-01           27
304   8.37158412e-02   3.56481719e+05   5.75118959e-01   4.22110023e+01   4.12350483e-02   1.00862302e-01           28
305   8.23503360e-02   3.71744594e+05   5.74850440e-01   4.22110023e+01   4.43265215e-02   2.27006003e-01           29
306   8.70519727e-02   3.25401969e+05   5.75223386e-01   4.22110023e+01   3.50958817e-02   1.14381611e-01           27
307   7.96961933e-02   4.00967188e+05   5.75193942e-01   4.22110023e+01   3.72439921e-02   1.25656143e-01           29
308   8.99433121e-02   3.02573156e+05   5.75375497e-01   4.22110023e+01   2.83191558e-02   2.25554392e-01           28
309   8.64554048e-02   3.29869094e+05   5.75418472e-01   4.22110023e+01   3.69608216e-02   7.87047893e-02           26
310   8.51356685e-02   3.40822812e+05   5.75298607e-01   4.22110023e+01   4.20526341e-02   6.85178787e-02           24
311   8.46507847e-02   3.47674406e+05   5.75425804e-01   4.22110023e+01   4.99601364e-02   1.53816789e-01           28
312   8.42381790e-02   3.52947688e+05   5.75005949e-01   4.22110023e+01   3.58302444e-02   9.36000049e-02           27
313   8.41465965e-02   3.53872594e+05   5.75337410e-01   4.22110023e+01   3.70020978e-02   1.70308352e-01           30
314   8.68187398e-02   3.27306688e+05   5.75165927e-01   4.22110023e+01   4.15944420e-02   1.00606911e-01           27
315   8.07337835e-02   3.90158969e+05   5.74343026e-01   4.22110023e+01   4.00300361e-02   1.74836680e-01           30
316   9.08150822e-02   2.95972156e+05   5.75249970e-01   4.22110023e+01   3.83374803e-02   2.06262872e-01           28
317   8.18556622e-02   3.77771531e+05   5.74934423e-01   4.22110023e+01   4.15058285e-02   2.71984220e-01           28
318   8.80255997e-02   3.17201812e+05   5.75064838e-01   4.22110023e+01   4.07710858e-02   6.74031675e-02           28
319   9.16209742e-02   2.91036719e+05   5.75425744e-01   4.22110023e+01   4.41367701e-02   1.94611087e-01           29
320   8.31865296e-02   3.63716188e+05   5.75337410e-01   4.22110023e+01   5.10415733e-02   2.15551957e-01           28
321   8.28855187e-02   3.61736625e+05   5.75013995e-01   4.22110023e+01   3.79148461e-02   1.50197640e-01           25
322   8.46585110e-02   3.46869750e+05   5.75318456e-01   4.22110023e+01   3.55447307e-02   1.04909085e-01           29
323   7.86971748e-02   4.13688031e+05   5.75298607e-01   4.22110023e+01   4.40776423e-02   6.47402853e-02           29
324   9.10272002e-02   2.93630250e+05   5.75412631e-01   4.22110023e+01   4.80500236e-02   4.29077148e-01           27
325   8.94737244e-02   3.05486969e+05   5.75417221e-01   4.22110023e+01   3.97057869e-02   1.02172092e-01           28
326   9.17504355e-02   2.89159406e+05   5.75402677e-01   4.22110023e+01   4.31353487e-02   1.47977486e-01           29
327   8.93701240e-02   3.04759938e+05   5.75418890e-01   4.22110023e+01   3.75307798e-02   1.63719624e-01           27
328   8.22908208e-02   3.73497844e+05   5.75328946e-01   4.22110023e+01   4.13747765e-02   1.79191127e-01           27
329   8.20910633e-02   3.73471688e+05   5.74104369e-01   4.22110023e+01   4.00964580e-02   1.41332850e-01           27
330   8.69871527e-02   3.28965281e+05   5.75272143e-01   4.22110023e+01   4.77950871e-02   1.49366334e-01           28
331   8.31419975e-02   3.64757625e+05   5.75209141e-01   4.22110023e+01   3.51578929e-02   1.85716689e-01           27
332   8.84388909e-02   3.15633969e+05   5.74880898e-01   4.22110023e+01   3.96732502e-02   9.18469355e-02           26
333   8.33002701e-02   3.60761156e+05   5.75425804e-01   4.22110023e+01   4.06582765e-02   1.21600427e-01           27
334   7.89548084e-02   4.11682156e+05   5.75307727e-01   4.22110023e+01   4.21085767e-02   1.11646473e-01           25
335   8.65317881e-02   3.32351312e+05   5.75401545e-01   4.22110023e+01   3.73076424e-02   1.62694946e-01           28
336   8.47538710e-02   3.48117000e+05   5.75402677e-01   4.22110023e+01   3.72639708e-02   1.00729264e-01           28
337   8.73676166e-02   3.24199375e+05   5.75369775e-01   4.22110023e+01   3.61214504e-02   1.31889686e-01           29
338   7.92891830e-02   4.05589938e+05   5.74662149e-01   4.22110023e+01   5.18963113e-02   1.73717141e-01           29
339   8.59751180e-02   3.35879406e+05   5.75357258e-01   4.22110023e+01   4.65819761e-02   1.24202088e-01           29
340   8.21890533e-02   3.75069594e+05   5.75218022e-01   4.22110023e+01   3.92827801e-02   7.99901038e-02           28
341   8.50858390e-02   3.44301438e+05   5.75108588e-01   4.22110023e+01   4.15741131e-02   8.44210014e-02           27
342   8.05176646e-02   3.91495406e+05   5.75202107e-01   4.22110023e+01   3.88814993e-02   1.84192926e-01           27
343   8.49134624e-02   3.45666562e+05   5.75137198e-01   4.22110023e+01   4.20053750e-02   9.21652615e-02           26
344   8.59910771e-02   3.34257312e+05   5.74823081e-01   4.22110023e+01   4.95820567e-02   1.13336705e-01           25
345   8.49086717e-02   3.46907906e+05   5.75124502e-01   4.22110023e+01   2.82867514e-02   1.01512454e-01           28
346   8.48172680e-02   3.45245312e+05   5.75412631e-01   4.22110023e+01   4.55851480e-02   6.93151951e-02           29
347   8.55362937e-02   3.38231688e+05   5.75390935e-01   4.22110023e+01   4.46536951e-02   1.27067924e-01           27
348   9.01829749e-02   2.99154844e+05   5.75071216e-01   4.22110023e+01   4.54905033e-02   9.50999483e-02           30
349   8.23610425e-02   3.71304125e+05   5.75198293e-01   4.22110023e+01   4.34795320e-02   1.47748783e-01           27
350   8.24390724e-02   3.71068156e+05   5.75317860e-01   4.22110023e+01   3.74909379e-02   8.05713385e-02           28
351   8.36945176e-02   3.57623250e+05   5.74820876e-01   4.22110023e+01   5.25909364e-02   1.17811278e-01           26
352   8.53243023e-02   3.42457500e+05   5.75339079e-01   4.22110023e+01   4.82937060e-02   1.33523598e-01           30
353   8.73623565e-02   3.23532625e+05   5.75298607e-01   4.22110023e+01   4.75787111e-02   9.47349668e-02           28
354   8.07496607e-02   3.91261156e+05   5.75424552e-01   4.22110023e+01   4.58115898e-02   1.69153199e-01           28
355   8.04626420e-02   3.93055438e+05   5.75018108e-01   4.22110023e+01   3.80809754e-02   1.23425879e-01           28
356   8.57169330e-02   3.39444438e+05   5.75148582e-01   4.22110023e+01   4.23986688e-02   1.72174066e-01           29
357   8.11120570e-02   3.88434469e+05   5.75184345e-01   4.22110023e+01   4.49785665e-02   2.05089569e-01           26
358   7.96374157e-02   3.98795312e+05   5.75059772e-01   4.22110023e+01   5.22860736e-02   1.40142053e-01           28
359   8.67778882e-02   3.27289250e+05   5.75387478e-01   4.22110023e+01   3.98075059e-02   8.28641728e-02           27
360   8.27752724e-02   3.66930594e+05   5.74850440e-01   4.22110023e+01   4.24851775e-02   1.07888602e-01           23
361   8.73864666e-02   3.20294000e+05   5.75375497e-01   4.22110023e+01   4.43636328e-02   6.87679797e-02           20
362   8.27024877e-02   3.66064969e+05   5.75123847e-01   4.22110023e+01   4.87014242e-02   1.74239606e-01           26
363   8.54438916e-02   3.40434344e+05   5.75028896e-01   4.22110023e+01   3.74298580e-02   1.11679211e-01           25
364   8.88084620e-02   3.11019281e+05   5.74689150e-01   4.22110023e+01   3.56772430e-02   2.18147680e-01           25
365   8.07338730e-02   3.88001281e+05   5.75308919e-01   4.22110023e+01   4.75683212e-02   2.71513104e-01           26
366   8.08144510e-02   3.87914531e+05   5.75411439e-01   4.22110023e+01   4.24977131e-02   1.14017420e-01           29
367   8.54501203e-02   3.42922344e+05   5.74962139e-01   4.22110023e+01   4.10943404e-02   1.81987718e-01           28
368   8.07117671e-02   3.88898438e+05   5.75424731e-01   4.22110023e+01   4.53793257e-02   6.86688870e-02           28
369   9.31437090e-02   2.79333406e+05   5.75202703e-01   4.22110023e+01   4.01795506e-02   1.71432599e-01           27
370   8.54327902e-02   3.39496688e+05   5.75344920e-01   4.22110023e+01   4.40073051e-02   6.52002841e-02           27
371   8.59926119e-02   3.34813781e+05   5.74985683e-01   4.22110023e+01   3.69806066e-02   9.52056125e-02           29
372   8.55310932e-02   3.37804781e+05   5.75370550e-01   4.22110023e+01   4.65116687e-02   4.93671671e-02           27
373   9.50443745e-02   2.64919312e+05   5.75390935e-01   4.22110023e+01   5.49658835e-02   1.54029071e-01           30
374   9.13815945e-02   2.87677406e+05   5.75315952e-01   4.22110023e+01   3.29041779e-02   8.23731944e-02           26
375   8.60645995e-02   3.37601500e+05   5.75327754e-01   4.22110023e+01   3.79017517e-02   1.55544877e-01           27
376   8.68909881e-02   3.27282781e+05   5.75245380e-01   4.22110023e+01   3.16029303e-02   1.44451767e-01           27
377   8.78875777e-02   3.18257500e+05   5.75214028e-01   4.22110023e+01   4.30773199e-02   1.12668611e-01           29
378   8.36941451e-02   3.57464000e+05   5.75337768e-01   4.22110023e+01   3.69249210e-02   3.36316109e-01           27
379   7.89278001e-02   4.10785812e+05   5.74501455e-01   4.22110023e+01   4.64558005e-02   2.80843139e-01           25
380   8.06954131e-02   3.92059688e+05   5.75189412e-01   4.22110023e+01   3.86652425e-02   9.36841294e-02           26
381   8.56022760e-02   3.38218500e+05   5.75349808e-01   4.22110023e+01   4.40864600e-02   6.78538904e-02           29
382   8.04204419e-02   3.92677656e+05   5.75052738e-01   4.22110023e+01   3.86296101e-02   3.64120752e-01           29
383   8.87170285e-02   3.09935562e+05   5.75123847e-01   4.22110023e+01   3.66977639e-02   9.73994806e-02           26
384   7.97365010e-02   4.00402688e+05   5.75245380e-01   4.22110023e+01   3.87686454e-02   1.20274387e-01           26
385   8.29309598e-02   3.66130312e+05   5.75304508e-01   4.22110023e+01   3.75055037e-02   2.36556172e-01           29
386   8.58738348e-02   3.33616531e+05   5.75420439e-01   4.22110023e+01   4.45409156e-02   1.41213477e-01           26
387   9.07204077e-02   2.98372281e+05   5.75421512e-01   4.22110023e+01   4.47002016e-02   7.74789974e-02           27
388   8.21011141e-02   3.74014969e+05   5.75424612e-01   4.22110023e+01   5.24009727e-02   1.21641390e-01           27
389   8.29653218e-02   3.68246688e+05   5.75318456e-01   4.22110023e+01   5.07482626e-02   1.30260155e-01           29
390   7.90886953e-02   4.10647500e+05   5.75420439e-01   4.22110023e+01   4.75933924e-02   1.65438980e-01           30
391   8.85852426e-02   3.10921938e+05   5.75203657e-01   4.22110023e+01   4.64607067e-02   2.17721552e-01           25
392   8.04401860e-02   3.92340281e+05   5.75428665e-01   4.22110023e+01   4.75099944e-02   2.13167533e-01           27
393   7.79701993e-02   4.18087562e+05   5.75411439e-01   4.22110023e+01   4.98822331e-02   3.75523493e-02           26
394   9.08968970e-02   2.94594312e+05   5.75214028e-01   4.22110023e+01   4.24965173e-02   2.03038365e-01           29
395   8.53953287e-02   3.40691375e+05   5.75334489e-01   4.22110023e+01   4.48261276e-02   4.96621355e-02           25
396   9.01742727e-02   3.01095344e+05   5.74681759e-01   4.22110023e+01   3.74592654e-02   8.58592018e-02           28
397   8.84915739e-02   3.13852469e+05   5.75005949e-01   4.22110023e+01   4.39480357e-02   1.42994717e-01           29
398   8.70120227e-02   3.27149344e+05   5.75156748e-01   4.22110023e+01   3.07663381e-02   7.91136399e-02           28
399   8.27786028e-02   3.68911188e+05   5.74889421e-01   4.22110023e+01   3.69523354e-02   2.25212231e-01           26
400   8.49012211e-02   7.65591125e+05   5.75428665e-01   9.37949982e+01   3.98280472e-02   1.70860007e-01           29
401   8.41582790e-02   7.82774438e+05   5.75271308e-01   9.37949982e+01   3.63578871e-02   5.33433184e-02           28
402   8.43652040e-02   7.78619750e+05   5.75324833e-01   9.37949982e+01   4.13402729e-02   1.10129006e-01           30
403   8.85713771e-02   6.91376688e+05   5.75371623e-01   9.37949982e+01   4.33472805e-02   2.15717763e-01           26
404   8.32117796e-02   8.03458562e+05   5.75428665e-01   9.37949982e+01   3.95817310e-02   5.89050390e-02           27
405   8.38115141e-02   7.89928062e+05   5.75370550e-01   9.37949982e+01   3.68679389e-02   5.61351851e-02           27
406   8.26272443e-02   8.16277750e+05   5.75005949e-01   9.37949982e+01   3.99899445e-02   7.69841671e-02           28
407   8.35962445e-02   7.90274562e+05   5.75307310e-01   9.37949982e+01   4.18163277e-02   1.08050123e-01           26
408   8.92807618e-02   6.79221125e+05   5.75306714e-01   9.37949982e+01   3.98924090e-02   5.74045070e-02           29
409   8.49852338e-02   7.63830188e+05   5.75326622e-01   9.37949982e+01   3.19689810e-02   8.10188577e-02           27
410   8.30378160e-02   8.05674938e+05   5.75415850e-01   9.37949982e+01   4.16324399e-02   4.75311205e-02           29
411   8.54324847e-02   7.49766375e+05   5.75349808e-01   9.37949982e+01   3.26634124e-02   7.88360834e-02           26
412   8.57638642e-02   7.47729562e+05   5.75411558e-01   9.37949982e+01   4.61943820e-02   1.12740912e-01           28
413   8.56871158e-02   7.50958562e+05   5.75193942e-01   9.37949982e+01   4.10920940e-02   1.12836510e-01           26
414   8.44769776e-02   7.76260000e+05   5.75349808e-01   9.37949982e+01   3.37381661e-02   1.22534610e-01           29
415   8.60345140e-02   7.38566250e+05   5.75415850e-01   9.37949982e+01   4.96659353e-02   8.07763711e-02           27
416   8.30944180e-02   8.03826312e+05   5.75357258e-01   9.37949982e+01   3.98622416e-02   1.23207957e-01           30
417   8.67450014e-02   7.27238375e+05   5.75371683e-01   9.37949982e+01   3.77308838e-02   8.43724757e-02           27
418   8.78352448e-02   7.07108562e+05   5.75415850e-01   9.37949982e+01   3.51128764e-02   5.59493601e-02           28
419   8.57743025e-02   7.41601312e+05   5.75272143e-01   9.37949982e+01   4.05965075e-02   8.86288956e-02           22
420   8.61927345e-02   7.35794062e+05   5.75202703e-01   9.37949982e+01   4.83359545e-02   1.02385275e-01           29
421   8.41508880e-02   7.84287688e+05   5.75308919e-01   9.37949982e+01   3.69568951e-02   9.44266766e-02           28
422   8.60651433e-02   7.38813500e+05   5.75349808e-01   9.37949982e+01   4.04823758e-02   4.79670912e-02           27
423   8.45900998e-02   7.71968125e+05   5.75334489e-01   9.37949982e+01   4.48835604e-02   9.58232284e-02           27
424   8.71670693e-02   7.19712250e+05   5.75317860e-01   9.37949982e+01   4.75285165e-02   1.01178110e-01           27
425   8.21784064e-02   8.21726750e+05   5.75411439e-01   9.37949982e+01   4.30840962e-02   1.04351766e-01           25
426   8.27871487e-02   8.12599188e+05   5.75230420e-01   9.37949982e+01   4.62002456e-02   6.24375977e-02           27
427   8.10176134e-02   8.51482750e+05   5.75371683e-01   9.37949982e+01   3.69001217e-02   2.75490314e-01           23
428   8.54584649e-02   7.53566875e+05   5.75428665e-01   9.37949982e+01   4.03432846e-02   9.03538093e-02           28
429   8.60273838e-02   7.40830938e+05   5.75412631e-01   9.37949982e+01   4.38758284e-02   1.06985219e-01           28
430   8.38870704e-02   7.85981750e+05   5.75349808e-01   9.37949982e+01   4.25701030e-02   9.76794213e-02           29
431   8.52032006e-02   7.58516000e+05   5.75296044e-01   9.37949982e+01   4.21028100e-02   1.45651460e-01           25
432   8.68025646e-02   7.26666500e+05   5.75357258e-01   9.37949982e+01   4.00816798e-02   1.47298113e-01           30
433   8.13904032e-02   8.45854125e+05   5.75303018e-01   9.37949982e+01   3.88386399e-02   8.35778117e-02           28
434   8.64439011e-02   7.38822750e+05   5.75232983e-01   9.37949982e+01   4.35999855e-02   1.16689704e-01           29
435   8.61029476e-02   7.41551250e+05   5.75418472e-01   9.37949982e+01   4.19343822e-02   1.24928810e-01           29
436   8.68353397e-02   7.28401312e+05   5.75175464e-01   9.37949982e+01   3.55749466e-02   8.85806754e-02           30
437   8.50109309e-02   7.63200125e+05   5.75202703e-01   9.37949982e+01   4.33688685e-02   6.39710575e-02           27
438   8.82236958e-02   6.96606750e+05   5.75217485e-01   9.37949982e+01   4.39299792e-02   3.71964052e-02           25
439   8.12556148e-02   8.48503000e+05   5.75419903e-01   9.37949982e+01   3.90845872e-02   2.23113909e-01           26
440   8.60848203e-02   7.38296250e+05   5.75307310e-01   9.37949982e+01   4.37702611e-02   8.47384408e-02           28
441   8.29142332e-02   8.10595750e+05   5.75124502e-01   9.37949982e+01   3.82396914e-02   6.40324354e-02           24
442   8.47599134e-02   7.68307188e+05   5.75425744e-01   9.37949982e+01   3.60945873e-02   7.31590688e-02           27
443   8.66003707e-02   7.33598188e+05   5.75420439e-01   9.37949982e+01   4.57460731e-02   1.56653538e-01           28
444   8.82223174e-02   7.00426688e+05   5.75306714e-01   9.37949982e+01   3.78427617e-02   1.19877920e-01           30
445   8.63616318e-02   7.32856250e+05   5.75193226e-01   9.37949982e+01   4.25393283e-02   7.29173645e-02           24
446   8.76447186e-02   7.09043000e+05   5.74870408e-01   9.37949982e+01   4.18075509e-02   4.11569141e-02           27
447   8.59561712e-02   7.43388812e+05   5.75375497e-01   9.37949982e+01   4.03692089e-02   1.38026565e-01           30
448   8.60265046e-02   7.39564750e+05   5.75424552e-01   9.37949982e+01   4.40428853e-02   9.76481363e-02           28
449   8.61070454e-02   7.42083250e+05   5.75425744e-01   9.37949982e+01   3.97844166e-02   1.21017523e-01           28
450   8.73588473e-02   7.18441625e+05   5.75059772e-01   9.37949982e+01   4.01761532e-02   7.88358077e-02           25
451   8.57178867e-02   7.48225062e+05   5.75218022e-01   9.37949982e+01   4.22708169e-02   6.53564855e-02           29
452   8.49391744e-02   7.67791000e+05   5.75421512e-01   9.37949982e+01   3.90535034e-02   7.90726691e-02           29
453   8.87163207e-02   6.92652938e+05   5.74962139e-01   9.37949982e+01   3.74635383e-02   8.45714360e-02           30
454   8.14702287e-02   8.44198062e+05   5.75175464e-01   9.37949982e+01   3.75716090e-02   8.88809115e-02           29
455   8.89742449e-02   6.87420625e+05   5.75420439e-01   9.37949982e+01   3.84372436e-02   1.32020965e-01           27
456   8.40875208e-02   7.76899375e+05   5.75418890e-01   9.37949982e+01   4.10920158e-02   8.85419846e-02           24
457   8.32234547e-02   7.99860938e+05   5.75411439e-01   9.37949982e+01   4.20824476e-02   1.09953120e-01           23
458   8.35324153e-02   7.96630062e+05   5.75122654e-01   9.37949982e+01   5.27570546e-02   6.81900755e-02           25
459   8.98763686e-02   6.71257250e+05   5.75371683e-01   9.37949982e+01   3.50801535e-02   7.59286433e-02           28
460   8.50525200e-02   7.59110688e+05   5.75362384e-01   9.37949982e+01   4.52170260e-02   7.56649747e-02           28
461   8.59733820e-02   7.45673250e+05   5.75417221e-01   9.37949982e+01   3.79966535e-02   1.53665364e-01           29
462   8.76590684e-02   7.10829625e+05   5.75237811e-01   9.37949982e+01   4.17260826e-02   5.14957570e-02           27
463   9.20761675e-02   6.29891750e+05   5.75318456e-01   9.37949982e+01   3.85349803e-02   8.92730579e-02           26
464   8.46688747e-02   7.69063000e+05   5.75189412e-01   9.37949982e+01   3.31170484e-02   4.59450819e-02           26
465   8.73510763e-02   7.20774438e+05   5.75313509e-01   9.37949982e+01   3.84804383e-02   9.92269143e-02           30
466   8.41262266e-02   7.83168938e+05   5.75409830e-01   9.37949982e+01   3.79915275e-02   1.13167383e-01           30
467   8.99617746e-02   6.66026125e+05   5.75293124e-01   9.37949982e+01   3.49730998e-02   4.78157625e-02           29
468   8.52373242e-02   7.59117125e+05   5.75402677e-01   9.37949982e+01   4.14605252e-02   6.93418309e-02           29
469   8.50625038e-02   7.66111438e+05   5.75272143e-01   9.37949982e+01   4.18110192e-02   8.41916874e-02           29
470   8.48069042e-02   7.68515875e+05   5.75132906e-01   9.37949982e+01   4.40651514e-02   9.65660512e-02           29
471   8.52302611e-02   7.57084688e+05   5.75390935e-01   9.37949982e+01   3.81656140e-02   1.67288586e-01           27
472   8.46415907e-02   7.69863562e+05   5.75418890e-01   9.37949982e+01   4.27656062e-02   8.74466449e-02           25
473   8.91133174e-02   6.88282500e+05   5.75409830e-01   9.37949982e+01   3.57591212e-02   9.72530395e-02           29
474   8.60638395e-02   7.47255062e+05   5.75317860e-01   9.37949982e+01   4.70456034e-02   8.79187509e-02           30
475   8.39904696e-02   7.84356812e+05   5.75402677e-01   9.37949982e+01   3.19143496e-02   1.93717897e-01           24
476   8.01031664e-02   8.77498688e+05   5.75193226e-01   9.37949982e+01   4.13059294e-02   1.66456372e-01           28
477   8.72545242e-02   7.13460688e+05   5.75375497e-01   9.37949982e+01   4.17389795e-02   4.41220552e-02           26
478   8.59597921e-02   7.41594875e+05   5.75387478e-01   9.37949982e+01   4.13244851e-02   1.21974975e-01           26
479   8.61182734e-02   7.36676188e+05   5.75362027e-01   9.37949982e+01   4.17390913e-02   5.08142374e-02           25
480   8.25571418e-02   8.19312250e+05   5.75428665e-01   9.37949982e+01   3.51966247e-02   1.22719511e-01           29
481   8.40636268e-02   7.82581438e+05   5.75313509e-01   9.37949982e+01   4.03854102e-02   1.29904658e-01           23
482   8.03976431e-02   8.70327625e+05   5.75420439e-01   9.37949982e+01   3.75879556e-02   5.49243949e-02           28
483   8.77051279e-02   7.07332438e+05   5.75419903e-01   9.37949982e+01   4.20292802e-02   1.79778695e-01           25
484   8.22185874e-02   8.26431938e+05   5.75307727e-01   9.37949982e+01   3.99943255e-02   9.66972858e-02           28
485   7.95011818e-02   8.96043938e+05   5.75362027e-01   9.37949982e+01   3.74047980e-02   6.44578785e-02           28
486   8.45113546e-02   7.71686938e+05   5.75428665e-01   9.37949982e+01   4.34580632e-02   1.23914793e-01           29
487   7.90911764e-02   9.05716062e+05   5.75306714e-01   9.37949982e+01   4.68598269e-02   6.38025478e-02           27
488   8.00552741e-02   8.77742688e+05   5.75369775e-01   9.37949982e+01   4.28146087e-02   2.27024764e-01           26
489   8.42144415e-02   7.79692625e+05   5.75411558e-01   9.37949982e+01   3.90788540e-02   9.58483219e-02           28
490   8.66421089e-02   7.28831188e+05   5.75064838e-01   9.37949982e+01   3.39356884e-02   1.47982255e-01           27
491   8.11591819e-02   8.52469188e+05   5.75425744e-01   9.37949982e+01   4.42190617e-02   1.25222981e-01           28
492   8.68825093e-02   7.24654438e+05   5.75415850e-01   9.37949982e+01   3.71489562e-02   1.31337613e-01           26
493   8.59035850e-02   7.46923250e+05   5.75419903e-01   9.37949982e+01   4.39603254e-02   1.32336393e-01           30
494   8.74217376e-02   7.11035312e+05   5.75418472e-01   9.37949982e+01   3.98907438e-02   8.53106827e-02           28
495   8.51488411e-02   7.62450562e+05   5.75419903e-01   9.37949982e+01   3.31394598e-02   1.96899563e-01           26
496   8.49502310e-02   7.64416062e+05   5.75418890e-01   9.37949982e+01   4.30578999e-02   1.19998761e-01           26
497   8.73939022e-02   7.13983312e+05   5.75203359e-01   9.37949982e+01   4.29367758e-02   1.49958074e-01           29
498   8.91203433e-02   6.82541188e+05   5.75175464e-01   9.37949982e+01   4.29342650e-02   1.06478266e-01           28
499   8.64037350e-02   7.35932250e+05   5.75293124e-01   9.37949982e+01   4.22599651e-02   1.30321741e-01           28
500   8.51934329e-02   1.70496562e+06   5.75424552e-01   2.11055008e+02   3.74213792e-02   6.61601722e-02           27
501   8.86950791e-02   1.55029338e+06   5.75421512e-01   2.11055008e+02   4.01527956e-02   5.70740253e-02           29
502   8.55191872e-02   1.69120550e+06   5.75419903e-01   2.11055008e+02   4.34150770e-02   5.95425591e-02           29
503   8.30342919e-02   1.81133938e+06   5.75402677e-01   2.11055008e+02   3.85614708e-02   1.28491074e-01           28
504   9.05290768e-02   1.48052112e+06   5.75402677e-01   2.11055008e+02   3.80670875e-02   8.01476985e-02           30
505   8.47012848e-02   1.72469288e+06   5.75424612e-01   2.11055008e+02   4.31771353e-02   8.89845043e-02           27
506   8.80834386e-02   1.57477325e+06   5.75401545e-01   2.11055008e+02   3.68627906e-02   5.10996059e-02           27
507   8.35880935e-02   1.78367625e+06   5.75185120e-01   2.11055008e+02   4.39449139e-02   1.13707356e-01           27
508   8.28437209e-02   1.81776025e+06   5.75418472e-01   2.11055008e+02   4.03389670e-02   1.57641068e-01           27
509   8.76360163e-02   1.59895288e+06   5.75324833e-01   2.11055008e+02   4.22591269e-02   5.77984974e-02           29
510   8.43637064e-02   1.74770262e+06   5.75357258e-01   2.11055008e+02   4.43922020e-02   7.54229426e-02           27
511   8.85872841e-02   1.55511875e+06   5.75164914e-01   2.11055008e+02   4.26135212e-02   9.30472389e-02           29
512   8.62386525e-02   1.65421000e+06   5.75415850e-01   2.11055008e+02   4.04762551e-02   9.25953984e-02           28
513   8.84544700e-02   1.56025788e+06   5.75334489e-01   2.11055008e+02   4.08366546e-02   1.97718754e-01           28
514   8.52624550e-02   1.70318575e+06   5.75424731e-01   2.11055008e+02   3.97811048e-02   6.33902624e-02           29
515   8.61249641e-02   1.66636375e+06   5.75243652e-01   2.11055008e+02   4.10610102e-02   9.84331593e-02           29
516   8.73287171e-02   1.61077875e+06   5.75315952e-01   2.11055008e+02   4.06007431e-02   4.31644991e-02           26
517   8.57864022e-02   1.67713738e+06   5.75410128e-01   2.11055008e+02   4.37625460e-02   1.02136716e-01           29
518   8.36784244e-02   1.77677225e+06   5.75424612e-01   2.11055008e+02   4.22524028e-02   4.41209152e-02           29
519   8.28514174e-02   1.81885525e+06   5.75318694e-01   2.11055008e+02   4.06992882e-02   1.28388077e-01           27
520   8.42074007e-02   1.75153150e+06   5.75421512e-01   2.11055008e+02   4.01600599e-02   9.06110555e-02           28
521   8.62287730e-02   1.65913100e+06   5.75367272e-01   2.11055008e+02   4.21019606e-02   3.20753828e-02           27
522   8.71486515e-02   1.61057600e+06   5.75307965e-01   2.11055008e+02   3.60641629e-02   8.23393911e-02           26
523   9.14244577e-02   1.44788238e+06   5.75419903e-01   2.11055008e+02   4.63222265e-02   6.79553226e-02           29
524   8.82329345e-02   1.56492775e+06   5.75337768e-01   2.11055008e+02   3.77629064e-02   5.97767867e-02           26
525   9.03730094e-02   1.48577975e+06   5.75371623e-01   2.11055008e+02   3.94202992e-02   9.65385810e-02           30
526   8.54280815e-02   1.68912075e+06   5.75411081e-01   2.11055008e+02   4.01142016e-02   9.51233953e-02           30
527   8.50148275e-02   1.70927962e+06   5.75425744e-01   2.11055008e+02   3.95787321e-02   8.15295205e-02           28
528   8.19738805e-02   1.86892262e+06   5.75309038e-01   2.11055008e+02   4.19181846e-02   1.77384079e-01           27
529   8.83596018e-02   1.55784550e+06   5.75421512e-01   2.11055008e+02   4.26901802e-02   7.08015934e-02           27
530   8.67264420e-02   1.63349162e+06   5.75370550e-01   2.11055008e+02   4.19581085e-02   1.25530645e-01           28
531   8.90333503e-02   1.53659212e+06   5.75425744e-01   2.11055008e+02   4.16875258e-02   4.10845242e-02           25
532   8.54138881e-02   1.69602062e+06   5.75424612e-01   2.11055008e+02   3.85433435e-02   4.21353914e-02           27
533   8.99369344e-02   1.50087462e+06   5.75362384e-01   2.11055008e+02   4.09863628e-02   9.54150036e-02           29
534   8.72413516e-02   1.61235462e+06   5.75417221e-01   2.11055008e+02   4.00639996e-02   4.39221039e-02           26
535   8.40122700e-02   1.76487600e+06   5.75337768e-01   2.11055008e+02   4.29606810e-02   6.89296350e-02           28
536   8.83008614e-02   1.56659100e+06   5.75420439e-01   2.11055008e+02   4.49838452e-02   4.90763523e-02           29
537   8.74282718e-02   1.60657788e+06   5.75411439e-01   2.11055008e+02   3.92662920e-02   9.05118436e-02           29
538   8.76209810e-02   1.59118588e+06   5.75428665e-01   2.11055008e+02   3.94218750e-02   1.07080698e-01           25
539   8.60319808e-02   1.67549025e+06   5.75424731e-01   2.11055008e+02   4.32054177e-02   6.44370690e-02           29
540   8.53568688e-02   1.69579638e+06   5.75232923e-01   2.11055008e+02   4.06629182e-02   3.69082317e-02           29
541   8.50501209e-02   1.70928800e+06   5.75424612e-01   2.11055008e+02   4.07688729e-02   7.18069747e-02           28
542   8.46354961e-02   1.73106862e+06   5.75419903e-01   2.11055008e+02   4.32334989e-02   1.89655274e-01           27
543   8.57338607e-02   1.67968062e+06   5.75419903e-01   2.11055008e+02   4.25026901e-02   6.98246658e-02           27
544   8.54356065e-02   1.69189450e+06   5.75419903e-01   2.11055008e+02   3.90322618e-02   7.48316795e-02           27
545   8.56561810e-02   1.68421425e+06   5.75375497e-01   2.11055008e+02   3.55998203e-02   8.54094252e-02           28
546   8.48082453e-02   1.72180350e+06   5.75405240e-01   2.11055008e+02   4.03868817e-02   7.50994086e-02           28
547   8.46872479e-02   1.73028725e+06   5.75428665e-01   2.11055008e+02   3.83053496e-02   7.35019520e-02           27
548   8.83616656e-02   1.56466050e+06   5.75428665e-01   2.11055008e+02   4.48359363e-02   3.90504301e-02           29
549   8.54318216e-02   1.70066650e+06   5.75402677e-01   2.11055008e+02   4.29627746e-02   9.09165367e-02           28
550   8.46809596e-02   1.73375688e+06   5.75425804e-01   2.11055008e+02   4.05130424e-02   3.99647094e-02           29
551   8.45555216e-02   1.73059638e+06   5.75149059e-01   2.11055008e+02   4.20699790e-02   1.02159411e-01           26
552   8.48602876e-02   1.71944800e+06   5.75405240e-01   2.11055008e+02   3.87721434e-02   4.61514294e-02           27
553   8.31857994e-02   1.80487288e+06   5.75424612e-01   2.11055008e+02   3.68287899e-02   5.88843673e-02           30
554   8.75364766e-02   1.59916325e+06   5.75418890e-01   2.11055008e+02   3.77150066e-02   3.41688618e-02           30
555   8.61083120e-02   1.65938800e+06   5.75411439e-01   2.11055008e+02   4.14568894e-02   4.77788150e-02           29
556   8.58870670e-02   1.67880138e+06   5.75298607e-01   2.11055008e+02   4.00546454e-02   1.03933096e-01           29
557   8.35333988e-02   1.78350150e+06   5.75418890e-01   2.11055008e+02   3.99404652e-02   1.10112444e-01           29
558   8.33512098e-02   1.78782888e+06   5.75387478e-01   2.11055008e+02   3.59850973e-02   7.67615512e-02           26
559   8.50152299e-02   1.70742975e+06   5.75417221e-01   2.11055008e+02   3.82264368e-02   1.14173107e-01           27
560   8.45518708e-02   1.72816750e+06   5.75425804e-01   2.11055008e+02   3.79706770e-02   2.00800925e-01           27
561   8.35264996e-02   1.78607600e+06   5.75370550e-01   2.11055008e+02   4.34047654e-02   6.51809052e-02           29
562   8.55366811e-02   1.68533275e+06   5.75411439e-01   2.11055008e+02   4.06457111e-02   1.96412504e-01           26
563   8.66660625e-02   1.63916012e+06   5.75425804e-01   2.11055008e+02   4.11694571e-02   1.22024626e-01           29
564   8.63091871e-02   1.64871888e+06   5.75417221e-01   2.11055008e+02   3.85695435e-02   6.06228188e-02           28
565   8.85647237e-02   1.55603375e+06   5.75290978e-01   2.11055008e+02   4.14532125e-02   6.10374026e-02           28
566   8.52600113e-02   1.69204888e+06   5.75417221e-01   2.11055008e+02   4.00732532e-02   3.98568213e-02           23
567   8.59848708e-02   1.66749100e+06   5.75405240e-01   2.11055008e+02   3.74987759e-02   7.93600604e-02           29
568   8.52304474e-02   1.70415538e+06   5.75424612e-01   2.11055008e+02   3.96034829e-02   1.49517432e-01           29
569   8.55619088e-02   1.69003812e+06   5.75337768e-01   2.11055008e+02   4.13309149e-02   9.16385055e-02           27
570   8.62102062e-02   1.65736838e+06   5.75424731e-01   2.11055008e+02   3.58896554e-02   1.66108355e-01           29
571   8.91720578e-02   1.53095425e+06   5.75370550e-01   2.11055008e+02   4.06712517e-02   1.01182960e-01           28
572   8.64743665e-02   1.64524675e+06   5.75421512e-01   2.11055008e+02   3.84012051e-02   9.12160352e-02           27
573   8.71617794e-02   1.61508550e+06   5.75409830e-01   2.11055008e+02   4.38838787e-02   1.28715962e-01           28
574   8.65936354e-02   1.63864250e+06   5.75370550e-01   2.11055008e+02   4.12574746e-02   2.23929763e-01           25
575   8.16470161e-02   1.88027500e+06   5.75425744e-01   2.11055008e+02   4.23745140e-02   5.84837273e-02           29
576   8.35436732e-02   1.77976412e+06   5.75262547e-01   2.11055008e+02   3.83608565e-02   4.62148301e-02           24
577   8.79453421e-02   1.58210588e+06   5.75424552e-01   2.11055008e+02   4.05076928e-02   7.03006536e-02           28
578   8.92686322e-02   1.52496162e+06   5.75337410e-01   2.11055008e+02   4.26697209e-02   4.80258167e-02           27
579   8.44322369e-02   1.74471412e+06   5.75428665e-01   2.11055008e+02   4.27953862e-02   7.64439031e-02           30
580   8.57684836e-02   1.67389838e+06   5.75424552e-01   2.11055008e+02   3.95633876e-02   3.50927263e-02           26
581   8.32680836e-02   1.79535488e+06   5.75402677e-01   2.11055008e+02   4.08922918e-02   1.82111576e-01           28
582   8.45187083e-02   1.73421288e+06   5.75409830e-01   2.11055008e+02   3.82631794e-02   2.23210543e-01           27
583   8.58801231e-02   1.66704538e+06   5.75371683e-01   2.11055008e+02   4.33129556e-02   1.42653838e-01           27
584   8.58394802e-02   1.67148425e+06   5.75424731e-01   2.11055008e+02   3.81048508e-02   7.86674470e-02           28
585   8.33811760e-02   1.79700525e+06   5.75309038e-01   2.11055008e+02   3.86619419e-02   7.74923339e-02           27
586   8.50561559e-02   1.70561200e+06   5.75411558e-01   2.11055008e+02   4.08158451e-02   8.13869312e-02           28
587   8.41764361e-02   1.75944800e+06   5.75371623e-01   2.11055008e+02   4.15477976e-02   9.12548602e-02           29
588   8.53361413e-02   1.69158425e+06   5.75411439e-01   2.11055008e+02   4.18233871e-02   4.53362875e-02           27
589   8.98983851e-02   1.50299500e+06   5.75410128e-01   2.11055008e+02   4.40997258e-02   8.62564817e-02           30
590   8.36776122e-02   1.77920912e+06   5.75424612e-01   2.11055008e+02   4.05889750e-02   7.56648779e-02           30
591   8.74052942e-02   1.60037412e+06   5.75417221e-01   2.11055008e+02   4.26090360e-02   1.02715321e-01           27
592   8.62449855e-02   1.64910638e+06   5.75418472e-01   2.11055008e+02   3.72786634e-02   8.03117603e-02           24
593   8.63001943e-02   1.65624400e+06   5.75269818e-01   2.11055008e+02   3.99102047e-02   1.14938781e-01           30
594   8.74760151e-02   1.59491112e+06   5.75428665e-01   2.11055008e+02   4.26751561e-02   5.85615993e-01           24
595   8.65742490e-02   1.63883738e+06   5.75375497e-01   2.11055008e+02   3.82994078e-02   4.32793796e-02           28
596   8.42111483e-02   1.74785075e+06   5.75424612e-01   2.11055008e+02   4.25903946e-02   6.94011748e-02           26
597   8.92799944e-02   1.53475312e+06   5.75418890e-01   2.11055008e+02   4.21658717e-02   1.14153586e-01           30
598   8.78662094e-02   1.58425400e+06   5.75421512e-01   2.11055008e+02   3.83175984e-02   8.94337967e-02           27
599   8.47041160e-02   1.72047250e+06   5.75424552e-01   2.11055008e+02   3.92470583e-02   4.14110832e-02           24
600   8.72623324e-02   3.21906825e+06   5.75420439e-01   4.22110016e+02   4.02700603e-02   7.94854388e-02           28
601   8.54907632e-02   3.38115225e+06   5.75405240e-01   4.22110016e+02   4.07327861e-02   8.75065476e-02           30
602   8.52775723e-02   3.39962125e+06   5.75425744e-01   4.22110016e+02   4.05325666e-02   1.77934602e-01           29
603   8.70927647e-02   3.23260875e+06   5.75421512e-01   4.22110016e+02   4.22416329e-02   9.34355855e-02           29
604   8.55592266e-02   3.37587775e+06   5.75418472e-01   4.22110016e+02   3.85357887e-02   6.44545853e-02           29
605   8.66699889e-02   3.26896675e+06   5.75418472e-01   4.22110016e+02   3.86349075e-02   1.64236128e-01           26
606   8.55227262e-02   3.37296600e+06   5.75419903e-01   4.22110016e+02   4.34129499e-02   1.23507738e-01           27
607   8.81556198e-02   3.14168225e+06   5.75411558e-01   4.22110016e+02   3.88908647e-02   3.42052504e-02           27
608   8.58222991e-02   3.35086825e+06   5.75428665e-01   4.22110016e+02   4.09378707e-02   7.74915665e-02           30
609   8.68707225e-02   3.24462025e+06   5.75326622e-01   4.22110016e+02   3.77104096e-02   3.80387157e-02           25
610   8.60550627e-02   3.32736675e+06   5.75418472e-01   4.22110016e+02   4.13531922e-02   4.49190661e-02           27
611   8.40664059e-02   3.51730425e+06   5.75425744e-01   4.22110016e+02   3.91010121e-02   5.33114225e-02           26
612   8.45495462e-02   3.45959900e+06   5.75415850e-01   4.22110016e+02   4.21664976e-02   1.56863660e-01           30
613   8.65423307e-02   3.28383575e+06   5.75390935e-01   4.22110016e+02   4.12749760e-02   9.97429267e-02           26
614   8.65205973e-02   3.28441750e+06   5.75425744e-01   4.22110016e+02   3.92740145e-02   1.01503864e-01           28
615   8.36753026e-02   3.54882525e+06   5.75418890e-01   4.22110016e+02   4.23257686e-02   1.79229051e-01           29
616   8.48343149e-02   3.44063325e+06   5.75428665e-01   4.22110016e+02   4.17628661e-02   1.44630864e-01           29
617   8.57640952e-02   3.34913100e+06   5.75424612e-01   4.22110016e+02   4.01996858e-02   1.00597076e-01           27
618   8.55356455e-02   3.36753175e+06   5.75424612e-01   4.22110016e+02   3.70218381e-02   1.20044634e-01           25
619   8.76333863e-02   3.18648725e+06   5.75420439e-01   4.22110016e+02   4.19609621e-02   1.42701402e-01           25
620   8.42918754e-02   3.49568600e+06   5.75411081e-01   4.22110016e+02   3.83817554e-02   1.29279882e-01           29
621   8.58421251e-02   3.34245250e+06   5.75424612e-01   4.22110016e+02   4.22561429e-02   2.44041104e-02           26
622   8.47483203e-02   3.44330000e+06   5.75410128e-01   4.22110016e+02   3.97454388e-02   3.51070091e-02           26
623   8.47296938e-02   3.43428075e+06   5.75424612e-01   4.22110016e+02   4.14938219e-02   1.32043615e-01           24
624   8.78134742e-02   3.16975175e+06   5.75411558e-01   4.22110016e+02   3.75429690e-02   1.47885904e-01           28
625   8.51757824e-02   3.40821750e+06   5.75424731e-01   4.22110016e+02   4.16484848e-02   6.74671754e-02           29
626   8.52794498e-02   3.40183025e+06   5.75420439e-01   4.22110016e+02   4.21682224e-02   1.42574534e-01           28
627   8.54363590e-02   3.37274525e+06   5.75424612e-01   4.22110016e+02   3.98744084e-02   2.77988106e-01           26
628   8.55735019e-02   3.36986950e+06   5.75418890e-01   4.22110016e+02   3.84986624e-02   1.33240730e-01           28
629   8.46792981e-02   3.45631450e+06   5.75411439e-01   4.22110016e+02   3.85942757e-02   1.00043535e-01           28
630   8.49801973e-02   3.42334400e+06   5.75425744e-01   4.22110016e+02   4.12365869e-02   5.06436601e-02           30
631   8.47874731e-02   3.43736575e+06   5.75419903e-01   4.22110016e+02   4.12722379e-02   9.72386226e-02           26
632   8.53723064e-02   3.37871050e+06   5.75421512e-01   4.22110016e+02   3.82706858e-02   1.33885220e-01           26
633   8.58339369e-02   3.34388925e+06   5.75412631e-01   4.22110016e+02   4.00916897e-02   7.94435218e-02           26
634   8.38309750e-02   3.52882500e+06   5.75410128e-01   4.22110016e+02   3.84549052e-02   1.92042634e-01           25
635   8.64142403e-02   3.29590800e+06   5.75357258e-01   4.22110016e+02   3.87323685e-02   9.20515433e-02           28
636   8.56242105e-02   3.35248100e+06   5.75420439e-01   4.22110016e+02   4.33730409e-02   1.66550428e-01           26
637   8.58466327e-02   3.34484400e+06   5.75424552e-01   4.22110016e+02   4.45544533e-02   3.84507664e-02           29
638   8.60282779e-02   3.32108450e+06   5.75425744e-01   4.22110016e+02   4.15831394e-02   1.37859121e-01           28
639   8.57718140e-02   3.35099375e+06   5.75424731e-01   4.22110016e+02   4.03558947e-02   4.51153889e-02           28
640   8.50201845e-02   3.41651925e+06   5.75425744e-01   4.22110016e+02   4.09602150e-02   4.67899702e-02           26
641   8.49765465e-02   3.42815450e+06   5.75337410e-01   4.22110016e+02   4.32113148e-02   4.51012999e-02           29
642   8.65073055e-02   3.28060800e+06   5.75421512e-01   4.22110016e+02   4.24958132e-02   1.62326708e-01           27
643   8.61268044e-02   3.32364200e+06   5.75421512e-01   4.22110016e+02   4.28076088e-02   4.73074354e-02           30
644   8.58493447e-02   3.34731200e+06   5.75371623e-01   4.22110016e+02   4.14958186e-02   4.48813997e-02           29
645   8.68163630e-02   3.24688400e+06   5.75411081e-01   4.22110016e+02   4.23056073e-02   1.07436888e-01           26
646   8.75050575e-02   3.19737375e+06   5.75387478e-01   4.22110016e+02   3.88675742e-02   6.14099130e-02           28
647   8.32932666e-02   3.58402350e+06   5.75411439e-01   4.22110016e+02   4.19058576e-02   1.38540819e-01           26
648   8.57583508e-02   3.35512250e+06   5.75424552e-01   4.22110016e+02   4.27681245e-02   5.20017743e-02           30
649   8.52912813e-02   3.39665125e+06   5.75425804e-01   4.22110016e+02   3.83146219e-02   7.54122138e-02           27
650   8.60174447e-02   3.33279500e+06   5.75412631e-01   4.22110016e+02   3.86926755e-02   6.19852692e-02           27
651   8.59210715e-02   3.33619225e+06   5.75401545e-01   4.22110016e+02   3.87506969e-02   5.03235944e-02           28
652   8.53700489e-02   3.38170525e+06   5.75421512e-01   4.22110016e+02   4.14252244e-02   9.53519568e-02           25
653   8.57510716e-02   3.35162450e+06   5.75418472e-01   4.22110016e+02   4.27986942e-02   2.04660952e-01           26
654   8.81040692e-02   3.14489650e+06   5.75428665e-01   4.22110016e+02   4.32630144e-02   4.65963781e-02           28
655   8.64057317e-02   3.29030875e+06   5.75424612e-01   4.22110016e+02   4.13930602e-02   1.00212507e-01           27
656   8.53130370e-02   3.38530925e+06   5.75424731e-01   4.22110016e+02   4.01711352e-02   5.12892976e-02           27
657   8.57726634e-02   3.35452900e+06   5.75424612e-01   4.22110016e+02   3.90438884e-02   7.01229274e-02           30
658   8.51760432e-02   3.41620000e+06   5.75425804e-01   4.22110016e+02   3.93545628e-02   6.01121821e-02           30
659   8.68958607e-02   3.24379175e+06   5.75424552e-01   4.22110016e+02   4.09903973e-02   7.41799921e-02           26
660   8.73503238e-02   3.20449450e+06   5.75421512e-01   4.22110016e+02   3.85716856e-02   6.87869191e-02           25
661   8.56986195e-02   3.35850950e+06   5.75424612e-01   4.22110016e+02   3.87526676e-02   8.01251903e-02           30
662   8.37721303e-02   3.53745400e+06   5.75415850e-01   4.22110016e+02   4.05106656e-02   1.06756397e-01           27
663   8.51726681e-02   3.39991425e+06   5.75425804e-01   4.22110016e+02   4.16242294e-02   6.95688277e-02           26
664   8.57115760e-02   3.36216175e+06   5.75428665e-01   4.22110016e+02   4.21128236e-02   7.50046074e-02           27
665   8.67802948e-02   3.26533575e+06   5.75425804e-01   4.22110016e+02   4.17502485e-02   7.35892057e-02           30
666   8.50016400e-02   3.41814825e+06   5.75375497e-01   4.22110016e+02   3.82856950e-02   7.76836574e-02           25
667   8.50040540e-02   3.42573650e+06   5.75428665e-01   4.22110016e+02   3.81006300e-02   5.59376366e-02           29
668   8.93939137e-02   3.05242400e+06   5.75402677e-01   4.22110016e+02   3.98454666e-02   1.01494260e-01           30
669   8.44830126e-02   3.47415200e+06   5.75424552e-01   4.22110016e+02   4.13801558e-02   2.16793984e-01           29
670   8.71207342e-02   3.23512750e+06   5.75425804e-01   4.22110016e+02   4.20082286e-02   1.39163077e-01           30
671   8.67081657e-02   3.27384475e+06   5.75307727e-01   4.22110016e+02   3.98393571e-02   4.65064384e-02           28
672   8.65415707e-02   3.28135250e+06   5.75425804e-01   4.22110016e+02   4.10209596e-02   6.02818094e-02           29
673   8.73160362e-02   3.20957775e+06   5.75411558e-01   4.22110016e+02   3.73473465e-02   2.07159594e-01           28
674   8.59871060e-02   3.32316875e+06   5.75428665e-01   4.22110016e+02   4.06157635e-02   1.47429243e-01           26
675   8.64193290e-02   3.29430225e+06   5.75424612e-01   4.22110016e+02   4.21938710e-02   5.45433424e-02           30
676   8.74020755e-02   3.20430850e+06   5.75421512e-01   4.22110016e+02   4.13164496e-02   6.35120496e-02           27
677   8.72225165e-02   3.22669375e+06   5.75424731e-01   4.22110016e+02   3.92081589e-02   3.95677164e-02           29
678   8.62980932e-02   3.29778900e+06   5.75411439e-01   4.22110016e+02   4.25712503e-02   1.26447484e-01           30
679   8.56594145e-02   3.36063275e+06   5.75411558e-01   4.22110016e+02   4.00820300e-02   4.51330431e-02           27
680   8.84599984e-02   3.11645675e+06   5.75410128e-01   4.22110016e+02   4.02247943e-02   9.14214179e-02           30
681   8.50248784e-02   3.43443700e+06   5.75420439e-01   4.22110016e+02   4.18203287e-02   5.83498441e-02           28
682   8.76647756e-02   3.18266400e+06   5.75424731e-01   4.22110016e+02   3.99915352e-02   8.53478462e-02           27
683   8.46068636e-02   3.46860400e+06   5.75424731e-01   4.22110016e+02   4.05663624e-02   5.34279346e-02           30
684   8.46944973e-02   3.44632300e+06   5.75425744e-01   4.22110016e+02   4.31871675e-02   5.30574471e-02           27
685   8.43980089e-02   3.48054975e+06   5.75387478e-01   4.22110016e+02   4.06161584e-02   4.33049425e-02           28
686   8.46667215e-02   3.46008700e+06   5.75425744e-01   4.22110016e+02   4.40667979e-02   4.34408858e-02           27
687   8.80502835e-02   3.15966350e+06   5.75424612e-01   4.22110016e+02   3.86799797e-02   3.77070345e-02           30
688   8.59069228e-02   3.34230175e+06   5.75421512e-01   4.22110016e+02   4.01003622e-02   6.25302941e-02           29
689   8.65373164e-02   3.28440750e+06   5.75428665e-01   4.22110016e+02   3.98539715e-02   1.24728188e-01           27
690   8.59939232e-02   3.32986525e+06   5.75424731e-01   4.22110016e+02   3.99564318e-02   6.84506521e-02           29
691   8.67869332e-02   3.25607325e+06   5.75424612e-01   4.22110016e+02   4.07093838e-02   1.07219592e-01           27
692   8.57988000e-02   3.34940375e+06   5.75418472e-01   4.22110016e+02   3.90462466e-02   7.67876059e-02           29
693   8.64314586e-02   3.29168900e+06   5.75428665e-01   4.22110016e+02   4.06934321e-02   1.97636887e-01           28
694   8.63565281e-02   3.29784500e+06   5.75418472e-01   4.22110016e+02   4.48615700e-02   3.88962328e-02           28
695   8.60384330e-02   3.33141225e+06   5.75420439e-01   4.22110016e+02   4.00383361e-02   4.02722731e-02           28
696   8.53005201e-02   3.39901600e+06   5.75415850e-01   4.22110016e+02   4.11814712e-02   5.94440773e-02           28
697   8.51721317e-02   3.41227475e+06   5.75425744e-01   4.22110016e+02   3.58295739e-02   1.34244606e-01           27
698   8.72655511e-02   3.22034600e+06   5.75410128e-01   4.22110016e+02   4.09388095e-02   4.33285348e-02           28
699   8.76616016e-02   3.18522125e+06   5.75412631e-01   4.22110016e+02   4.07452434e-02   8.56181979e-02           28
