#ID, Rs, Dc, R200, Mvir, xoff, rho_rms, niter
sample_000.dat   8.35335851e-02   3.58355000e+04   5.64801395e-01   4.01700020e+00   1.39471367e-02   3.23902041e-01           23
sample_001.dat   5.30366227e-02   1.11495148e+05   5.65400124e-01   4.01700020e+00   3.68706286e-02   5.99168658e-01           24
sample_002.dat   8.59842971e-02   3.39732344e+04   5.54292500e-01   4.01700020e+00   3.50764170e-02   2.00200170e-01           25
sample_003.dat   4.97432500e-02   1.33415312e+05   5.65934360e-01   4.01700020e+00   2.26354264e-02   2.96000898e-01           26
sample_004.dat   7.31841922e-02   4.88646602e+04   5.65730095e-01   4.01700020e+00   3.72313820e-02   2.27508411e-01           27
sample_005.dat   1.03255786e-01   2.26891641e+04   5.63149095e-01   4.01700020e+00   1.61841027e-02   1.95650026e-01           25
sample_006.dat   8.69148597e-02   3.26678418e+04   5.64917862e-01   4.01700020e+00   4.21289206e-02   3.37730438e-01           28
sample_007.dat   8.08045715e-02   3.92834102e+04   5.65414310e-01   4.01700020e+00   1.61180496e-02   2.98188865e-01           25
sample_008.dat   6.67306408e-02   6.14382539e+04   5.63337028e-01   4.01700020e+00   1.38351703e-02   1.47503629e-01           29
sample_009.dat   6.53321967e-02   6.68487656e+04   5.59056282e-01   4.01700020e+00   1.33235827e-02   2.98531830e-01           30
sample_010.dat   6.62494451e-02   6.32732305e+04   5.65090537e-01   4.01700020e+00   1.08776288e-02   5.78465462e-01           20
sample_011.dat   4.86120693e-02   1.35129438e+05   5.63242912e-01   4.01700020e+00   2.49257665e-02   1.82350412e-01           28
sample_012.dat   8.00932273e-02   3.99444258e+04   5.63397348e-01   4.01700020e+00   2.14641821e-02   1.83484614e-01           25
sample_013.dat   6.66239113e-02   6.04515664e+04   5.65900207e-01   4.01700020e+00   1.86056849e-02   2.44062752e-01           25
sample_014.dat   5.95312715e-02   8.13037344e+04   5.58528066e-01   4.01700020e+00   2.55568363e-02   1.91743270e-01           26
sample_015.dat   6.43156916e-02   6.75126719e+04   5.61030447e-01   4.01700020e+00   2.54502315e-02   3.85688663e-01           26
sample_016.dat   5.86113110e-02   8.46594531e+04   5.57443440e-01   4.01700020e+00   4.43765633e-02   5.31192541e-01           19
sample_017.dat   5.78856692e-02   8.68951094e+04   5.65349281e-01   4.01700020e+00   3.11477706e-02   2.41759434e-01           22
sample_018.dat   7.34906197e-02   4.88412695e+04   5.65328240e-01   4.01700020e+00   2.50639450e-02   1.60726190e-01           23
sample_019.dat   5.30300513e-02   1.13449508e+05   5.64808607e-01   4.01700020e+00   3.67318280e-02   3.59702885e-01           29
sample_020.dat   6.96628168e-02   5.72613398e+04   5.57933509e-01   4.01700020e+00   1.40357045e-02   3.07958037e-01           25
sample_021.dat   6.53244033e-02   6.52020742e+04   5.62392056e-01   4.01700020e+00   2.48763599e-02   3.16803366e-01           23
sample_022.dat   7.10818544e-02   5.37049453e+04   5.55304110e-01   4.01700020e+00   4.53360006e-02   2.58638084e-01           25
sample_023.dat   7.62918517e-02   4.62582227e+04   5.66158354e-01   4.01700020e+00   2.02531349e-02   3.40587407e-01           28
sample_024.dat   6.42852411e-02   6.66433828e+04   5.61626673e-01   4.01700020e+00   3.88749391e-02   1.65333539e-01           26
sample_025.dat   5.82765378e-02   8.70422891e+04   5.62941790e-01   4.01700020e+00   4.11441438e-02   4.24567074e-01           26
sample_026.dat   7.51604438e-02   4.54706367e+04   5.63278079e-01   4.01700020e+00   3.07900328e-02   2.58068115e-01           24
sample_027.dat   7.40665421e-02   4.93566992e+04   5.60786247e-01   4.01700020e+00   3.04036941e-02   2.82631248e-01           24
sample_028.dat   6.65368512e-02   6.33803438e+04   5.62107205e-01   4.01700020e+00   2.70244200e-02   2.21835911e-01           19
sample_029.dat   6.50266036e-02   6.81679219e+04   5.57237029e-01   4.01700020e+00   2.59171929e-02   4.32346404e-01           21
sample_030.dat   5.50966635e-02   9.80469766e+04   5.66093087e-01   4.01700020e+00   1.95171293e-02   2.67919421e-01           27
sample_031.dat   8.67830664e-02   3.30270703e+04   5.62737048e-01   4.01700020e+00   2.41893549e-02   3.66363168e-01           22
sample_032.dat   7.96838775e-02   3.97738867e+04   5.64497292e-01   4.01700020e+00   3.29406410e-02   2.83729225e-01           20
sample_033.dat   6.81820437e-02   5.92037930e+04   5.65959156e-01   4.01700020e+00   2.35234015e-02   1.88070789e-01           29
sample_034.dat   8.04769620e-02   3.91318164e+04   5.62655210e-01   4.01700020e+00   3.23910527e-02   3.20532322e-01           21
sample_035.dat   6.30230010e-02   7.30679766e+04   5.65731823e-01   4.01700020e+00   1.48320738e-02   3.98033559e-01           27
sample_036.dat   7.80615211e-02   4.28194922e+04   5.61666310e-01   4.01700020e+00   3.78209427e-02   3.17756444e-01           22
sample_037.dat   7.59851113e-02   4.45625625e+04   5.64845204e-01   4.01700020e+00   3.29643264e-02   1.68984860e-01           26
sample_038.dat   7.80291036e-02   4.37675039e+04   5.62618911e-01   4.01700020e+00   4.89499904e-02   1.80974111e-01           26
sample_039.dat   5.46990931e-02   9.99077891e+04   5.66125453e-01   4.01700020e+00   6.25362527e-03   1.46126762e-01           25
sample_040.dat   6.62222579e-02   6.47357539e+04   5.59822679e-01   4.01700020e+00   3.26972567e-02   3.78127187e-01           25
sample_041.dat   8.51652175e-02   3.47990898e+04   5.61252952e-01   4.01700020e+00   2.51981486e-02   2.96917200e-01           26
sample_042.dat   5.80322407e-02   8.73004141e+04   5.60685694e-01   4.01700020e+00   3.39456350e-02   3.59700322e-01           25
sample_043.dat   6.26755431e-02   7.11426406e+04   5.60442388e-01   4.01700020e+00   4.16845344e-02   1.18043132e-01           26
sample_044.dat   7.21383095e-02   5.16248359e+04   5.65208554e-01   4.01700020e+00   1.98461767e-02   2.85065621e-01           27
sample_045.dat   6.20943829e-02   7.40654297e+04   5.62093318e-01   4.01700020e+00   3.01313475e-02   2.22397894e-01           26
sample_046.dat   6.42472655e-02   6.92181719e+04   5.63823283e-01   4.01700020e+00   1.97386816e-02   3.56389105e-01           27
sample_047.dat   8.35477784e-02   3.59300781e+04   5.63113928e-01   4.01700020e+00   3.86129655e-02   2.04286739e-01           26
sample_048.dat   5.67132011e-02   9.43440781e+04   5.62660515e-01   4.01700020e+00   2.70757936e-02   2.57062733e-01           28
sample_049.dat   8.86166841e-02   3.18063887e+04   5.66081166e-01   4.01700020e+00   2.57077236e-02   3.16968709e-01           29
sample_050.dat   7.45887086e-02   4.85292773e+04   5.64330339e-01   4.01700020e+00   2.51185913e-02   2.36508563e-01           25
sample_051.dat   6.76571801e-02   6.09028438e+04   5.64347863e-01   4.01700020e+00   5.44187911e-02   2.28011057e-01           27
sample_052.dat   6.80503771e-02   5.85579258e+04   5.65621793e-01   4.01700020e+00   1.18185375e-02   1.04307048e-01           26
sample_053.dat   1.01655073e-01   2.27359727e+04   5.62845886e-01   4.01700020e+00   9.08371527e-03   3.05965036e-01           25
sample_054.dat   6.88916296e-02   5.75929609e+04   5.61604619e-01   4.01700020e+00   3.41085456e-02   2.48133123e-01           27
sample_055.dat   6.23072423e-02   7.44338125e+04   5.65754354e-01   4.01700020e+00   3.38585563e-02   4.03868109e-01           25
sample_056.dat   4.93320301e-02   1.29769641e+05   5.55108786e-01   4.01700020e+00   3.11877355e-02   2.02033803e-01           22
sample_057.dat   6.11534491e-02   7.76812188e+04   5.56461573e-01   4.01700020e+00   3.49004827e-02   2.57259905e-01           19
sample_058.dat   6.90863654e-02   5.68874805e+04   5.55458248e-01   4.01700020e+00   6.04948401e-02   4.01389420e-01           23
sample_059.dat   6.30204380e-02   6.96917109e+04   5.63776493e-01   4.01700020e+00   2.90657151e-02   2.32979104e-01           27
sample_060.dat   7.33421370e-02   4.92989688e+04   5.64487696e-01   4.01700020e+00   3.46365981e-02   1.74714148e-01           27
sample_061.dat   6.48524538e-02   6.67635703e+04   5.64872563e-01   4.01700020e+00   2.29742248e-02   2.04226121e-01           27
sample_062.dat   8.27703699e-02   3.85263008e+04   5.62609196e-01   4.01700020e+00   4.32716236e-02   3.28881711e-01           27
sample_063.dat   7.78162926e-02   4.31140391e+04   5.64581335e-01   4.01700020e+00   1.59240998e-02   5.10874450e-01           24
sample_064.dat   6.18420020e-02   7.57483203e+04   5.62641799e-01   4.01700020e+00   1.06100803e-02   2.72545606e-01           22
sample_065.dat   5.94331436e-02   8.28298594e+04   5.65375924e-01   4.01700020e+00   3.33466046e-02   3.59750807e-01           26
sample_066.dat   8.58746171e-02   3.41697539e+04   5.61230898e-01   4.01700020e+00   3.58804390e-02   1.82881579e-01           29
sample_067.dat   6.72637001e-02   6.00267969e+04   5.59007466e-01   4.01700020e+00   2.06942596e-02   3.08060437e-01           24
sample_068.dat   7.11873323e-02   5.37391992e+04   5.63801169e-01   4.01700020e+00   3.66166397e-03   2.19588384e-01           26
sample_069.dat   6.64962977e-02   6.22396094e+04   5.57385683e-01   4.01700020e+00   1.74285267e-02   2.50506610e-01           27
sample_070.dat   7.26896077e-02   5.15274961e+04   5.64709246e-01   4.01700020e+00   2.17178483e-02   3.02429855e-01           28
sample_071.dat   5.52124903e-02   9.82167266e+04   5.64953268e-01   4.01700020e+00   1.64130852e-02   3.33005190e-01           23
sample_072.dat   6.30620047e-02   6.95669844e+04   5.59429169e-01   4.01700020e+00   3.15212272e-02   3.03077102e-01           23
sample_073.dat   7.31286183e-02   4.93964844e+04   5.66115916e-01   4.01700020e+00   2.32165717e-02   2.33544841e-01           24
sample_074.dat   6.17312528e-02   7.69793203e+04   5.59638619e-01   4.01700020e+00   2.06842851e-02   3.25912833e-01           27
sample_075.dat   7.10983202e-02   5.39358477e+04   5.66283524e-01   4.01700020e+00   4.24930975e-02   2.43420929e-01           26
sample_076.dat   7.09701478e-02   5.40032148e+04   5.63930094e-01   4.01700020e+00   2.81578898e-02   1.82448491e-01           29
sample_077.dat   6.99618012e-02   5.70268633e+04   5.66128969e-01   4.01700020e+00   2.23967675e-02   4.64244038e-01           24
sample_078.dat   5.55523895e-02   9.88985312e+04   5.61151206e-01   4.01700020e+00   1.43006435e-02   2.95472413e-01           28
sample_079.dat   8.34431723e-02   3.63036758e+04   5.64760149e-01   4.01700020e+00   3.69765833e-02   3.52361411e-01           22
sample_080.dat   5.27732521e-02   1.10390508e+05   5.64148366e-01   4.01700020e+00   1.85578987e-02   2.31712282e-01           24
sample_081.dat   7.37709031e-02   4.74715742e+04   5.62066257e-01   4.01700020e+00   2.38038823e-02   1.95287183e-01           21
sample_082.dat   7.99810216e-02   3.91244414e+04   5.63021481e-01   4.01700020e+00   1.66461207e-02   3.66585284e-01           21
sample_083.dat   7.36263096e-02   5.03951641e+04   5.63354671e-01   4.01700020e+00   3.89077775e-02   3.20326626e-01           23
sample_084.dat   5.80086522e-02   8.62716094e+04   5.64952850e-01   4.01700020e+00   1.88620705e-02   2.28075191e-01           26
sample_085.dat   5.57036772e-02   9.70761484e+04   5.59743166e-01   4.01700020e+00   2.20788289e-02   2.14154020e-01           23
sample_086.dat   6.27446622e-02   7.34557891e+04   5.64158380e-01   4.01700020e+00   2.00462472e-02   4.23071980e-01           27
sample_087.dat   5.30327708e-02   1.10360414e+05   5.63096404e-01   4.01700020e+00   2.87725572e-02   3.02892566e-01           27
sample_088.dat   8.64734128e-02   3.38412031e+04   5.63139737e-01   4.01700020e+00   2.50100363e-02   2.91453540e-01           26
sample_089.dat   5.55295460e-02   9.76162734e+04   5.64095676e-01   4.01700020e+00   2.11910363e-02   2.02300340e-01           23
sample_090.dat   8.42869580e-02   3.58772461e+04   5.62055767e-01   4.01700020e+00   1.44948764e-02   3.27143878e-01           28
sample_091.dat   6.78007305e-02   5.99005078e+04   5.65242827e-01   4.01700020e+00   1.60531327e-02   2.40076035e-01           29
sample_092.dat   5.82529567e-02   8.71127188e+04   5.64769685e-01   4.01700020e+00   1.70777440e-02   2.96308786e-01           21
sample_093.dat   7.79079795e-02   4.29719922e+04   5.61158299e-01   4.01700020e+00   7.70156039e-03   3.30963701e-01           27
sample_094.dat   6.95744529e-02   5.73060078e+04   5.63730299e-01   4.01700020e+00   2.05851682e-02   2.76193917e-01           25
sample_095.dat   5.06221615e-02   1.23900477e+05   5.57707787e-01   4.01700020e+00   6.15666695e-02   2.82016426e-01           21
sample_096.dat   7.96257257e-02   4.00965430e+04   5.60558856e-01   4.01700020e+00   1.91951096e-02   2.42739663e-01           26
sample_097.dat   8.45059231e-02   3.51408320e+04   5.65255225e-01   4.01700020e+00   1.25687039e-02   2.11671397e-01           24
sample_098.dat   6.09553121e-02   7.77481953e+04   5.64283848e-01   4.01700020e+00   2.53745131e-02   2.61429995e-01           24
sample_099.dat   7.54597560e-02   4.76429961e+04   5.65660357e-01   4.01700020e+00   2.50316802e-02   2.56462306e-01           28
sample_100.dat   7.91638345e-02   8.75807344e+04   5.65806448e-01   8.73600006e+00   8.64447560e-03   1.15895249e-01           25
sample_101.dat   7.40479603e-02   1.02379547e+05   5.64235568e-01   8.73600006e+00   1.87288001e-02   2.31218666e-01           26
sample_102.dat   6.82560131e-02   1.24871680e+05   5.65897167e-01   8.73600006e+00   2.05758847e-02   2.79327929e-01           30
sample_103.dat   7.13663772e-02   1.09925742e+05   5.64759493e-01   8.73600006e+00   1.23288836e-02   1.95874915e-01           27
sample_104.dat   8.57522339e-02   7.27293672e+04   5.65515041e-01   8.73600006e+00   4.35316786e-02   2.47495964e-01           29
sample_105.dat   9.45561826e-02   5.76163750e+04   5.64330339e-01   8.73600006e+00   2.81389784e-02   1.36768326e-01           26
sample_106.dat   7.57517219e-02   9.46023906e+04   5.65409362e-01   8.73600006e+00   8.80447589e-03   3.05987567e-01           22
sample_107.dat   7.08946511e-02   1.14199148e+05   5.65725625e-01   8.73600006e+00   1.58170201e-02   2.76032478e-01           24
sample_108.dat   6.93295971e-02   1.20273492e+05   5.65961540e-01   8.73600006e+00   7.71283917e-03   9.68713686e-02           26
sample_109.dat   8.29417333e-02   7.79749766e+04   5.64141572e-01   8.73600006e+00   2.86769997e-02   1.98223114e-01           29
sample_110.dat   8.50016326e-02   7.35716562e+04   5.64275682e-01   8.73600006e+00   2.91638393e-02   3.12898040e-01           27
sample_111.dat   8.57458264e-02   7.23778281e+04   5.65621793e-01   8.73600006e+00   8.29223264e-03   1.88297540e-01           27
sample_112.dat   7.21191913e-02   1.08493258e+05   5.64330339e-01   8.73600006e+00   3.60430367e-02   3.02093536e-01           26
sample_113.dat   7.70061463e-02   9.16646172e+04   5.66004336e-01   8.73600006e+00   4.57864394e-03   1.25806317e-01           23
sample_114.dat   7.96012953e-02   8.73394219e+04   5.64345181e-01   8.73600006e+00   2.23608296e-02   2.75325686e-01           29
sample_115.dat   6.29000217e-02   1.52098062e+05   5.63718617e-01   8.73600006e+00   1.84880998e-02   3.81228745e-01           25
sample_116.dat   5.99389225e-02   1.69063719e+05   5.65414310e-01   8.73600006e+00   1.14574544e-02   2.69986093e-01           26
sample_117.dat   7.05541149e-02   1.12557047e+05   5.65793455e-01   8.73600006e+00   2.96232905e-02   6.88358694e-02           29
sample_118.dat   6.82106167e-02   1.24940836e+05   5.64845204e-01   8.73600006e+00   6.78765308e-03   3.29516113e-01           24
sample_119.dat   8.64696503e-02   6.98765312e+04   5.63923419e-01   8.73600006e+00   2.07955036e-02   3.08215082e-01           28
sample_120.dat   7.96502307e-02   8.44659844e+04   5.65300345e-01   8.73600006e+00   1.46501428e-02   2.24012017e-01           28
sample_121.dat   8.24867561e-02   7.93950391e+04   5.66054821e-01   8.73600006e+00   1.60672329e-02   1.55483872e-01           26
sample_122.dat   7.56264850e-02   9.81865000e+04   5.65344930e-01   8.73600006e+00   3.24271619e-02   2.38983154e-01           24
sample_123.dat   6.48075491e-02   1.40130891e+05   5.65351963e-01   8.73600006e+00   1.60748065e-02   1.75223544e-01           27
sample_124.dat   7.95300379e-02   8.54773359e+04   5.65076649e-01   8.73600006e+00   2.53175367e-02   1.27186865e-01           23
sample_125.dat   7.67144412e-02   9.46763828e+04   5.65898776e-01   8.73600006e+00   1.57411210e-02   1.12498462e-01           29
sample_126.dat   9.36840177e-02   5.83658555e+04   5.65510929e-01   8.73600006e+00   2.90061887e-02   1.79661185e-01           29
sample_127.dat   7.80713186e-02   9.11225859e+04   5.60530722e-01   8.73600006e+00   1.51108233e-02   1.29401192e-01           28
sample_128.dat   7.44519681e-02   1.02542750e+05   5.65672159e-01   8.73600006e+00   1.94742102e-02   2.09639996e-01           29
sample_129.dat   7.56755695e-02   9.59442656e+04   5.61496735e-01   8.73600006e+00   1.36872120e-02   1.73801407e-01           23
sample_130.dat   9.23323482e-02   6.07276641e+04   5.64709306e-01   8.73600006e+00   2.12848168e-02   2.65857667e-01           26
sample_131.dat   5.61664514e-02   1.98874766e+05   5.65378428e-01   8.73600006e+00   2.12854706e-02   3.92764390e-01           23
sample_132.dat   7.37456977e-02   1.02876164e+05   5.64050317e-01   8.73600006e+00   1.61620956e-02   1.00645386e-01           26
sample_133.dat   7.08460510e-02   1.12000297e+05   5.65160632e-01   8.73600006e+00   1.01191085e-02   2.35457301e-01           21
sample_134.dat   6.37004077e-02   1.46877234e+05   5.63216865e-01   8.73600006e+00   1.17019527e-02   1.88464388e-01           23
sample_135.dat   7.43900090e-02   9.96102344e+04   5.66095054e-01   8.73600006e+00   1.69682950e-02   1.41125992e-01           27
sample_136.dat   7.04371855e-02   1.13197320e+05   5.65621793e-01   8.73600006e+00   2.57689878e-02   3.15104097e-01           23
sample_137.dat   8.28681737e-02   7.79546328e+04   5.63863873e-01   8.73600006e+00   2.63315365e-02   2.71837264e-01           26
sample_138.dat   6.94257170e-02   1.17038062e+05   5.65798640e-01   8.73600006e+00   5.59792807e-03   3.20895731e-01           26
sample_139.dat   6.64338693e-02   1.33519469e+05   5.62636912e-01   8.73600006e+00   1.11860540e-02   2.63402164e-01           25
sample_140.dat   6.58288598e-02   1.36433906e+05   5.66094995e-01   8.73600006e+00   2.15795264e-02   3.12189251e-01           24
sample_141.dat   7.45082200e-02   1.00780719e+05   5.64416349e-01   8.73600006e+00   1.08359689e-02   2.39958763e-01           27
sample_142.dat   6.96848407e-02   1.17701375e+05   5.64558387e-01   8.73600006e+00   2.47201920e-02   2.27293178e-01           29
sample_143.dat   7.60785341e-02   9.53863359e+04   5.64218819e-01   8.73600006e+00   1.97920334e-02   2.40168557e-01           24
sample_144.dat   7.97749460e-02   8.50243359e+04   5.65744102e-01   8.73600006e+00   1.62413958e-02   1.12633988e-01           25
sample_145.dat   7.63112381e-02   9.44353047e+04   5.64430892e-01   8.73600006e+00   3.07061039e-02   1.15101635e-01           25
sample_146.dat   6.47246689e-02   1.41474094e+05   5.65778136e-01   8.73600006e+00   3.68967988e-02   8.55062082e-02           28
sample_147.dat   7.38008097e-02   1.03995531e+05   5.65206409e-01   8.73600006e+00   1.29986964e-02   1.80598676e-01           26
sample_148.dat   6.34686649e-02   1.44502906e+05   5.64358175e-01   8.73600006e+00   1.04805026e-02   1.16184115e-01           20
sample_149.dat   5.90242557e-02   1.77111250e+05   5.66157103e-01   8.73600006e+00   7.55818933e-03   2.31420800e-01           27
sample_150.dat   7.96793550e-02   8.62592031e+04   5.65660357e-01   8.73600006e+00   1.38411606e-02   1.10715076e-01           25
sample_151.dat   7.33565167e-02   1.02167016e+05   5.65656185e-01   8.73600006e+00   2.28312742e-02   2.03326821e-01           23
sample_152.dat   8.22027177e-02   8.11814609e+04   5.66034734e-01   8.73600006e+00   9.88002494e-03   3.24700028e-01           28
sample_153.dat   8.61743838e-02   7.17201875e+04   5.64473987e-01   8.73600006e+00   1.93213653e-02   2.62580484e-01           28
sample_154.dat   7.13345632e-02   1.13364742e+05   5.65409660e-01   8.73600006e+00   3.17866839e-02   5.41650712e-01           25
sample_155.dat   7.04980940e-02   1.12853992e+05   5.64522684e-01   8.73600006e+00   7.09752785e-03   1.29606605e-01           24
sample_156.dat   7.63765946e-02   9.58094219e+04   5.61834991e-01   8.73600006e+00   1.10635748e-02   1.59873784e-01           25
sample_157.dat   8.40380862e-02   7.49787109e+04   5.63085735e-01   8.73600006e+00   1.70662459e-02   7.01946467e-02           20
sample_158.dat   7.70801827e-02   9.17250312e+04   5.65255225e-01   8.73600006e+00   3.22272182e-02   2.23162308e-01           28
sample_159.dat   6.13990016e-02   1.62686016e+05   5.64240396e-01   8.73600006e+00   2.64891423e-02   1.77045748e-01           27
sample_160.dat   9.17475522e-02   6.26301875e+04   5.64354122e-01   8.73600006e+00   5.90357184e-03   2.65576988e-01           28
sample_161.dat   7.77274892e-02   9.09189062e+04   5.65843642e-01   8.73600006e+00   2.68979352e-02   6.62690327e-02           27
sample_162.dat   7.50675648e-02   9.79951172e+04   5.65819263e-01   8.73600006e+00   2.87591815e-02   9.66048464e-02           21
sample_163.dat   7.83006251e-02   8.91764609e+04   5.65660357e-01   8.73600006e+00   2.53174361e-02   1.60125941e-01           28
sample_164.dat   8.99182111e-02   6.47490938e+04   5.62350273e-01   8.73600006e+00   2.82873418e-02   1.27949864e-01           26
sample_165.dat   8.54885727e-02   7.26350703e+04   5.63973606e-01   8.73600006e+00   1.61693841e-02   1.27897531e-01           26
sample_166.dat   7.55072311e-02   9.68845938e+04   5.65354466e-01   8.73600006e+00   8.81641451e-03   5.33157706e-01           23
sample_167.dat   8.34104717e-02   7.56888594e+04   5.66106439e-01   8.73600006e+00   2.03898754e-02   1.87457055e-01           26
sample_168.dat   7.43444413e-02   1.02263195e+05   5.66030025e-01   8.73600006e+00   3.39843035e-02   1.68782845e-01           26
sample_169.dat   7.34148920e-02   1.02614789e+05   5.65807641e-01   8.73600006e+00   1.69946887e-02   1.15436591e-01           26
sample_170.dat   7.41819963e-02   1.03293250e+05   5.65390110e-01   8.73600006e+00   1.08199427e-02   3.58366281e-01           27
sample_171.dat   6.89959079e-02   1.21090148e+05   5.64712226e-01   8.73600006e+00   2.31510773e-03   1.46062657e-01           28
sample_172.dat   7.93481022e-02   8.73783672e+04   5.65508902e-01   8.73600006e+00   1.74908675e-02   3.31282914e-01           26
sample_173.dat   6.28977790e-02   1.52753281e+05   5.65625727e-01   8.73600006e+00   2.08306760e-02   2.34732926e-01           25
sample_174.dat   8.49961489e-02   7.24613125e+04   5.64289749e-01   8.73600006e+00   7.01260613e-03   1.05824225e-01           27
sample_175.dat   7.85958394e-02   8.89650078e+04   5.66025317e-01   8.73600006e+00   1.20599307e-02   2.06279203e-01           27
sample_176.dat   9.94167253e-02   5.03254219e+04   5.66157103e-01   8.73600006e+00   2.25028209e-02   1.48017377e-01           25
sample_177.dat   6.98146448e-02   1.16389969e+05   5.65798640e-01   8.73600006e+00   1.70538351e-02   1.98067442e-01           28
sample_178.dat   6.33346885e-02   1.51108266e+05   5.65327346e-01   8.73600006e+00   8.87393299e-03   3.91781062e-01           27
sample_179.dat   6.92502484e-02   1.20121477e+05   5.65955341e-01   8.73600006e+00   2.49885898e-02   2.37038448e-01           21
sample_180.dat   7.33044893e-02   1.04526883e+05   5.65676928e-01   8.73600006e+00   1.26487054e-02   2.12925926e-01           23
sample_181.dat   6.90319687e-02   1.20205406e+05   5.66106319e-01   8.73600006e+00   2.24551689e-02   1.59191415e-01           28
sample_182.dat   7.20773935e-02   1.09572805e+05   5.64482808e-01   8.73600006e+00   6.42342353e-03   1.30723685e-01           27
sample_183.dat   7.05503598e-02   1.15144922e+05   5.66128373e-01   8.73600006e+00   2.00700518e-02   1.98374793e-01           24
sample_184.dat   7.40526319e-02   1.00954539e+05   5.65797567e-01   8.73600006e+00   1.87096652e-02   4.06529099e-01           24
sample_185.dat   7.56794810e-02   9.63935547e+04   5.62710464e-01   8.73600006e+00   2.52883323e-02   1.11014098e-01           26
sample_186.dat   7.37792253e-02   1.03050008e+05   5.64085007e-01   8.73600006e+00   2.13397052e-02   1.65342256e-01           27
sample_187.dat   7.44946599e-02   1.01063469e+05   5.65300345e-01   8.73600006e+00   6.27809251e-03   2.20135897e-01           23
sample_188.dat   7.36725628e-02   1.02451250e+05   5.65694690e-01   8.73600006e+00   2.48954818e-02   3.07315946e-01           25
sample_189.dat   7.56329373e-02   9.63703359e+04   5.64760149e-01   8.73600006e+00   8.59876908e-03   1.96108490e-01           25
sample_190.dat   9.02102739e-02   6.39531172e+04   5.65226018e-01   8.73600006e+00   3.08521576e-02   1.15637727e-01           27
sample_191.dat   9.02326927e-02   6.37201172e+04   5.61206877e-01   8.73600006e+00   1.28911082e-02   4.21878219e-01           24
sample_192.dat   7.57717639e-02   9.69650391e+04   5.62758982e-01   8.73600006e+00   1.53258145e-02   2.53111452e-01           25
sample_193.dat   8.40886310e-02   7.40713359e+04   5.66194177e-01   8.73600006e+00   1.13221882e-02   1.15784816e-01           27
sample_194.dat   6.91532567e-02   1.21252914e+05   5.62414646e-01   8.73600006e+00   1.53896036e-02   1.63977250e-01           27
sample_195.dat   6.71085641e-02   1.29120523e+05   5.65717578e-01   8.73600006e+00   2.85664983e-02   2.01904207e-01           27
sample_196.dat   8.57984200e-02   7.21852891e+04   5.65794349e-01   8.73600006e+00   1.69695113e-02   1.46716595e-01           27
sample_197.dat   6.59093559e-02   1.36192828e+05   5.63216865e-01   8.73600006e+00   9.63898748e-03   1.91972956e-01           28
sample_198.dat   6.17557727e-02   1.57856125e+05   5.64269960e-01   8.73600006e+00   1.60415489e-02   3.74685615e-01           23
sample_199.dat   7.09616169e-02   1.12774242e+05   5.64030230e-01   8.73600006e+00   1.24671189e-02   9.17481482e-02           26
sample_200.dat   8.09115693e-02   1.76529219e+05   5.64836919e-01   1.87070007e+01   1.98699832e-02   1.31071165e-01           27
sample_201.dat   8.81061107e-02   1.41791484e+05   5.65999925e-01   1.87070007e+01   1.26694525e-02   7.21536428e-02           26
sample_202.dat   6.95401430e-02   2.51521859e+05   5.65745592e-01   1.87070007e+01   1.18049206e-02   1.78294107e-01           28
sample_203.dat   8.18768144e-02   1.71576547e+05   5.66111803e-01   1.87070007e+01   5.11966227e-03   1.19226724e-01           30
sample_204.dat   7.92155340e-02   1.84757031e+05   5.65140724e-01   1.87070007e+01   8.78436025e-03   1.55758440e-01           30
sample_205.dat   7.04386681e-02   2.41013875e+05   5.66043735e-01   1.87070007e+01   2.02992875e-02   2.24406436e-01           25
sample_206.dat   8.20398256e-02   1.68529469e+05   5.65432310e-01   1.87070007e+01   1.78510994e-02   1.05634511e-01           25
sample_207.dat   8.37525949e-02   1.59540047e+05   5.66288769e-01   1.87070007e+01   9.16443300e-03   1.74885333e-01           25
sample_208.dat   7.64312968e-02   2.01636797e+05   5.66261411e-01   1.87070007e+01   7.52478838e-03   1.42148271e-01           30
sample_209.dat   7.90035278e-02   1.83368656e+05   5.65893292e-01   1.87070007e+01   1.35951061e-02   1.39329910e-01           26
sample_210.dat   8.17283466e-02   1.71236891e+05   5.64396083e-01   1.87070007e+01   6.31314470e-03   1.66724890e-01           26
sample_211.dat   7.93112591e-02   1.84310000e+05   5.64464629e-01   1.87070007e+01   9.62599553e-03   1.03804104e-01           27
sample_212.dat   7.78208077e-02   1.96104297e+05   5.65973818e-01   1.87070007e+01   5.67783415e-03   2.43334025e-01           26
sample_213.dat   8.81845355e-02   1.42320422e+05   5.65961540e-01   1.87070007e+01   1.59666780e-02   1.72202900e-01           29
sample_214.dat   7.62990564e-02   2.00656469e+05   5.66208720e-01   1.87070007e+01   1.07590323e-02   1.51764110e-01           30
sample_215.dat   8.06309655e-02   1.74887359e+05   5.65703511e-01   1.87070007e+01   1.78747587e-02   2.02811763e-01           25
sample_216.dat   8.12852234e-02   1.73083938e+05   5.65839589e-01   1.87070007e+01   1.60038192e-02   1.26632527e-01           28
sample_217.dat   8.48116949e-02   1.53808375e+05   5.65327346e-01   1.87070007e+01   1.37462830e-02   5.48852496e-02           19
sample_218.dat   7.07464516e-02   2.39321906e+05   5.66130579e-01   1.87070007e+01   1.30179478e-02   9.43297669e-02           27
sample_219.dat   7.80880004e-02   1.90250031e+05   5.65745950e-01   1.87070007e+01   9.53345746e-03   1.75463676e-01           28
sample_220.dat   7.25769028e-02   2.27682312e+05   5.65466583e-01   1.87070007e+01   9.18230508e-03   1.26897499e-01           28
sample_221.dat   7.11325482e-02   2.35354938e+05   5.66214740e-01   1.87070007e+01   1.32568721e-02   9.82506052e-02           28
sample_222.dat   7.60381073e-02   1.99248500e+05   5.66101730e-01   1.87070007e+01   1.36555852e-02   1.67325959e-01           23
sample_223.dat   8.24098587e-02   1.67384672e+05   5.66200733e-01   1.87070007e+01   9.91776958e-03   1.58943713e-01           26
sample_224.dat   7.53292665e-02   2.08285859e+05   5.65901756e-01   1.87070007e+01   6.22650934e-03   1.89039975e-01           29
sample_225.dat   7.93780908e-02   1.83671547e+05   5.64886808e-01   1.87070007e+01   8.75824410e-03   1.05529144e-01           30
sample_226.dat   7.69258514e-02   1.96861484e+05   5.66288292e-01   1.87070007e+01   1.15290144e-02   3.16863000e-01           26
sample_227.dat   7.81707764e-02   1.89634641e+05   5.65793455e-01   1.87070007e+01   7.65032088e-03   1.18259840e-01           27
sample_228.dat   8.50059241e-02   1.55806062e+05   5.62143862e-01   1.87070007e+01   1.64608452e-02   3.24770719e-01           28
sample_229.dat   9.40311179e-02   1.22955117e+05   5.65819263e-01   1.87070007e+01   1.26699768e-02   1.11404642e-01           27
sample_230.dat   9.99439582e-02   1.07355969e+05   5.66200733e-01   1.87070007e+01   1.08769257e-02   1.87416747e-01           25
sample_231.dat   8.05713609e-02   1.76681641e+05   5.65768480e-01   1.87070007e+01   2.30110697e-02   2.50744641e-01           26
sample_232.dat   6.97541535e-02   2.45916031e+05   5.65569580e-01   1.87070007e+01   1.20771835e-02   2.15082750e-01           27
sample_233.dat   7.70314187e-02   1.95084125e+05   5.64420521e-01   1.87070007e+01   8.56582262e-03   1.40100420e-01           28
sample_234.dat   7.40799606e-02   2.14764422e+05   5.65674186e-01   1.87070007e+01   1.36225028e-02   1.13216944e-01           29
sample_235.dat   8.44443887e-02   1.58091266e+05   5.64607859e-01   1.87070007e+01   4.38144337e-03   1.26972511e-01           28
sample_236.dat   8.48306119e-02   1.55731625e+05   5.64903796e-01   1.87070007e+01   1.81485936e-02   1.09469727e-01           30
sample_237.dat   7.15595111e-02   2.33562750e+05   5.66037953e-01   1.87070007e+01   9.75515880e-03   2.16456652e-01           26
sample_238.dat   7.47436211e-02   2.12904172e+05   5.66206455e-01   1.87070007e+01   1.82439182e-02   3.49903226e-01           29
sample_239.dat   8.51946101e-02   1.55785203e+05   5.65839589e-01   1.87070007e+01   2.99278600e-03   1.47795290e-01           29
sample_240.dat   7.81553611e-02   1.89050859e+05   5.65801024e-01   1.87070007e+01   8.39356054e-03   1.60721764e-01           27
sample_241.dat   7.62309358e-02   2.00127750e+05   5.65926135e-01   1.87070007e+01   1.55022051e-02   1.45769581e-01           27
sample_242.dat   7.18710199e-02   2.30173828e+05   5.65834641e-01   1.87070007e+01   9.31149814e-03   3.70144695e-01           25
sample_243.dat   7.05207586e-02   2.43913625e+05   5.64358175e-01   1.87070007e+01   6.09884690e-03   2.81119406e-01           27
sample_244.dat   6.52487874e-02   2.95346344e+05   5.65653265e-01   1.87070007e+01   2.28142068e-02   1.63563147e-01           29
sample_245.dat   7.24389032e-02   2.28975172e+05   5.65754354e-01   1.87070007e+01   7.20649865e-03   9.52038765e-02           28
sample_246.dat   7.30358139e-02   2.22904078e+05   5.66290736e-01   1.87070007e+01   1.67061742e-02   1.20339282e-01           24
sample_247.dat   7.24770948e-02   2.27017969e+05   5.64940929e-01   1.87070007e+01   1.61756631e-02   1.05774499e-01           29
sample_248.dat   7.42361322e-02   2.10720125e+05   5.66268563e-01   1.87070007e+01   7.65064452e-03   3.21856350e-01           24
sample_249.dat   7.71304443e-02   1.92929641e+05   5.65926135e-01   1.87070007e+01   1.44993467e-02   1.60570726e-01           28
sample_250.dat   7.60188997e-02   2.02306969e+05   5.65973818e-01   1.87070007e+01   1.30167520e-02   2.19255581e-01           29
sample_251.dat   8.12408403e-02   1.72615891e+05   5.66034734e-01   1.87070007e+01   1.90598201e-02   1.40929133e-01           26
sample_252.dat   7.31073022e-02   2.22928297e+05   5.65223038e-01   1.87070007e+01   1.66072343e-02   2.87523717e-01           27
sample_253.dat   8.39758590e-02   1.59609125e+05   5.64673483e-01   1.87070007e+01   1.34372702e-02   9.68287811e-02           27
sample_254.dat   8.69134739e-02   1.46970016e+05   5.66179931e-01   1.87070007e+01   2.33834777e-02   2.09234655e-01           26
sample_255.dat   9.09152031e-02   1.32474812e+05   5.65158308e-01   1.87070007e+01   1.81604233e-02   1.61029369e-01           28
sample_256.dat   7.85379261e-02   1.85152781e+05   5.65959156e-01   1.87070007e+01   1.83562338e-02   5.49672022e-02           26
sample_257.dat   7.27376342e-02   2.23471312e+05   5.65872669e-01   1.87070007e+01   1.26106869e-02   1.57082126e-01           24
sample_258.dat   7.19781891e-02   2.27870297e+05   5.65498173e-01   1.87070007e+01   1.55984256e-02   1.89823762e-01           22
sample_259.dat   7.98098519e-02   1.80634484e+05   5.65814674e-01   1.87070007e+01   1.37589471e-02   1.00016013e-01           28
sample_260.dat   8.36154893e-02   1.63135500e+05   5.65801024e-01   1.87070007e+01   1.84519794e-02   2.05123231e-01           29
sample_261.dat   8.05340111e-02   1.76094969e+05   5.64917862e-01   1.87070007e+01   9.29814205e-03   2.38706961e-01           27
sample_262.dat   8.15941244e-02   1.69141328e+05   5.65590978e-01   1.87070007e+01   2.80065760e-02   1.39405832e-01           22
sample_263.dat   7.83363879e-02   1.88773406e+05   5.65658629e-01   1.87070007e+01   3.14783007e-02   1.41908810e-01           27
sample_264.dat   8.15258324e-02   1.70512172e+05   5.65742016e-01   1.87070007e+01   3.63929314e-03   1.28503084e-01           27
sample_265.dat   8.88077989e-02   1.39833266e+05   5.66118419e-01   1.87070007e+01   9.14335903e-03   1.39080927e-01           27
sample_266.dat   7.69357458e-02   1.96992641e+05   5.64827919e-01   1.87070007e+01   9.21086874e-03   2.77248889e-01           28
sample_267.dat   7.69697130e-02   1.97929844e+05   5.66261292e-01   1.87070007e+01   2.98641063e-03   1.47724658e-01           30
sample_268.dat   7.87186250e-02   1.86046266e+05   5.65806448e-01   1.87070007e+01   2.15677228e-02   1.48262143e-01           29
sample_269.dat   8.15185830e-02   1.71103828e+05   5.65110207e-01   1.87070007e+01   1.31009184e-02   2.63166159e-01           26
sample_270.dat   8.78746435e-02   1.44322109e+05   5.66207767e-01   1.87070007e+01   1.12713659e-02   1.05396137e-01           28
sample_271.dat   7.55235851e-02   2.03989844e+05   5.63682139e-01   1.87070007e+01   1.81305800e-02   1.08070709e-01           27
sample_272.dat   7.81059861e-02   1.92038812e+05   5.65860391e-01   1.87070007e+01   1.56494100e-02   2.04076156e-01           30
sample_273.dat   7.64091313e-02   1.99618266e+05   5.64104438e-01   1.87070007e+01   9.14182980e-03   1.42808259e-01           26
sample_274.dat   8.03655759e-02   1.77064469e+05   5.64221203e-01   1.87070007e+01   1.73464343e-02   6.09767400e-02           26
sample_275.dat   7.29300529e-02   2.22072578e+05   5.65793991e-01   1.87070007e+01   8.60321801e-03   8.57960433e-02           28
sample_276.dat   7.92616457e-02   1.83315344e+05   5.64951360e-01   1.87070007e+01   6.30185055e-03   9.19493288e-02           27
sample_277.dat   8.15142393e-02   1.72724703e+05   5.65640926e-01   1.87070007e+01   8.97496101e-03   1.13401175e-01           29
sample_278.dat   8.31601843e-02   1.62859391e+05   5.66004336e-01   1.87070007e+01   1.65417418e-02   9.90557820e-02           28
sample_279.dat   8.43938142e-02   1.57564188e+05   5.66150308e-01   1.87070007e+01   2.20379084e-02   1.32127315e-01           28
sample_280.dat   7.80236572e-02   1.91744469e+05   5.65270841e-01   1.87070007e+01   7.91816507e-03   1.58821374e-01           28
sample_281.dat   7.92661160e-02   1.83954250e+05   5.65955341e-01   1.87070007e+01   1.65808965e-02   1.92213207e-01           29
sample_282.dat   8.33134502e-02   1.63842297e+05   5.65409660e-01   1.87070007e+01   2.13553011e-02   1.37167618e-01           27
sample_283.dat   7.52953440e-02   2.07011594e+05   5.66097081e-01   1.87070007e+01   1.72828045e-02   1.20701678e-01           28
sample_284.dat   8.26690793e-02   1.67846156e+05   5.65460622e-01   1.87070007e+01   2.46658493e-02   1.23429216e-01           29
sample_285.dat   7.53973126e-02   2.07143406e+05   5.66047430e-01   1.87070007e+01   7.56096747e-03   1.38777718e-01           25
sample_286.dat   8.68760645e-02   1.47274250e+05   5.66194177e-01   1.87070007e+01   9.48867667e-03   1.02741778e-01           25
sample_287.dat   9.75760370e-02   1.11557367e+05   5.65687299e-01   1.87070007e+01   9.40240826e-03   8.67525190e-02           25
sample_288.dat   7.73322880e-02   1.94653312e+05   5.65742075e-01   1.87070007e+01   1.97540708e-02   1.74955577e-01           28
sample_289.dat   8.99857953e-02   1.35341922e+05   5.65901756e-01   1.87070007e+01   1.00720301e-02   2.13715434e-01           29
sample_290.dat   8.01758841e-02   1.76308828e+05   5.65973818e-01   1.87070007e+01   9.78016481e-03   2.91035980e-01           24
sample_291.dat   7.57866800e-02   2.05257078e+05   5.66130579e-01   1.87070007e+01   9.10262764e-03   1.62938520e-01           27
sample_292.dat   7.38424584e-02   2.18537062e+05   5.66276312e-01   1.87070007e+01   1.92261077e-02   1.06857263e-01           25
sample_293.dat   7.56925195e-02   2.00321828e+05   5.65451324e-01   1.87070007e+01   1.23442831e-02   5.14703020e-02           27
sample_294.dat   7.18556345e-02   2.31171719e+05   5.65033317e-01   1.87070007e+01   6.15700800e-03   2.13335693e-01           25
sample_295.dat   7.54866004e-02   2.08246500e+05   5.66207767e-01   1.87070007e+01   1.38241444e-02   2.00654104e-01           30
sample_296.dat   7.53405839e-02   2.07589812e+05   5.64679921e-01   1.87070007e+01   8.33183434e-03   1.41987219e-01           24
sample_297.dat   8.62376764e-02   1.49346406e+05   5.65313339e-01   1.87070007e+01   2.78521050e-02   1.47505701e-01           25
sample_298.dat   7.07218200e-02   2.38287953e+05   5.65620244e-01   1.87070007e+01   1.40563417e-02   5.56355529e-02           24
sample_299.dat   8.29285532e-02   1.64233484e+05   5.65844715e-01   1.87070007e+01   1.73185188e-02   1.44207075e-01           28
sample_300.dat   8.17491338e-02   3.61985188e+05   5.65359175e-01   4.02220001e+01   9.27235186e-03   4.45088111e-02           26
sample_301.dat   8.40905756e-02   3.40843688e+05   5.66290736e-01   4.02220001e+01   1.14118326e-02   8.37970972e-02           28
sample_302.dat   8.66309330e-02   3.16719281e+05   5.66283524e-01   4.02220001e+01   5.08925086e-03   1.28367782e-01           29
sample_303.dat   8.12640041e-02   3.69501969e+05   5.65733492e-01   4.02220001e+01   1.17829815e-02   1.54920802e-01           28
sample_304.dat   8.44456032e-02   3.35664750e+05   5.66108346e-01   4.02220001e+01   8.79614335e-03   2.39282191e-01           26
sample_305.dat   8.83476958e-02   3.01688125e+05   5.66054821e-01   4.02220001e+01   1.25946905e-02   1.02132797e-01           27
sample_306.dat   7.29550570e-02   4.81351125e+05   5.65957367e-01   4.02220001e+01   1.24726146e-02   1.63023472e-01           27
sample_307.dat   8.04761350e-02   3.76964156e+05   5.66203415e-01   4.02220001e+01   1.00189215e-02   1.62312865e-01           27
sample_308.dat   7.54266009e-02   4.42694062e+05   5.66111803e-01   4.02220001e+01   1.64080597e-02   1.01860724e-01           28
sample_309.dat   8.04474279e-02   3.77899531e+05   5.65543175e-01   4.02220001e+01   9.86151677e-03   1.32197917e-01           29
sample_310.dat   7.90481642e-02   3.97370625e+05   5.65821648e-01   4.02220001e+01   7.58360326e-03   1.19505756e-01           29
sample_311.dat   7.80280754e-02   4.05166312e+05   5.66118419e-01   4.02220001e+01   9.71243344e-03   8.90088975e-02           26
sample_312.dat   8.03754553e-02   3.77905688e+05   5.65744102e-01   4.02220001e+01   1.48942620e-02   9.41692516e-02           28
sample_313.dat   8.44899192e-02   3.34961156e+05   5.66034734e-01   4.02220001e+01   7.50486739e-03   7.52632469e-02           26
sample_314.dat   7.76477382e-02   4.13371750e+05   5.66288769e-01   4.02220001e+01   7.24908104e-03   7.13922083e-02           29
sample_315.dat   8.64479765e-02   3.17244688e+05   5.65954328e-01   4.02220001e+01   1.38702597e-02   8.18894356e-02           24
sample_316.dat   8.57943445e-02   3.23953969e+05   5.66179931e-01   4.02220001e+01   9.59572103e-03   1.03058353e-01           30
sample_317.dat   8.75782520e-02   3.08716875e+05   5.66261411e-01   4.02220001e+01   3.74700548e-03   7.25939274e-02           26
sample_318.dat   8.00588727e-02   3.79837750e+05   5.65032184e-01   4.02220001e+01   1.10402284e-02   7.98886344e-02           27
sample_319.dat   8.58491212e-02   3.21765469e+05   5.65432906e-01   4.02220001e+01   2.21393351e-03   9.65574905e-02           26
sample_320.dat   8.29368457e-02   3.50829500e+05   5.66054821e-01   4.02220001e+01   8.39158334e-03   6.62157685e-02           30
sample_321.dat   7.60361478e-02   4.33354594e+05   5.65109372e-01   4.02220001e+01   1.39742764e-02   1.15081713e-01           29
sample_322.dat   8.75836238e-02   3.07258062e+05   5.66106319e-01   4.02220001e+01   7.88930710e-03   3.37556720e-01           26
sample_323.dat   8.52253437e-02   3.26751750e+05   5.66097081e-01   4.02220001e+01   5.66109782e-03   9.11194235e-02           25
sample_324.dat   8.02654549e-02   3.82130375e+05   5.66276312e-01   4.02220001e+01   7.24566216e-03   6.52463287e-02           27
sample_325.dat   8.22761282e-02   3.59732250e+05   5.65964341e-01   4.02220001e+01   1.12144845e-02   1.20908178e-01           26
sample_326.dat   8.21872801e-02   3.57514750e+05   5.66261292e-01   4.02220001e+01   1.07850358e-02   1.08371906e-01           28
sample_327.dat   7.53374845e-02   4.38753281e+05   5.66207349e-01   4.02220001e+01   6.32747542e-03   1.03261441e-01           26
sample_328.dat   8.09011757e-02   3.70998438e+05   5.66108346e-01   4.02220001e+01   8.74795206e-03   9.77015570e-02           27
sample_329.dat   7.64056295e-02   4.26702531e+05   5.66170871e-01   4.02220001e+01   1.32672954e-02   7.93730319e-02           30
sample_330.dat   7.49917999e-02   4.48947438e+05   5.65655351e-01   4.02220001e+01   2.15491541e-02   9.16754901e-02           29
sample_331.dat   7.46235251e-02   4.50145312e+05   5.66200733e-01   4.02220001e+01   7.26447767e-03   1.01260461e-01           26
sample_332.dat   8.26687366e-02   3.50804406e+05   5.65658629e-01   4.02220001e+01   8.44664685e-03   9.29623544e-02           18
sample_333.dat   8.34673792e-02   3.46842812e+05   5.65572739e-01   4.02220001e+01   1.07805086e-02   7.73913115e-02           29
sample_334.dat   8.42490271e-02   3.41283562e+05   5.66025317e-01   4.02220001e+01   4.80683660e-03   8.77596363e-02           30
sample_335.dat   8.09920281e-02   3.69263031e+05   5.65864623e-01   4.02220001e+01   1.54191703e-02   2.41646379e-01           27
sample_336.dat   7.87644684e-02   3.96057969e+05   5.65843642e-01   4.02220001e+01   1.37422327e-02   1.10347554e-01           27
sample_337.dat   8.75951722e-02   3.09089594e+05   5.65819263e-01   4.02220001e+01   6.65684370e-03   8.98135081e-02           28
sample_338.dat   8.62786546e-02   3.20070062e+05   5.65863073e-01   4.02220001e+01   6.57344377e-03   8.65284279e-02           24
sample_339.dat   7.59858117e-02   4.30431281e+05   5.66086948e-01   4.02220001e+01   1.19093424e-02   1.67749301e-01           26
sample_340.dat   7.67245367e-02   4.22519781e+05   5.65904617e-01   4.02220001e+01   7.80697167e-03   1.75503075e-01           27
sample_341.dat   8.44857395e-02   3.37770531e+05   5.65897167e-01   4.02220001e+01   1.54308677e-02   1.56708449e-01           26
sample_342.dat   7.27408826e-02   4.79629969e+05   5.65491259e-01   4.02220001e+01   1.67760216e-02   1.14685670e-01           28
sample_343.dat   8.25153068e-02   3.53565719e+05   5.66025317e-01   4.02220001e+01   3.54043371e-03   1.31944403e-01           28
sample_344.dat   7.35361427e-02   4.68578250e+05   5.66278875e-01   4.02220001e+01   9.43393540e-03   1.33977190e-01           29
sample_345.dat   8.44273567e-02   3.36760781e+05   5.65731227e-01   4.02220001e+01   8.62199161e-03   6.53399378e-02           26
sample_346.dat   9.01717097e-02   2.88845688e+05   5.65656185e-01   4.02220001e+01   1.34439105e-02   9.98124778e-02           25
sample_347.dat   7.88690299e-02   3.93039375e+05   5.66077828e-01   4.02220001e+01   3.65991634e-03   9.43388492e-02           30
sample_348.dat   9.51864943e-02   2.54849062e+05   5.66045880e-01   4.02220001e+01   8.32296256e-03   7.76432082e-02           27
sample_349.dat   8.95674452e-02   2.93572938e+05   5.66288292e-01   4.02220001e+01   1.46565018e-02   6.94908947e-02           27
sample_350.dat   8.55510458e-02   3.28321531e+05   5.66097081e-01   4.02220001e+01   3.97306075e-03   1.08531691e-01           30
sample_351.dat   7.74675086e-02   4.12292094e+05   5.65954328e-01   4.02220001e+01   9.82192066e-03   5.20488881e-02           29
sample_352.dat   8.47446993e-02   3.34940188e+05   5.66145301e-01   4.02220001e+01   5.33171929e-03   9.99437049e-02           29
sample_353.dat   8.23698714e-02   3.55513688e+05   5.65900207e-01   4.02220001e+01   1.47920130e-02   8.24548379e-02           29
sample_354.dat   8.03929642e-02   3.77724188e+05   5.66194177e-01   4.02220001e+01   6.70062844e-03   5.25759235e-02           28
sample_355.dat   8.13812762e-02   3.68812031e+05   5.66122890e-01   4.02220001e+01   7.72263948e-03   1.22892290e-01           30
sample_356.dat   8.47584158e-02   3.35637812e+05   5.66102982e-01   4.02220001e+01   9.13867168e-03   7.49275088e-02           29
sample_357.dat   8.24732557e-02   3.54956500e+05   5.66269815e-01   4.02220001e+01   7.05006113e-03   1.25138760e-01           29
sample_358.dat   8.67286325e-02   3.14151469e+05   5.65903068e-01   4.02220001e+01   1.77827254e-02   8.06358829e-02           23
sample_359.dat   7.74214566e-02   4.16638188e+05   5.65696001e-01   4.02220001e+01   1.07174879e-02   6.45097792e-02           27
sample_360.dat   7.89633319e-02   3.96639531e+05   5.65901756e-01   4.02220001e+01   1.02425637e-02   1.11286156e-01           29
sample_361.dat   7.88430646e-02   3.95106875e+05   5.65317810e-01   4.02220001e+01   7.50599336e-03   2.72788584e-01           26
sample_362.dat   7.87891597e-02   3.96617750e+05   5.66207349e-01   4.02220001e+01   1.06681278e-02   1.25953048e-01           29
sample_363.dat   8.84474069e-02   3.01731531e+05   5.66094995e-01   4.02220001e+01   1.03971837e-02   8.96045119e-02           29
sample_364.dat   8.05134848e-02   3.80657219e+05   5.65327346e-01   4.02220001e+01   8.72609671e-03   9.01687145e-02           26
sample_365.dat   7.54165128e-02   4.38430344e+05   5.65964341e-01   4.02220001e+01   1.37392327e-03   5.94548509e-02           28
sample_366.dat   7.94681013e-02   3.87464875e+05   5.65860391e-01   4.02220001e+01   1.29300589e-02   2.86102563e-01           27
sample_367.dat   8.50342065e-02   3.32820406e+05   5.65995514e-01   4.02220001e+01   6.24682661e-03   1.36983842e-01           28
sample_368.dat   9.04090330e-02   2.87092719e+05   5.65966547e-01   4.02220001e+01   9.54687782e-03   8.71534944e-02           28
sample_369.dat   8.06575343e-02   3.75638625e+05   5.66121995e-01   4.02220001e+01   1.44615686e-02   7.52924085e-02           28
sample_370.dat   7.88429677e-02   3.94094188e+05   5.66268563e-01   4.02220001e+01   2.35264725e-03   5.86687922e-02           30
sample_371.dat   8.10314044e-02   3.72319906e+05   5.65964341e-01   4.02220001e+01   7.13672582e-03   1.97095290e-01           28
sample_372.dat   8.57933536e-02   3.25963844e+05   5.65731823e-01   4.02220001e+01   9.99812409e-03   1.26221254e-01           29
sample_373.dat   8.38078186e-02   3.45257125e+05   5.66128969e-01   4.02220001e+01   1.15095144e-02   1.02615222e-01           25
sample_374.dat   7.96231851e-02   3.86230469e+05   5.66106439e-01   4.02220001e+01   1.40860910e-02   1.37151092e-01           28
sample_375.dat   8.11084732e-02   3.71489875e+05   5.66170871e-01   4.02220001e+01   1.00287721e-02   2.16072425e-01           29
sample_376.dat   8.09274465e-02   3.70597750e+05   5.65366745e-01   4.02220001e+01   5.02076093e-03   4.46489044e-02           28
sample_377.dat   7.94308707e-02   3.87991969e+05   5.66158354e-01   4.02220001e+01   1.56787224e-02   9.17536467e-02           23
sample_378.dat   8.03437009e-02   3.81050938e+05   5.66097081e-01   4.02220001e+01   1.27112456e-02   1.42846271e-01           30
sample_379.dat   7.87873641e-02   3.97950969e+05   5.66235244e-01   4.02220001e+01   1.37773342e-02   8.53452235e-02           29
sample_380.dat   8.57543275e-02   3.24598688e+05   5.66077828e-01   4.02220001e+01   2.25840695e-03   6.85063377e-02           27
sample_381.dat   8.11128095e-02   3.71554406e+05   5.65502048e-01   4.02220001e+01   1.56612247e-02   1.03103936e-01           27
sample_382.dat   8.22872296e-02   3.56208469e+05   5.66106319e-01   4.02220001e+01   7.74663547e-03   8.46756697e-02           28
sample_383.dat   7.95578733e-02   3.89697625e+05   5.66288292e-01   4.02220001e+01   7.27505656e-03   1.22993767e-01           29
sample_384.dat   8.14829394e-02   3.64759125e+05   5.65160632e-01   4.02220001e+01   1.45042287e-02   1.47057623e-01           26
sample_385.dat   7.68200979e-02   4.23221062e+05   5.65999925e-01   4.02220001e+01   9.27641802e-03   9.58770290e-02           29
sample_386.dat   8.70985463e-02   3.12819188e+05   5.64741731e-01   4.02220001e+01   7.86218047e-03   7.39805028e-02           24
sample_387.dat   7.83179477e-02   4.02753812e+05   5.66093087e-01   4.02220001e+01   1.10685388e-02   7.24450350e-02           26
sample_388.dat   7.87502080e-02   3.94861219e+05   5.65466583e-01   4.02220001e+01   5.57333883e-03   1.27975479e-01           25
sample_389.dat   8.49253833e-02   3.30900031e+05   5.65369308e-01   4.02220001e+01   1.00489063e-02   1.28157929e-01           28
sample_390.dat   8.20281506e-02   3.60466344e+05   5.66045880e-01   4.02220001e+01   2.46485379e-02   1.13350168e-01           26
sample_391.dat   8.31216648e-02   3.50137875e+05   5.65593839e-01   4.02220001e+01   1.19157312e-02   1.64363459e-01           28
sample_392.dat   8.45515952e-02   3.35651125e+05   5.65964341e-01   4.02220001e+01   1.56346951e-02   9.34522003e-02           29
sample_393.dat   8.73910114e-02   3.07685562e+05   5.65440893e-01   4.02220001e+01   5.17285196e-03   3.89677063e-02           26
sample_394.dat   7.97431096e-02   3.85069250e+05   5.66097498e-01   4.02220001e+01   7.78420176e-03   9.79356468e-02           29
sample_395.dat   8.56243968e-02   3.27038062e+05   5.65712988e-01   4.02220001e+01   4.60390933e-03   7.22064823e-02           25
sample_396.dat   8.42525661e-02   3.37616656e+05   5.66208720e-01   4.02220001e+01   7.34643219e-03   1.17416367e-01           27
sample_397.dat   8.61497223e-02   3.23478812e+05   5.66278875e-01   4.02220001e+01   5.83973387e-03   8.52127522e-02           27
sample_398.dat   8.15441385e-02   3.66490719e+05   5.66278875e-01   4.02220001e+01   1.06197521e-02   1.36734813e-01           29
sample_399.dat   7.90948272e-02   3.91097875e+05   5.66200733e-01   4.02220001e+01   8.32842849e-03   1.49688825e-01           28
sample_400.dat   8.19407105e-02   8.03523000e+05   5.66238821e-01   8.94010010e+01   7.82331266e-03   7.73007125e-02           29
sample_401.dat   8.42442587e-02   7.50020375e+05   5.66235244e-01   8.94010010e+01   2.74866936e-03   1.55788347e-01           26
sample_402.dat   8.26604143e-02   7.83014875e+05   5.66106439e-01   8.94010010e+01   2.27085757e-03   5.62187172e-02           28
sample_403.dat   8.04373845e-02   8.33891500e+05   5.66157103e-01   8.94010010e+01   1.08048478e-02   1.50044873e-01           26
sample_404.dat   7.85793588e-02   8.81455812e+05   5.66130817e-01   8.94010010e+01   6.28301408e-03   1.49106309e-01           27
sample_405.dat   7.73124695e-02   9.18470500e+05   5.65856874e-01   8.94010010e+01   6.95415447e-03   5.48773780e-02           27
sample_406.dat   8.30894038e-02   7.74936188e+05   5.66224039e-01   8.94010010e+01   6.10302761e-03   8.17425624e-02           28
sample_407.dat   8.28567445e-02   7.77539750e+05   5.66130817e-01   8.94010010e+01   6.40601851e-03   4.66395542e-02           26
sample_408.dat   7.98076764e-02   8.50003625e+05   5.66170871e-01   8.94010010e+01   6.29621744e-03   1.51201949e-01           27
sample_409.dat   8.76515284e-02   6.80372000e+05   5.66121995e-01   8.94010010e+01   5.55146020e-03   8.95172656e-02           27
sample_410.dat   8.16555992e-02   8.08631125e+05   5.66224039e-01   8.94010010e+01   1.06403492e-02   6.94306791e-02           29
sample_411.dat   8.21724460e-02   7.93062562e+05   5.66206455e-01   8.94010010e+01   6.40814239e-03   7.42230639e-02           30
sample_412.dat   8.28074217e-02   7.74730750e+05   5.66255391e-01   8.94010010e+01   6.88249525e-03   1.45233586e-01           25
sample_413.dat   7.99536481e-02   8.47723688e+05   5.66028893e-01   8.94010010e+01   1.14856018e-02   1.10392414e-01           28
sample_414.dat   8.09917301e-02   8.18665562e+05   5.66214740e-01   8.94010010e+01   1.11547671e-02   9.47106853e-02           29
sample_415.dat   8.60337019e-02   7.13163562e+05   5.66118419e-01   8.94010010e+01   7.51839345e-03   1.17064655e-01           27
sample_416.dat   8.49059075e-02   7.33949562e+05   5.66170990e-01   8.94010010e+01   5.61541086e-03   1.56657502e-01           27
sample_417.dat   8.43524188e-02   7.50088875e+05   5.66101730e-01   8.94010010e+01   6.42011734e-03   1.01921245e-01           29
sample_418.dat   8.17063078e-02   8.07383875e+05   5.66042304e-01   8.94010010e+01   4.82458714e-03   1.36166230e-01           28
sample_419.dat   8.23585093e-02   7.89368375e+05   5.66028714e-01   8.94010010e+01   9.83543601e-03   6.10121638e-02           26
sample_420.dat   8.32908228e-02   7.72796375e+05   5.66004336e-01   8.94010010e+01   4.10270877e-03   1.00096576e-01           30
sample_421.dat   8.17312300e-02   8.07266688e+05   5.66276312e-01   8.94010010e+01   1.08320573e-02   9.68674570e-02           30
sample_422.dat   8.61411616e-02   7.10070625e+05   5.66288769e-01   8.94010010e+01   7.10644713e-03   6.93330094e-02           28
sample_423.dat   8.50689709e-02   7.34150688e+05   5.66177964e-01   8.94010010e+01   1.22608561e-02   5.19996658e-02           30
sample_424.dat   8.05792436e-02   8.33858562e+05   5.66290736e-01   8.94010010e+01   7.20645906e-03   9.23930332e-02           27
sample_425.dat   7.85658360e-02   8.87556625e+05   5.66276312e-01   8.94010010e+01   9.27179027e-03   7.07636625e-02           30
sample_426.dat   7.80751631e-02   8.95112688e+05   5.66278875e-01   8.94010010e+01   4.76692524e-03   1.27465442e-01           27
sample_427.dat   8.37353095e-02   7.59180125e+05   5.66108346e-01   8.94010010e+01   4.02725767e-03   1.35862723e-01           29
sample_428.dat   8.74951929e-02   6.87247125e+05   5.66208720e-01   8.94010010e+01   9.18335840e-03   9.44545045e-02           28
sample_429.dat   8.15862194e-02   8.09071000e+05   5.66047430e-01   8.94010010e+01   6.29434083e-03   1.02244593e-01           28
sample_430.dat   8.24507996e-02   7.87325438e+05   5.66158354e-01   8.94010010e+01   7.48782698e-03   9.29590836e-02           29
sample_431.dat   8.71593729e-02   6.95463875e+05   5.65893114e-01   8.94010010e+01   6.88632764e-03   9.87878740e-02           29
sample_432.dat   8.32631141e-02   7.70952625e+05   5.66224039e-01   8.94010010e+01   4.40132897e-03   1.91550761e-01           29
sample_433.dat   8.17046911e-02   8.05841000e+05   5.66170871e-01   8.94010010e+01   9.88028478e-03   8.13165978e-02           27
sample_434.dat   8.11964944e-02   8.18799500e+05   5.66093087e-01   8.94010010e+01   3.99204250e-03   9.81490389e-02           29
sample_435.dat   8.04494321e-02   8.31061375e+05   5.65903068e-01   8.94010010e+01   7.37086451e-03   6.68709129e-02           28
sample_436.dat   7.58705139e-02   9.60915188e+05   5.66150308e-01   8.94010010e+01   4.92401188e-03   1.12657465e-01           29
sample_437.dat   8.59145820e-02   7.14252188e+05   5.66224039e-01   8.94010010e+01   7.98619166e-03   7.01020434e-02           27
sample_438.dat   8.33841041e-02   7.62640562e+05   5.66278875e-01   8.94010010e+01   4.54245741e-03   5.22303805e-02           23
sample_439.dat   8.19682702e-02   7.99299438e+05   5.66118300e-01   8.94010010e+01   2.40955641e-03   9.99179557e-02           29
sample_440.dat   8.08146149e-02   8.26421250e+05   5.66121995e-01   8.94010010e+01   9.51309409e-03   5.37197962e-02           29
sample_441.dat   8.52217600e-02   7.31494438e+05   5.65966547e-01   8.94010010e+01   3.19602457e-03   1.46956310e-01           27
sample_442.dat   8.23177397e-02   7.88292562e+05   5.65955341e-01   8.94010010e+01   1.14139682e-02   1.15293115e-01           24
sample_443.dat   8.61084983e-02   7.13495125e+05   5.66194177e-01   8.94010010e+01   5.55910496e-03   7.12704808e-02           30
sample_444.dat   8.15772861e-02   8.05354250e+05   5.66235244e-01   8.94010010e+01   5.91659220e-03   8.12374130e-02           25
sample_445.dat   7.76845962e-02   9.06821312e+05   5.66158354e-01   8.94010010e+01   7.04222731e-03   8.70968252e-02           27
sample_446.dat   8.22783485e-02   7.90051188e+05   5.66264212e-01   8.94010010e+01   3.43146641e-03   3.25231180e-02           27
sample_447.dat   8.09174255e-02   8.26284312e+05   5.66170871e-01   8.94010010e+01   1.07788173e-02   8.96969065e-02           29
sample_448.dat   8.07720050e-02   8.27990938e+05   5.66047370e-01   8.94010010e+01   1.09389219e-02   3.59839536e-02           26
sample_449.dat   7.82109797e-02   8.94662312e+05   5.65938354e-01   8.94010010e+01   8.96659400e-03   9.46576521e-02           29
sample_450.dat   8.38335082e-02   7.57809750e+05   5.66200852e-01   8.94010010e+01   7.10721407e-03   1.09791085e-01           26
sample_451.dat   8.76156017e-02   6.82334125e+05   5.66150308e-01   8.94010010e+01   3.56958667e-03   6.77182376e-02           27
sample_452.dat   8.30157176e-02   7.77254438e+05   5.66208720e-01   8.94010010e+01   3.21410201e-03   4.11783569e-02           28
sample_453.dat   8.18597525e-02   7.97838688e+05   5.66207767e-01   8.94010010e+01   8.46848730e-03   1.40812069e-01           26
sample_454.dat   7.92355016e-02   8.65162000e+05   5.66283524e-01   8.94010010e+01   6.19168580e-03   8.11065286e-02           28
sample_455.dat   7.67087936e-02   9.33657312e+05   5.66261292e-01   8.94010010e+01   5.38416998e-03   5.14459237e-02           25
sample_456.dat   7.94922113e-02   8.53459750e+05   5.66122890e-01   8.94010010e+01   6.03034860e-03   9.85461175e-02           24
sample_457.dat   8.36731866e-02   7.58566188e+05   5.66108346e-01   8.94010010e+01   6.24404242e-03   5.10269403e-02           28
sample_458.dat   7.66103268e-02   9.43155500e+05   5.66235244e-01   8.94010010e+01   6.39992533e-03   9.97811183e-02           30
sample_459.dat   8.14523995e-02   8.15016125e+05   5.65850437e-01   8.94010010e+01   6.51624193e-03   8.05206746e-02           29
sample_460.dat   8.31951946e-02   7.71705688e+05   5.66290736e-01   8.94010010e+01   2.61954870e-03   8.27195793e-02           29
sample_461.dat   8.05983618e-02   8.32517188e+05   5.65934360e-01   8.94010010e+01   1.19761908e-02   6.55902997e-02           27
sample_462.dat   8.06611553e-02   8.26407500e+05   5.66106319e-01   8.94010010e+01   9.12331045e-03   1.33191302e-01           25
sample_463.dat   8.28978717e-02   7.78014438e+05   5.66034734e-01   8.94010010e+01   6.10663788e-03   1.29507631e-01           29
sample_464.dat   8.15479383e-02   8.11099312e+05   5.66077828e-01   8.94010010e+01   4.60583391e-03   7.86373541e-02           29
sample_465.dat   8.22538137e-02   7.91629750e+05   5.66118419e-01   8.94010010e+01   6.58233091e-03   8.76578987e-02           29
sample_466.dat   8.03787485e-02   8.40561250e+05   5.65703511e-01   8.94010010e+01   9.60781332e-03   5.87378442e-02           28
sample_467.dat   7.70286843e-02   9.26326750e+05   5.66106439e-01   8.94010010e+01   7.67904613e-03   1.08104117e-01           30
sample_468.dat   8.17299038e-02   8.04448250e+05   5.66149294e-01   8.94010010e+01   3.34848231e-03   3.82099301e-02           30
sample_469.dat   8.52293000e-02   7.36064750e+05   5.66261292e-01   8.94010010e+01   3.45666148e-03   9.05304924e-02           30
sample_470.dat   8.39705244e-02   7.54450562e+05   5.66122890e-01   8.94010010e+01   2.15667672e-03   6.19260482e-02           27
sample_471.dat   8.13050345e-02   8.13104312e+05   5.66278875e-01   8.94010010e+01   8.95963050e-03   6.45284355e-02           26
sample_472.dat   8.70027021e-02   6.95078125e+05   5.66004336e-01   8.94010010e+01   7.84101244e-03   1.02957845e-01           30
sample_473.dat   7.91808516e-02   8.70301938e+05   5.65996766e-01   8.94010010e+01   3.96970473e-03   7.30720013e-02           29
sample_474.dat   7.94613361e-02   8.58845750e+05   5.66170871e-01   8.94010010e+01   1.13604106e-02   6.84971362e-02           26
sample_475.dat   8.24255124e-02   7.92659438e+05   5.66213250e-01   8.94010010e+01   2.14477885e-03   5.26781566e-02           30
sample_476.dat   7.97164366e-02   8.53499312e+05   5.66170871e-01   8.94010010e+01   2.84722471e-03   9.63736326e-02           26
sample_477.dat   8.07116404e-02   8.23259500e+05   5.66235244e-01   8.94010010e+01   4.91570821e-03   5.27355075e-02           26
sample_478.dat   8.20824876e-02   7.96523375e+05   5.66093087e-01   8.94010010e+01   2.50052288e-03   7.77164996e-02           29
sample_479.dat   7.97162130e-02   8.55188062e+05   5.66276312e-01   8.94010010e+01   4.39736946e-03   7.65520111e-02           29
sample_480.dat   8.12082365e-02   8.15397000e+05   5.66106439e-01   8.94010010e+01   7.21354131e-03   1.04612373e-01           28
sample_481.dat   8.74273330e-02   6.82281000e+05   5.66164732e-01   8.94010010e+01   9.42237396e-03   5.33795990e-02           27
sample_482.dat   7.99669027e-02   8.43492312e+05   5.66130579e-01   8.94010010e+01   9.43419710e-03   7.17925951e-02           24
sample_483.dat   8.82266834e-02   6.72634625e+05   5.66135108e-01   8.94010010e+01   2.33713887e-03   8.71792808e-02           28
sample_484.dat   8.64644349e-02   7.06884812e+05   5.66288769e-01   8.94010010e+01   6.64607855e-03   1.09024897e-01           29
sample_485.dat   8.16678852e-02   8.06182312e+05   5.66014886e-01   8.94010010e+01   4.28895187e-03   4.87325303e-02           29
sample_486.dat   7.94801712e-02   8.59658312e+05   5.66143632e-01   8.94010010e+01   9.23039764e-03   9.85332280e-02           29
sample_487.dat   8.26456249e-02   7.83711562e+05   5.65966547e-01   8.94010010e+01   6.35647401e-03   1.23881154e-01           29
sample_488.dat   8.22081938e-02   7.95337250e+05   5.66095054e-01   8.94010010e+01   3.85226985e-03   9.97537598e-02           29
sample_489.dat   8.49683508e-02   7.30583500e+05   5.66194177e-01   8.94010010e+01   8.20355024e-03   9.92945060e-02           28
sample_490.dat   7.60530233e-02   9.49470125e+05   5.66170990e-01   8.94010010e+01   4.71125031e-03   2.09550917e-01           27
sample_491.dat   7.90181905e-02   8.73135500e+05   5.66283524e-01   8.94010010e+01   1.21813789e-02   5.05919941e-02           29
sample_492.dat   7.56104961e-02   9.73728062e+05   5.65893292e-01   8.94010010e+01   4.35329787e-03   1.26856312e-01           29
sample_493.dat   7.67337456e-02   9.36854750e+05   5.66288769e-01   8.94010010e+01   8.03703349e-03   9.40354094e-02           30
sample_494.dat   8.56877044e-02   7.18292125e+05   5.66261411e-01   8.94010010e+01   7.23781204e-03   6.27639443e-02           28
sample_495.dat   8.11109170e-02   8.22662625e+05   5.66086948e-01   8.94010010e+01   5.67213213e-03   5.48182093e-02           30
sample_496.dat   8.01068917e-02   8.50244125e+05   5.66290736e-01   8.94010010e+01   5.34802675e-03   1.28851593e-01           29
sample_497.dat   8.11679959e-02   8.19735375e+05   5.66261292e-01   8.94010010e+01   3.02499114e-03   7.29833394e-02           28
sample_498.dat   8.52201879e-02   7.30187625e+05   5.66207349e-01   8.94010010e+01   8.95993225e-03   8.21310505e-02           29
sample_499.dat   8.52392167e-02   7.31528812e+05   5.66115916e-01   8.94010010e+01   9.04425047e-03   1.11717105e-01           28
sample_500.dat   8.11436251e-02   1.82905638e+06   5.66269815e-01   2.01149002e+02   4.35093511e-03   3.95025983e-02           29
sample_501.dat   8.32411200e-02   1.72928188e+06   5.66200852e-01   2.01149002e+02   8.96227825e-03   4.15144041e-02           28
sample_502.dat   8.31485763e-02   1.72981350e+06   5.66235244e-01   2.01149002e+02   6.62769005e-03   6.61695674e-02           28
sample_503.dat   7.89040327e-02   1.96423812e+06   5.66283524e-01   2.01149002e+02   4.89661610e-03   6.20872043e-02           27
sample_504.dat   8.29806998e-02   1.73984088e+06   5.66164732e-01   2.01149002e+02   4.16745152e-03   4.96615134e-02           27
sample_505.dat   8.15274641e-02   1.81385075e+06   5.66235244e-01   2.01149002e+02   6.04964467e-03   5.59331402e-02           27
sample_506.dat   8.60877037e-02   1.60130675e+06   5.66214740e-01   2.01149002e+02   7.53996614e-03   7.37975165e-02           27
sample_507.dat   8.67396668e-02   1.55954100e+06   5.66283524e-01   2.01149002e+02   2.14433321e-03   2.43091211e-02           22
sample_508.dat   8.24169815e-02   1.76313212e+06   5.66206455e-01   2.01149002e+02   3.96917481e-03   7.05889389e-02           25
sample_509.dat   8.24477673e-02   1.76252425e+06   5.66264212e-01   2.01149002e+02   3.28290276e-03   6.72046542e-02           27
sample_510.dat   8.29294398e-02   1.74432562e+06   5.66158533e-01   2.01149002e+02   3.55879660e-03   4.76690270e-02           28
sample_511.dat   8.24579746e-02   1.76687862e+06   5.66095054e-01   2.01149002e+02   6.15174556e-03   4.61467914e-02           26
sample_512.dat   7.93441609e-02   1.93559038e+06   5.66261292e-01   2.01149002e+02   2.36005033e-03   7.88370818e-02           28
sample_513.dat   8.51647854e-02   1.64575850e+06   5.66206455e-01   2.01149002e+02   7.56086502e-03   4.93240468e-02           30
sample_514.dat   8.23129117e-02   1.77927438e+06   5.66264212e-01   2.01149002e+02   1.53483404e-03   8.21612179e-02           29
sample_515.dat   8.23838040e-02   1.76741562e+06   5.66264212e-01   2.01149002e+02   6.65728422e-03   1.56980634e-01           28
sample_516.dat   8.05584490e-02   1.86888300e+06   5.66290736e-01   2.01149002e+02   4.98953043e-03   9.69355255e-02           27
sample_517.dat   8.55265260e-02   1.62662212e+06   5.66207767e-01   2.01149002e+02   5.06738853e-03   4.94087487e-02           29
sample_518.dat   8.02317187e-02   1.88803425e+06   5.66150308e-01   2.01149002e+02   4.63425927e-03   7.36206770e-02           28
sample_519.dat   8.00315142e-02   1.89240788e+06   5.66115916e-01   2.01149002e+02   2.53981678e-03   6.49374500e-02           26
sample_520.dat   8.11693519e-02   1.84206862e+06   5.66179931e-01   2.01149002e+02   5.44293551e-03   5.60092404e-02           30
sample_521.dat   8.20209980e-02   1.78965788e+06   5.66028655e-01   2.01149002e+02   5.91005431e-03   5.60185201e-02           28
sample_522.dat   8.31653401e-02   1.73604988e+06   5.66170990e-01   2.01149002e+02   3.67565779e-03   4.38700840e-02           28
sample_523.dat   8.37930962e-02   1.69745575e+06   5.66288292e-01   2.01149002e+02   5.55161200e-03   6.27372563e-02           27
sample_524.dat   8.31692144e-02   1.73887362e+06   5.66238821e-01   2.01149002e+02   4.00463771e-03   7.76732638e-02           28
sample_525.dat   8.41952041e-02   1.67889988e+06   5.66288769e-01   2.01149002e+02   6.14258042e-03   6.80870265e-02           26
sample_526.dat   8.42516422e-02   1.68580825e+06   5.66255391e-01   2.01149002e+02   8.97916034e-03   4.46274579e-02           28
sample_527.dat   8.23292732e-02   1.78356300e+06   5.66276312e-01   2.01149002e+02   1.23580464e-03   4.50741760e-02           30
sample_528.dat   8.47418606e-02   1.65941400e+06   5.66278875e-01   2.01149002e+02   7.98503403e-03   7.51288459e-02           29
sample_529.dat   8.42847303e-02   1.68572500e+06   5.66177964e-01   2.01149002e+02   4.57255216e-03   7.56971836e-02           30
sample_530.dat   8.34664404e-02   1.72014188e+06   5.66278875e-01   2.01149002e+02   4.99227736e-03   9.42549556e-02           27
sample_531.dat   8.42697397e-02   1.68064900e+06   5.66290736e-01   2.01149002e+02   4.94845305e-03   1.04758628e-01           29
sample_532.dat   8.41160044e-02   1.68417675e+06   5.66288769e-01   2.01149002e+02   4.42273961e-03   1.03299804e-01           27
sample_533.dat   8.36455226e-02   1.71048125e+06   5.66255391e-01   2.01149002e+02   3.42078949e-03   4.77478653e-02           29
sample_534.dat   8.28333572e-02   1.73945138e+06   5.66099823e-01   2.01149002e+02   1.40671863e-03   9.66659337e-02           25
sample_535.dat   7.72833973e-02   2.06521575e+06   5.66288292e-01   2.01149002e+02   2.63663544e-03   8.47817734e-02           29
sample_536.dat   8.05666149e-02   1.87555962e+06   5.66290736e-01   2.01149002e+02   4.77899471e-03   5.99708594e-02           29
sample_537.dat   8.19587931e-02   1.78789925e+06   5.66288769e-01   2.01149002e+02   4.21263278e-03   4.27891351e-02           25
sample_538.dat   8.17934796e-02   1.80012350e+06   5.66128373e-01   2.01149002e+02   5.48580242e-03   7.36515298e-02           29
sample_539.dat   8.23735073e-02   1.77004912e+06   5.66288292e-01   2.01149002e+02   7.06839375e-03   4.01130244e-02           27
sample_540.dat   8.37566033e-02   1.70059112e+06   5.66206455e-01   2.01149002e+02   2.12807604e-03   5.98475374e-02           28
sample_541.dat   8.44557136e-02   1.67734875e+06   5.66118419e-01   2.01149002e+02   4.57159942e-03   6.64858073e-02           30
sample_542.dat   8.38100165e-02   1.70141275e+06   5.66179931e-01   2.01149002e+02   7.43168406e-03   9.49932858e-02           26
sample_543.dat   8.60878155e-02   1.59732500e+06   5.66264212e-01   2.01149002e+02   2.91725574e-03   5.81546426e-02           28
sample_544.dat   8.64351615e-02   1.58533862e+06   5.66208720e-01   2.01149002e+02   7.00955326e-03   7.22086132e-02           29
sample_545.dat   8.19194987e-02   1.78871662e+06   5.66118419e-01   2.01149002e+02   2.63767364e-03   2.15823930e-02           26
sample_546.dat   7.93778077e-02   1.93712450e+06   5.66288769e-01   2.01149002e+02   4.92224796e-03   1.04535632e-01           30
sample_547.dat   7.96903595e-02   1.91020912e+06   5.66200733e-01   2.01149002e+02   3.49243032e-03   4.86491658e-02           27
sample_548.dat   8.39243159e-02   1.69094050e+06   5.66177964e-01   2.01149002e+02   9.29662213e-03   7.40316138e-02           28
sample_549.dat   7.92456344e-02   1.94276912e+06   5.66203415e-01   2.01149002e+02   2.44099554e-03   9.96756405e-02           27
sample_550.dat   8.39557797e-02   1.69840250e+06   5.66194177e-01   2.01149002e+02   8.18602461e-03   7.06033930e-02           28
sample_551.dat   7.90446326e-02   1.96258538e+06   5.66268563e-01   2.01149002e+02   3.24309757e-03   1.12069152e-01           29
sample_552.dat   8.23541060e-02   1.77023825e+06   5.66268563e-01   2.01149002e+02   3.38705326e-03   5.28436750e-02           27
sample_553.dat   8.32785815e-02   1.72962125e+06   5.66220760e-01   2.01149002e+02   6.50086487e-03   5.00763208e-02           26
sample_554.dat   8.52608979e-02   1.63443050e+06   5.66264212e-01   2.01149002e+02   3.46725062e-03   7.79187754e-02           28
sample_555.dat   8.60955492e-02   1.59852588e+06   5.66288769e-01   2.01149002e+02   3.57407890e-03   1.32699996e-01           27
sample_556.dat   8.39285031e-02   1.69659200e+06   5.66130579e-01   2.01149002e+02   7.36959511e-03   7.32697994e-02           27
sample_557.dat   8.26711655e-02   1.75576438e+06   5.66276312e-01   2.01149002e+02   6.38352334e-03   7.12530911e-02           29
sample_558.dat   8.28830302e-02   1.74900800e+06   5.66122890e-01   2.01149002e+02   5.48369065e-03   6.03630356e-02           27
sample_559.dat   7.94390216e-02   1.92555888e+06   5.66200852e-01   2.01149002e+02   8.65284167e-03   5.95796257e-02           26
sample_560.dat   8.18711296e-02   1.80347062e+06   5.66288769e-01   2.01149002e+02   7.50352629e-03   9.25157219e-02           28
sample_561.dat   8.05276260e-02   1.86824225e+06   5.66179931e-01   2.01149002e+02   2.58886931e-03   9.90153924e-02           28
sample_562.dat   8.33903626e-02   1.73475138e+06   5.66143632e-01   2.01149002e+02   6.46834215e-03   5.56140766e-02           30
sample_563.dat   8.00049976e-02   1.89447200e+06   5.66288769e-01   2.01149002e+02   2.79609114e-03   5.42163439e-02           27
sample_564.dat   8.34495723e-02   1.72917788e+06   5.66004336e-01   2.01149002e+02   5.35250036e-03   4.90974076e-02           30
sample_565.dat   8.44077915e-02   1.67241238e+06   5.66128969e-01   2.01149002e+02   3.44544416e-03   4.80372123e-02           29
sample_566.dat   8.06215480e-02   1.85720675e+06   5.66102982e-01   2.01149002e+02   2.35028868e-03   2.47674495e-01           26
sample_567.dat   7.84550086e-02   1.99729175e+06   5.66213250e-01   2.01149002e+02   3.08883563e-03   5.52085340e-02           29
sample_568.dat   8.32213983e-02   1.72912038e+06   5.66276312e-01   2.01149002e+02   8.62445962e-03   6.09537065e-02           29
sample_569.dat   8.48226622e-02   1.65419388e+06   5.66255391e-01   2.01149002e+02   6.54848665e-03   5.55312298e-02           30
sample_570.dat   8.17862079e-02   1.80062512e+06   5.66288292e-01   2.01149002e+02   5.47151919e-03   7.72186518e-02           28
sample_571.dat   8.08310732e-02   1.84538025e+06   5.66283524e-01   2.01149002e+02   4.27650427e-03   6.55278713e-02           26
sample_572.dat   7.71108717e-02   2.07199712e+06   5.66288292e-01   2.01149002e+02   5.62960142e-03   3.64051536e-02           27
sample_573.dat   8.33629817e-02   1.72419925e+06   5.66081166e-01   2.01149002e+02   2.96969875e-03   5.61752021e-02           29
sample_574.dat   8.36320743e-02   1.70453388e+06   5.66149294e-01   2.01149002e+02   5.18389838e-03   7.78440610e-02           27
sample_575.dat   8.38638991e-02   1.70081212e+06   5.66278875e-01   2.01149002e+02   4.68285754e-03   1.03789762e-01           27
sample_576.dat   8.22758824e-02   1.77874488e+06   5.66145301e-01   2.01149002e+02   5.93493832e-03   8.67166445e-02           29
sample_577.dat   8.27280357e-02   1.75109462e+06   5.66164732e-01   2.01149002e+02   7.31182750e-03   7.62685090e-02           25
sample_578.dat   8.03233460e-02   1.88982588e+06   5.66264212e-01   2.01149002e+02   4.15790128e-03   8.52685198e-02           29
sample_579.dat   8.40815380e-02   1.69513088e+06   5.66220760e-01   2.01149002e+02   8.87437072e-03   7.10446090e-02           30
sample_580.dat   7.92963430e-02   1.94601288e+06   5.66238821e-01   2.01149002e+02   5.80664258e-03   3.76783870e-02           29
sample_581.dat   8.04537088e-02   1.86734675e+06   5.66268563e-01   2.01149002e+02   6.68051466e-03   1.33987084e-01           25
sample_582.dat   8.22819024e-02   1.78197025e+06   5.66158533e-01   2.01149002e+02   6.18630927e-03   5.23882397e-02           27
sample_583.dat   8.30213428e-02   1.73558350e+06   5.66290736e-01   2.01149002e+02   6.93758531e-03   1.02536246e-01           29
sample_584.dat   8.25702474e-02   1.75658462e+06   5.66276312e-01   2.01149002e+02   2.03889236e-03   9.10705030e-02           26
sample_585.dat   8.34719837e-02   1.70940950e+06   5.66213250e-01   2.01149002e+02   4.34790645e-03   4.51000631e-02           27
sample_586.dat   7.93874636e-02   1.93643250e+06   5.66261292e-01   2.01149002e+02   6.04524137e-03   4.47384119e-02           28
sample_587.dat   8.16453770e-02   1.81123012e+06   5.66288292e-01   2.01149002e+02   1.94015563e-03   8.01175982e-02           28
sample_588.dat   8.16892460e-02   1.80180700e+06   5.66288769e-01   2.01149002e+02   2.43265717e-03   1.01544239e-01           28
sample_589.dat   8.41599330e-02   1.68106425e+06   5.66283524e-01   2.01149002e+02   2.39810604e-03   5.20315394e-02           23
sample_590.dat   7.98225999e-02   1.90821775e+06   5.66164732e-01   2.01149002e+02   9.16702300e-03   7.98903629e-02           28
sample_591.dat   8.31402242e-02   1.74542875e+06   5.66158354e-01   2.01149002e+02   3.82344006e-03   6.16568811e-02           29
sample_592.dat   7.85055682e-02   1.99054962e+06   5.66214740e-01   2.01149002e+02   5.72211621e-03   3.93028595e-02           28
sample_593.dat   8.37650150e-02   1.69761688e+06   5.66283524e-01   2.01149002e+02   6.73217047e-03   1.75710753e-01           27
sample_594.dat   8.22964236e-02   1.78011512e+06   5.66278875e-01   2.01149002e+02   2.26343912e-03   5.46953678e-02           29
sample_595.dat   7.96168000e-02   1.91468725e+06   5.66118419e-01   2.01149002e+02   4.15908685e-03   2.30475366e-01           26
sample_596.dat   8.23034346e-02   1.77526988e+06   5.66220760e-01   2.01149002e+02   3.24362796e-03   5.24770990e-02           28
sample_597.dat   8.28714520e-02   1.74811712e+06   5.66288769e-01   2.01149002e+02   5.94360940e-03   3.18648703e-02           26
sample_598.dat   8.08122084e-02   1.85286088e+06   5.66248715e-01   2.01149002e+02   4.53625945e-03   1.04968004e-01           28
sample_599.dat   8.00512955e-02   1.88762700e+06   5.66203415e-01   2.01149002e+02   5.85930515e-03   1.12290300e-01           26
sample_600.dat   8.17235708e-02   3.59377925e+06   5.66268563e-01   4.02298004e+02   5.30822063e-03   9.26552340e-02           26
sample_601.dat   8.41717646e-02   3.38866900e+06   5.66288292e-01   4.02298004e+02   3.06850835e-03   4.72818948e-02           29
sample_602.dat   8.19604769e-02   3.58489525e+06   5.66278875e-01   4.02298004e+02   2.41334247e-03   1.29615456e-01           27
sample_603.dat   8.14238340e-02   3.62194475e+06   5.66269815e-01   4.02298004e+02   3.74575937e-03   1.69193640e-01           26
sample_604.dat   8.03336278e-02   3.75698075e+06   5.66261292e-01   4.02298004e+02   4.57211025e-03   4.96378206e-02           28
sample_605.dat   8.07037205e-02   3.72430700e+06   5.66290736e-01   4.02298004e+02   4.16464871e-03   3.10702827e-02           27
sample_606.dat   8.19383860e-02   3.58410625e+06   5.66177964e-01   4.02298004e+02   4.72351629e-03   1.13702856e-01           29
sample_607.dat   8.01548064e-02   3.76692575e+06   5.66290736e-01   4.02298004e+02   5.74948126e-03   5.62835373e-02           27
sample_608.dat   8.04302320e-02   3.74442700e+06   5.66290736e-01   4.02298004e+02   1.11571362e-03   6.50546774e-02           29
sample_609.dat   8.23211372e-02   3.55624075e+06   5.66206455e-01   4.02298004e+02   3.84949683e-03   1.04030550e-01           29
sample_610.dat   8.06944072e-02   3.71302725e+06   5.66200852e-01   4.02298004e+02   4.81216377e-03   9.03558210e-02           29
sample_611.dat   8.12139958e-02   3.65616100e+06   5.66288769e-01   4.02298004e+02   4.43773158e-03   6.57087415e-02           27
sample_612.dat   8.24560747e-02   3.51967675e+06   5.66261411e-01   4.02298004e+02   3.16851167e-03   8.88710022e-02           25
sample_613.dat   8.20232183e-02   3.58786775e+06   5.66276312e-01   4.02298004e+02   6.03234861e-03   1.12094067e-01           29
sample_614.dat   8.31949562e-02   3.44687650e+06   5.66268563e-01   4.02298004e+02   2.61805649e-03   5.19942641e-02           28
sample_615.dat   8.16021189e-02   3.60739925e+06   5.66283524e-01   4.02298004e+02   3.75506957e-03   9.42476466e-02           26
sample_616.dat   8.09949264e-02   3.68321875e+06   5.66158354e-01   4.02298004e+02   2.11703428e-03   8.67997408e-02           28
sample_617.dat   8.07085931e-02   3.69800800e+06   5.66288292e-01   4.02298004e+02   5.59116853e-03   1.38276324e-01           26
sample_618.dat   8.23687613e-02   3.54381725e+06   5.66248715e-01   4.02298004e+02   2.45224521e-03   2.52982527e-02           28
sample_619.dat   8.32078680e-02   3.44456250e+06   5.66170871e-01   4.02298004e+02   3.61502683e-03   1.06980771e-01           29
sample_620.dat   7.89977610e-02   3.91705800e+06   5.66255391e-01   4.02298004e+02   6.09525805e-03   5.63428812e-02           29
sample_621.dat   8.18255842e-02   3.58355275e+06   5.66213250e-01   4.02298004e+02   6.33990811e-03   9.52288434e-02           26
sample_622.dat   8.05126056e-02   3.72506325e+06   5.66213250e-01   4.02298004e+02   2.77107395e-03   5.86224087e-02           27
sample_623.dat   8.42448622e-02   3.34419800e+06   5.66288769e-01   4.02298004e+02   6.07961835e-03   1.53695926e-01           27
sample_624.dat   8.17207992e-02   3.60300075e+06   5.66255391e-01   4.02298004e+02   2.63411738e-03   1.09764099e-01           28
sample_625.dat   8.11296776e-02   3.67035075e+06   5.66288769e-01   4.02298004e+02   4.80434438e-03   4.30149399e-02           26
sample_626.dat   8.19926038e-02   3.56996650e+06   5.66290736e-01   4.02298004e+02   1.69584877e-03   1.30127743e-01           29
sample_627.dat   8.39152187e-02   3.38745725e+06   5.66208720e-01   4.02298004e+02   5.13703888e-03   3.77832651e-02           27
sample_628.dat   8.22227076e-02   3.54876175e+06   5.66290736e-01   4.02298004e+02   4.00081975e-03   1.22486025e-01           27
sample_629.dat   8.11483935e-02   3.68401125e+06   5.66208720e-01   4.02298004e+02   2.02087429e-03   8.50101039e-02           28
sample_630.dat   8.46983120e-02   3.31479875e+06   5.66264212e-01   4.02298004e+02   2.94920616e-03   7.28737339e-02           30
sample_631.dat   8.11750442e-02   3.66023425e+06   5.66170990e-01   4.02298004e+02   1.00822269e-03   7.34048486e-02           28
sample_632.dat   8.41272920e-02   3.37138900e+06   5.66288769e-01   4.02298004e+02   4.54054493e-03   9.04761180e-02           29
sample_633.dat   8.31371844e-02   3.45398950e+06   5.66288769e-01   4.02298004e+02   5.02366433e-03   9.21946317e-02           28
sample_634.dat   7.96905831e-02   3.84570950e+06   5.66235244e-01   4.02298004e+02   2.66944570e-03   6.63318783e-02           30
sample_635.dat   8.13160315e-02   3.66305275e+06   5.66278875e-01   4.02298004e+02   2.77346419e-03   7.15443045e-02           26
sample_636.dat   8.11305791e-02   3.65985850e+06   5.66177964e-01   4.02298004e+02   3.85052385e-03   1.33879527e-01           27
sample_637.dat   8.01715627e-02   3.78036800e+06   5.66288292e-01   4.02298004e+02   5.00998879e-03   1.00693807e-01           29
sample_638.dat   8.15970525e-02   3.63362300e+06   5.66283524e-01   4.02298004e+02   4.25067358e-03   8.67898464e-02           29
sample_639.dat   8.12494308e-02   3.66136225e+06   5.66290736e-01   4.02298004e+02   4.94929310e-03   3.23141590e-02           26
sample_640.dat   8.46916661e-02   3.31881025e+06   5.66255391e-01   4.02298004e+02   3.27985175e-03   1.32320523e-01           28
sample_641.dat   8.24547186e-02   3.51748475e+06   5.66283524e-01   4.02298004e+02   2.46586814e-03   1.31979853e-01           25
sample_642.dat   8.30141082e-02   3.48509925e+06   5.66214740e-01   4.02298004e+02   2.59244069e-03   8.12568367e-02           29
sample_643.dat   8.32484215e-02   3.45694625e+06   5.66170990e-01   4.02298004e+02   4.49074619e-03   4.57030125e-02           29
sample_644.dat   8.35371166e-02   3.41174325e+06   5.66200852e-01   4.02298004e+02   2.48273765e-03   8.18805993e-02           26
sample_645.dat   8.51022825e-02   3.27366725e+06   5.66264212e-01   4.02298004e+02   2.36319774e-03   8.18012878e-02           29
sample_646.dat   8.23276266e-02   3.53959200e+06   5.66288769e-01   4.02298004e+02   4.25699586e-03   1.67163387e-01           28
sample_647.dat   8.26934949e-02   3.49694225e+06   5.66268563e-01   4.02298004e+02   3.01465229e-03   5.68757094e-02           26
sample_648.dat   8.12610611e-02   3.66106600e+06   5.66276312e-01   4.02298004e+02   5.43537829e-03   5.31025901e-02           28
sample_649.dat   8.09733123e-02   3.68070750e+06   5.66288292e-01   4.02298004e+02   3.89809906e-03   6.90814406e-02           28
sample_650.dat   7.99288154e-02   3.80870400e+06   5.66235244e-01   4.02298004e+02   3.12953838e-03   1.40129328e-01           28
sample_651.dat   8.15097764e-02   3.61911250e+06   5.66207349e-01   4.02298004e+02   3.49350204e-03   1.24067202e-01           25
sample_652.dat   8.15266743e-02   3.61478750e+06   5.66214740e-01   4.02298004e+02   7.17217475e-03   8.34771991e-02           25
sample_653.dat   8.20093825e-02   3.57043750e+06   5.66268563e-01   4.02298004e+02   1.97070511e-03   2.14385539e-01           26
sample_654.dat   8.32566544e-02   3.45839925e+06   5.66255391e-01   4.02298004e+02   7.05203274e-03   8.03498924e-02           30
sample_655.dat   8.35547298e-02   3.41612925e+06   5.66276312e-01   4.02298004e+02   5.86516317e-03   6.91798180e-02           25
sample_656.dat   8.20478946e-02   3.57673050e+06   5.66269815e-01   4.02298004e+02   3.04535916e-03   6.22924194e-02           29
sample_657.dat   8.43051150e-02   3.36653200e+06   5.66283524e-01   4.02298004e+02   6.48549479e-03   6.39299452e-02           29
sample_658.dat   8.44171569e-02   3.34920250e+06   5.66276312e-01   4.02298004e+02   3.21704033e-03   1.19183473e-01           30
sample_659.dat   8.02571625e-02   3.76732500e+06   5.66288292e-01   4.02298004e+02   5.11626806e-03   1.00385353e-01           29
sample_660.dat   8.10475647e-02   3.68547625e+06   5.66207767e-01   4.02298004e+02   4.41765413e-03   3.78908999e-02           28
sample_661.dat   8.15873146e-02   3.61906775e+06   5.66194177e-01   4.02298004e+02   2.15058844e-03   6.03437461e-02           28
sample_662.dat   8.08585286e-02   3.71171325e+06   5.66203415e-01   4.02298004e+02   5.59857953e-03   3.63036059e-02           27
sample_663.dat   8.10457170e-02   3.65806450e+06   5.66220760e-01   4.02298004e+02   5.61179081e-03   1.01056874e-01           24
sample_664.dat   8.30925554e-02   3.47407875e+06   5.66261411e-01   4.02298004e+02   1.40908163e-03   4.86852005e-02           28
sample_665.dat   8.01523998e-02   3.77852400e+06   5.66288292e-01   4.02298004e+02   5.11755981e-03   5.33532277e-02           26
sample_666.dat   8.33377466e-02   3.43720250e+06   5.66288292e-01   4.02298004e+02   7.86354009e-04   3.47167663e-02           27
sample_667.dat   8.46741349e-02   3.33088625e+06   5.66261411e-01   4.02298004e+02   4.34123492e-03   9.28926170e-02           30
sample_668.dat   8.33195671e-02   3.42645150e+06   5.66261411e-01   4.02298004e+02   4.69740946e-03   3.17846499e-02           23
sample_669.dat   8.36108848e-02   3.42649650e+06   5.66290736e-01   4.02298004e+02   6.41031843e-03   1.14861488e-01           30
sample_670.dat   8.34505931e-02   3.41598400e+06   5.66288769e-01   4.02298004e+02   9.71110351e-03   1.66941151e-01           26
sample_671.dat   8.06741938e-02   3.72087275e+06   5.66081166e-01   4.02298004e+02   1.17611734e-03   1.23869836e-01           28
sample_672.dat   8.31714049e-02   3.46252750e+06   5.66207349e-01   4.02298004e+02   6.55668834e-03   1.58793241e-01           29
sample_673.dat   8.32589939e-02   3.46196175e+06   5.66290736e-01   4.02298004e+02   2.06313492e-03   1.41958848e-01           30
sample_674.dat   8.48144367e-02   3.31963550e+06   5.66268563e-01   4.02298004e+02   6.01957040e-03   4.92363945e-02           30
sample_675.dat   8.33075717e-02   3.44452700e+06   5.66238821e-01   4.02298004e+02   1.41044776e-03   6.84258938e-02           28
sample_676.dat   7.99053460e-02   3.79197875e+06   5.66288292e-01   4.02298004e+02   4.27577971e-03   2.50831675e-02           28
sample_677.dat   8.06012303e-02   3.70999700e+06   5.66288292e-01   4.02298004e+02   4.57270769e-03   4.29761633e-02           23
sample_678.dat   8.29987302e-02   3.47200150e+06   5.66268563e-01   4.02298004e+02   1.66640733e-03   5.79925999e-02           28
sample_679.dat   8.31788629e-02   3.43806325e+06   5.66207349e-01   4.02298004e+02   4.39634873e-03   1.80995807e-01           26
sample_680.dat   8.06877241e-02   3.69659175e+06   5.66288292e-01   4.02298004e+02   4.39482974e-03   7.54549950e-02           25
sample_681.dat   8.29530582e-02   3.46672975e+06   5.66283524e-01   4.02298004e+02   3.00247245e-03   7.34424293e-02           26
sample_682.dat   8.31265152e-02   3.47977450e+06   5.66150308e-01   4.02298004e+02   4.22308547e-03   4.87509184e-02           30
sample_683.dat   8.48720968e-02   3.30643400e+06   5.66269815e-01   4.02298004e+02   3.48092709e-03   8.68869275e-02           30
sample_684.dat   8.18188041e-02   3.59671675e+06   5.66278875e-01   4.02298004e+02   3.88945662e-03   1.34259239e-01           28
sample_685.dat   8.18336904e-02   3.59847650e+06   5.66158354e-01   4.02298004e+02   4.91938554e-03   1.11440457e-01           28
sample_686.dat   8.11822563e-02   3.67857775e+06   5.66288292e-01   4.02298004e+02   5.18692750e-03   5.11943735e-02           30
sample_687.dat   8.12936723e-02   3.65505400e+06   5.66261292e-01   4.02298004e+02   3.03125405e-03   2.84662284e-02           28
sample_688.dat   8.16036016e-02   3.62425000e+06   5.66268563e-01   4.02298004e+02   3.67337093e-03   2.34735012e-02           28
sample_689.dat   8.46232697e-02   3.32684375e+06   5.66238821e-01   4.02298004e+02   6.96455268e-03   1.15328930e-01           29
sample_690.dat   8.40405077e-02   3.39074500e+06   5.66268563e-01   4.02298004e+02   5.24774985e-03   5.27631268e-02           29
sample_691.dat   8.14351961e-02   3.64670500e+06   5.66283524e-01   4.02298004e+02   3.76338768e-03   1.61973044e-01           29
sample_692.dat   8.00183862e-02   3.78925500e+06   5.66269815e-01   4.02298004e+02   4.35675634e-03   1.07022278e-01           28
sample_693.dat   8.07694942e-02   3.69119950e+06   5.66207767e-01   4.02298004e+02   1.34620455e-03   2.94804331e-02           25
sample_694.dat   8.08859468e-02   3.70781825e+06   5.66203415e-01   4.02298004e+02   7.48693757e-03   5.63825592e-02           29
sample_695.dat   8.10919255e-02   3.68247775e+06   5.66207349e-01   4.02298004e+02   6.15436165e-03   1.22476414e-01           29
sample_696.dat   8.27194601e-02   3.50855825e+06   5.66290736e-01   4.02298004e+02   4.84426599e-03   6.12717941e-02           29
sample_697.dat   8.38172436e-02   3.40782425e+06   5.66288292e-01   4.02298004e+02   1.77022861e-03   1.26832530e-01           30
sample_698.dat   8.22370127e-02   3.56386800e+06   5.66264212e-01   4.02298004e+02   5.02074184e-03   9.21339765e-02           29
sample_699.dat   8.15399289e-02   3.62271000e+06   5.66269815e-01   4.02298004e+02   3.36438557e-03   1.32361546e-01           27
