#ID, Rs, Dc, R200, Mvir, xoff, rho_rms, niter
sample_000.dat   7.55034462e-02   4.93942227e+04   5.71157157e-01   4.22499990e+00   2.96913665e-02   2.87084877e-01           25
sample_001.dat   8.14666823e-02   4.01027344e+04   5.73348939e-01   4.22499990e+00   2.10515913e-02   5.49650490e-01           23
sample_002.dat   7.24426657e-02   5.26204844e+04   5.73100865e-01   4.22499990e+00   3.69805396e-02   4.02467906e-01           25
sample_003.dat   7.14156404e-02   5.38765234e+04   5.74242294e-01   4.22499990e+00   4.55417335e-02   2.76374936e-01           20
sample_004.dat   8.58740285e-02   3.52045703e+04   5.74897289e-01   4.22499990e+00   5.41883036e-02   3.88565451e-01           24
sample_005.dat   8.63777027e-02   3.50010703e+04   5.73213756e-01   4.22499990e+00   1.91539526e-02   2.54725724e-01           27
sample_006.dat   6.88352212e-02   5.90039258e+04   5.74384093e-01   4.22499990e+00   3.18433121e-02   1.93588585e-01           25
sample_007.dat   6.78732023e-02   6.22179102e+04   5.73948741e-01   4.22499990e+00   2.07489040e-02   2.33596295e-01           26
sample_008.dat   8.02641958e-02   4.13404766e+04   5.76000452e-01   4.22499990e+00   3.46929245e-02   2.12505013e-01           26
sample_009.dat   7.40175769e-02   4.94442930e+04   5.74009299e-01   4.22499990e+00   4.28099744e-02   2.83696860e-01           24
sample_010.dat   9.83324125e-02   2.53226309e+04   5.73563278e-01   4.22499990e+00   3.54187973e-02   3.22018534e-01           24
sample_011.dat   5.86963929e-02   8.88806016e+04   5.73325157e-01   4.22499990e+00   3.11355125e-02   1.90356523e-01           26
sample_012.dat   5.63086532e-02   9.87368672e+04   5.74598908e-01   4.22499990e+00   2.05697324e-02   1.25325307e-01           28
sample_013.dat   9.50925201e-02   2.73186895e+04   5.71845293e-01   4.22499990e+00   5.27203158e-02   1.38280898e-01           30
sample_014.dat   1.09895878e-01   2.08153262e+04   5.75236142e-01   4.22499990e+00   4.14782614e-02   5.68086326e-01           22
sample_015.dat   7.25402236e-02   5.32392266e+04   5.75243354e-01   4.22499990e+00   2.32856851e-02   2.93103993e-01           23
sample_016.dat   8.56281817e-02   3.58784062e+04   5.73901892e-01   4.22499990e+00   3.13283801e-02   1.95893973e-01           23
sample_017.dat   7.63288885e-02   4.71011523e+04   5.74435532e-01   4.22499990e+00   1.88353490e-02   1.93373948e-01           23
sample_018.dat   6.95948824e-02   5.80572773e+04   5.74344337e-01   4.22499990e+00   4.67594713e-02   1.71323687e-01           26
sample_019.dat   8.04894716e-02   4.05198438e+04   5.75528085e-01   4.22499990e+00   2.67067533e-02   2.99816787e-01           25
sample_020.dat   9.24094617e-02   3.08204297e+04   5.72453976e-01   4.22499990e+00   2.35675517e-02   2.06773713e-01           23
sample_021.dat   7.69689158e-02   4.56026406e+04   5.73072791e-01   4.22499990e+00   3.00231129e-02   2.45172009e-01           26
sample_022.dat   6.18253611e-02   7.78550938e+04   5.75221539e-01   4.22499990e+00   3.24970074e-02   7.35164165e-01           23
sample_023.dat   7.91930929e-02   4.30539453e+04   5.69478810e-01   4.22499990e+00   3.89308743e-02   2.57593781e-01           27
sample_024.dat   5.91997020e-02   8.36650859e+04   5.74389219e-01   4.22499990e+00   2.59030107e-02   1.40002623e-01           27
sample_025.dat   6.17964342e-02   7.87189375e+04   5.75832784e-01   4.22499990e+00   5.08298799e-02   2.18275845e-01           22
sample_026.dat   7.85245523e-02   4.33725391e+04   5.70189238e-01   4.22499990e+00   3.88795324e-02   3.20809424e-01           28
sample_027.dat   5.30659147e-02   1.18065523e+05   5.72781742e-01   4.22499990e+00   2.82666907e-02   3.29860508e-01           24
sample_028.dat   8.52780342e-02   3.59183359e+04   5.72494745e-01   4.22499990e+00   3.67446095e-02   3.97980124e-01           23
sample_029.dat   9.21896622e-02   2.97514160e+04   5.76017261e-01   4.22499990e+00   4.94729467e-02   1.62083089e-01           27
sample_030.dat   8.92587155e-02   3.17327363e+04   5.76000333e-01   4.22499990e+00   3.01698428e-02   3.97622555e-01           23
sample_031.dat   1.12418063e-01   1.92713125e+04   5.75758576e-01   4.22499990e+00   3.29186395e-02   3.31689984e-01           23
sample_032.dat   6.33488372e-02   7.25287812e+04   5.74743748e-01   4.22499990e+00   2.89658606e-02   2.55729973e-01           25
sample_033.dat   6.83392063e-02   6.00279805e+04   5.75297832e-01   4.22499990e+00   3.16576660e-02   2.99953282e-01           26
sample_034.dat   5.17292321e-02   1.21527219e+05   5.74994981e-01   4.22499990e+00   2.74875779e-02   3.45969886e-01           28
sample_035.dat   6.18604124e-02   7.71711172e+04   5.74246883e-01   4.22499990e+00   2.30110232e-02   3.42768371e-01           26
sample_036.dat   8.95524174e-02   3.22875996e+04   5.73386669e-01   4.22499990e+00   4.69400063e-02   2.78773367e-01           26
sample_037.dat   7.45735765e-02   5.09836523e+04   5.75206935e-01   4.22499990e+00   3.88157107e-02   6.25776112e-01           25
sample_038.dat   7.98943266e-02   4.14094414e+04   5.75612605e-01   4.22499990e+00   4.44701985e-02   2.79890180e-01           29
sample_039.dat   9.12245288e-02   3.11548633e+04   5.75032055e-01   4.22499990e+00   2.33007222e-02   3.58472168e-01           28
sample_040.dat   7.85573274e-02   4.36971797e+04   5.73484182e-01   4.22499990e+00   1.04281148e-02   3.65712583e-01           25
sample_041.dat   6.45582527e-02   6.92649453e+04   5.76051533e-01   4.22499990e+00   4.01144177e-02   3.04615289e-01           27
sample_042.dat   5.84909804e-02   8.89880859e+04   5.72038293e-01   4.22499990e+00   2.63591520e-02   1.73015073e-01           23
sample_043.dat   6.86377808e-02   6.14587891e+04   5.75035632e-01   4.22499990e+00   2.58746650e-02   2.43631214e-01           23
sample_044.dat   9.25087407e-02   3.00868750e+04   5.75828195e-01   4.22499990e+00   2.64690313e-02   2.71163851e-01           25
sample_045.dat   9.50183198e-02   2.83655625e+04   5.71734130e-01   4.22499990e+00   5.34945242e-02   3.11935872e-01           28
sample_046.dat   1.11631773e-01   1.91042988e+04   5.68471730e-01   4.22499990e+00   4.12796475e-02   2.17934981e-01           23
sample_047.dat   7.57643878e-02   4.80218125e+04   5.69112539e-01   4.22499990e+00   2.25667171e-02   2.52756000e-01           29
sample_048.dat   7.26315454e-02   5.33477578e+04   5.66883147e-01   4.22499990e+00   2.59888358e-02   3.24327707e-01           25
sample_049.dat   8.74728411e-02   3.46571992e+04   5.75094461e-01   4.22499990e+00   3.71085815e-02   7.71465302e-01           22
sample_050.dat   7.42608011e-02   5.08276367e+04   5.70829093e-01   4.22499990e+00   3.27928066e-02   3.51687431e-01           24
sample_051.dat   9.82645825e-02   2.58020898e+04   5.70988655e-01   4.22499990e+00   1.75707117e-02   2.42839202e-01           25
sample_052.dat   5.57539724e-02   9.91863047e+04   5.75853467e-01   4.22499990e+00   3.11120320e-02   2.57734835e-01           28
sample_053.dat   6.14586137e-02   7.90794453e+04   5.73061407e-01   4.22499990e+00   1.91075671e-02   4.45683390e-01           22
sample_054.dat   6.14471622e-02   8.18528125e+04   5.74188292e-01   4.22499990e+00   2.02120766e-02   6.21512711e-01           24
sample_055.dat   6.51193410e-02   6.73278438e+04   5.76070786e-01   4.22499990e+00   2.26669479e-02   2.93762088e-01           25
sample_056.dat   7.66446590e-02   4.72615078e+04   5.68833828e-01   4.22499990e+00   3.25194076e-02   3.35542232e-01           23
sample_057.dat   8.63902718e-02   3.53891953e+04   5.71945667e-01   4.22499990e+00   1.03832893e-02   2.81320810e-01           27
sample_058.dat   8.14354271e-02   4.12886523e+04   5.75402677e-01   4.22499990e+00   2.35206187e-02   3.05924177e-01           22
sample_059.dat   7.09037781e-02   5.58485781e+04   5.75916767e-01   4.22499990e+00   3.70807536e-02   2.07235113e-01           26
sample_060.dat   6.01366535e-02   8.44326641e+04   5.75723529e-01   4.22499990e+00   3.03276591e-02   6.62096560e-01           21
sample_061.dat   1.03925280e-01   2.30942559e+04   5.63986540e-01   4.22499990e+00   2.87297666e-02   2.64286935e-01           27
sample_062.dat   8.61357376e-02   3.53720352e+04   5.74025929e-01   4.22499990e+00   4.24205698e-02   2.59640217e-01           24
sample_063.dat   4.74454798e-02   1.54527422e+05   5.71200311e-01   4.22499990e+00   2.82346737e-02   2.90624946e-01           23
sample_064.dat   5.63044772e-02   9.94018125e+04   5.75697184e-01   4.22499990e+00   4.50331271e-02   3.28362495e-01           24
sample_065.dat   8.36072043e-02   3.78653516e+04   5.75430989e-01   4.22499990e+00   2.95295902e-02   3.41901660e-01           22
sample_066.dat   9.56721753e-02   2.74974277e+04   5.70538580e-01   4.22499990e+00   2.99294088e-02   2.71225363e-01           25
sample_067.dat   7.14163706e-02   5.61327344e+04   5.72852373e-01   4.22499990e+00   1.51094953e-02   3.44939917e-01           25
sample_068.dat   7.12783262e-02   5.40778164e+04   5.75990856e-01   4.22499990e+00   2.58782580e-02   3.61095309e-01           22
sample_069.dat   7.44048506e-02   4.91861797e+04   5.71900487e-01   4.22499990e+00   1.50682535e-02   1.88315630e-01           26
sample_070.dat   8.14952180e-02   4.05005977e+04   5.70848823e-01   4.22499990e+00   8.60274397e-03   4.27462161e-01           25
sample_071.dat   6.19971193e-02   7.51302734e+04   5.70665240e-01   4.22499990e+00   4.13566120e-02   3.52955729e-01           23
sample_072.dat   9.54016745e-02   2.73560234e+04   5.73924422e-01   4.22499990e+00   3.64555344e-02   1.74618095e-01           28
sample_073.dat   8.73220935e-02   3.36258828e+04   5.75684011e-01   4.22499990e+00   3.50291133e-02   3.19822431e-01           21
sample_074.dat   8.15775543e-02   3.93172461e+04   5.73983073e-01   4.22499990e+00   2.25209389e-02   1.23424098e-01           25
sample_075.dat   6.82930797e-02   6.13224336e+04   5.74185610e-01   4.22499990e+00   2.22838297e-02   3.00747842e-01           25
sample_076.dat   1.11791104e-01   1.97077891e+04   5.75082362e-01   4.22499990e+00   2.25623809e-02   2.63158113e-01           25
sample_077.dat   8.14668089e-02   3.98561211e+04   5.73260307e-01   4.22499990e+00   5.41934073e-02   1.26984403e-01           28
sample_078.dat   9.98708606e-02   2.48371816e+04   5.75802207e-01   4.22499990e+00   2.22238358e-02   1.78324565e-01           25
sample_079.dat   8.00709128e-02   4.12030195e+04   5.71991920e-01   4.22499990e+00   3.39106321e-02   1.95160195e-01           24
sample_080.dat   7.93861896e-02   4.28648477e+04   5.70863485e-01   4.22499990e+00   3.21983024e-02   5.26173770e-01           25
sample_081.dat   6.55181333e-02   6.85436641e+04   5.75941265e-01   4.22499990e+00   7.86205828e-02   3.55729818e-01           27
sample_082.dat   9.84940231e-02   2.52980664e+04   5.75985014e-01   4.22499990e+00   4.84222956e-02   2.97118694e-01           24
sample_083.dat   6.08009063e-02   8.04344688e+04   5.75455725e-01   4.22499990e+00   3.36961672e-02   1.88057974e-01           25
sample_084.dat   6.62080348e-02   6.48307305e+04   5.76039612e-01   4.22499990e+00   3.51480171e-02   5.17660320e-01           24
sample_085.dat   6.87889233e-02   6.15236055e+04   5.75080752e-01   4.22499990e+00   2.29180418e-02   3.43277097e-01           26
sample_086.dat   7.02559128e-02   5.89306914e+04   5.70834994e-01   4.22499990e+00   4.66230810e-02   4.19352561e-01           26
sample_087.dat   1.13512859e-01   1.90182500e+04   5.68756223e-01   4.22499990e+00   3.80935110e-02   3.53400052e-01           25
sample_088.dat   9.87457335e-02   2.49973496e+04   5.71228623e-01   4.22499990e+00   2.39549261e-02   1.46390736e-01           26
sample_089.dat   8.63876268e-02   3.56524062e+04   5.75463772e-01   4.22499990e+00   2.83155106e-02   2.64064461e-01           28
sample_090.dat   7.63958842e-02   4.66405977e+04   5.74279308e-01   4.22499990e+00   3.73925529e-02   2.09725812e-01           25
sample_091.dat   8.35458189e-02   3.87340078e+04   5.72232783e-01   4.22499990e+00   4.18007076e-02   2.24861324e-01           27
sample_092.dat   8.54446143e-02   3.58229219e+04   5.73863924e-01   4.22499990e+00   2.29716506e-02   1.80874810e-01           21
sample_093.dat   6.73615411e-02   6.30076289e+04   5.75128317e-01   4.22499990e+00   3.65702473e-02   2.12561816e-01           28
sample_094.dat   8.71330872e-02   3.43102500e+04   5.74670136e-01   4.22499990e+00   3.91365550e-02   3.26847583e-01           27
sample_095.dat   8.29400942e-02   3.92076289e+04   5.69121182e-01   4.22499990e+00   6.13773875e-02   5.16341925e-01           26
sample_096.dat   7.26436451e-02   5.42583203e+04   5.70304692e-01   4.22499990e+00   2.26155594e-02   4.81399089e-01           23
sample_097.dat   8.19003582e-02   3.92402031e+04   5.67976058e-01   4.22499990e+00   5.04372604e-02   2.45532408e-01           23
sample_098.dat   7.03256130e-02   5.60522812e+04   5.74490905e-01   4.22499990e+00   1.13253063e-02   2.15765864e-01           25
sample_099.dat   7.01122954e-02   5.84669961e+04   5.72418094e-01   4.22499990e+00   3.92734483e-02   1.82324812e-01           25
sample_100.dat   7.23791197e-02   1.11189188e+05   5.74504972e-01   9.20400047e+00   1.16671277e-02   2.67734677e-01           24
sample_101.dat   7.79618472e-02   9.22525703e+04   5.75324953e-01   9.20400047e+00   3.09448577e-02   1.24365330e-01           25
sample_102.dat   7.81140625e-02   9.39208828e+04   5.75162888e-01   9.20400047e+00   2.34974548e-02   2.68061608e-01           26
sample_103.dat   7.48140663e-02   1.05475008e+05   5.73296487e-01   9.20400047e+00   4.51787710e-02   2.21349835e-01           29
sample_104.dat   8.58990029e-02   7.46323281e+04   5.75161695e-01   9.20400047e+00   2.80631687e-02   1.23025611e-01           28
sample_105.dat   8.70743170e-02   7.29523125e+04   5.73936999e-01   9.20400047e+00   1.76050514e-02   3.46033096e-01           28
sample_106.dat   8.50448757e-02   7.53509531e+04   5.75238824e-01   9.20400047e+00   3.56194191e-02   2.99105763e-01           24
sample_107.dat   1.00726426e-01   5.18922031e+04   5.74238241e-01   9.20400047e+00   2.68580560e-02   2.02987313e-01           27
sample_108.dat   1.00003533e-01   5.25533164e+04   5.74655831e-01   9.20400047e+00   2.26545222e-02   2.85824656e-01           24
sample_109.dat   7.37936199e-02   1.06488758e+05   5.74526072e-01   9.20400047e+00   1.95297357e-02   1.20970167e-01           24
sample_110.dat   8.19760785e-02   8.45942500e+04   5.75613141e-01   9.20400047e+00   2.54140049e-02   2.42723808e-01           25
sample_111.dat   8.07353780e-02   8.73960781e+04   5.70068359e-01   9.20400047e+00   2.14486066e-02   6.30373180e-01           23
sample_112.dat   8.43235627e-02   7.78620781e+04   5.75758576e-01   9.20400047e+00   2.59204526e-02   4.76430267e-01           27
sample_113.dat   7.68090263e-02   9.75928359e+04   5.75997710e-01   9.20400047e+00   1.50572639e-02   2.05153480e-01           25
sample_114.dat   8.31084475e-02   8.01190000e+04   5.76017559e-01   9.20400047e+00   2.57950630e-02   1.38213903e-01           25
sample_115.dat   7.33410716e-02   1.09381516e+05   5.75653851e-01   9.20400047e+00   2.77307350e-02   1.73594490e-01           24
sample_116.dat   9.73800197e-02   5.53019336e+04   5.72017968e-01   9.20400047e+00   2.68468224e-02   1.37071356e-01           24
sample_117.dat   8.75339583e-02   7.27831250e+04   5.74794233e-01   9.20400047e+00   3.29572223e-02   1.77676365e-01           30
sample_118.dat   9.62990448e-02   5.77976016e+04   5.75221539e-01   9.20400047e+00   1.95158944e-02   2.43736982e-01           26
sample_119.dat   8.33543465e-02   8.22213438e+04   5.75429261e-01   9.20400047e+00   2.48629525e-02   2.86646932e-01           28
sample_120.dat   7.48097673e-02   1.02134891e+05   5.75301230e-01   9.20400047e+00   2.31758226e-02   2.13073805e-01           21
sample_121.dat   8.50488469e-02   7.63575469e+04   5.74806094e-01   9.20400047e+00   1.21225659e-02   6.10654533e-01           22
sample_122.dat   7.32318908e-02   1.07247984e+05   5.75813651e-01   9.20400047e+00   1.97074693e-02   1.29248321e-01           26
sample_123.dat   8.39670226e-02   7.96729766e+04   5.76019108e-01   9.20400047e+00   1.80413779e-02   3.75296563e-01           26
sample_124.dat   1.05662428e-01   4.56365000e+04   5.75347126e-01   9.20400047e+00   1.09809693e-02   1.00134440e-01           24
sample_125.dat   7.73627460e-02   9.58309766e+04   5.75484157e-01   9.20400047e+00   4.05457802e-02   3.25718910e-01           26
sample_126.dat   8.10655504e-02   8.56989141e+04   5.75868845e-01   9.20400047e+00   2.35193390e-02   2.38497838e-01           26
sample_127.dat   7.51407593e-02   1.02238461e+05   5.75712264e-01   9.20400047e+00   1.50936302e-02   3.55309665e-01           22
sample_128.dat   7.69271255e-02   9.75649844e+04   5.75005233e-01   9.20400047e+00   2.00404003e-02   1.79247558e-01           27
sample_129.dat   9.78919566e-02   5.53288398e+04   5.75161695e-01   9.20400047e+00   2.41388716e-02   2.31271163e-01           28
sample_130.dat   7.33957291e-02   1.10242820e+05   5.73355556e-01   9.20400047e+00   2.02815793e-02   2.86731243e-01           28
sample_131.dat   1.09523214e-01   4.24870547e+04   5.75461328e-01   9.20400047e+00   2.50927564e-02   1.45033181e-01           27
sample_132.dat   7.35879019e-02   1.07786695e+05   5.75968623e-01   9.20400047e+00   2.63477005e-02   3.06169420e-01           23
sample_133.dat   8.82831365e-02   6.96503203e+04   5.74722648e-01   9.20400047e+00   3.27115618e-02   1.55186519e-01           27
sample_134.dat   9.30836052e-02   6.19541875e+04   5.75129390e-01   9.20400047e+00   3.39446403e-02   2.53482252e-01           25
sample_135.dat   7.93391615e-02   9.01802656e+04   5.76051533e-01   9.20400047e+00   5.39417230e-02   2.14073911e-01           26
sample_136.dat   9.65561494e-02   5.67565977e+04   5.75974703e-01   9.20400047e+00   2.52633207e-02   1.36952594e-01           25
sample_137.dat   9.22221765e-02   6.29406250e+04   5.75532138e-01   9.20400047e+00   3.04827113e-02   7.65781403e-02           25
sample_138.dat   9.51623321e-02   5.87398281e+04   5.74279308e-01   9.20400047e+00   1.89470239e-02   1.85123622e-01           26
sample_139.dat   8.04249495e-02   8.63216172e+04   5.74107289e-01   9.20400047e+00   2.79140044e-02   1.48456916e-01           26
sample_140.dat   7.24550635e-02   1.15485711e+05   5.72849214e-01   9.20400047e+00   2.80639995e-02   2.47471005e-01           29
sample_141.dat   1.10229596e-01   4.12018711e+04   5.75837910e-01   9.20400047e+00   3.29719968e-02   1.74190447e-01           24
sample_142.dat   8.88261721e-02   6.89433047e+04   5.75274825e-01   9.20400047e+00   2.58788317e-02   2.02488795e-01           26
sample_143.dat   7.27463216e-02   1.11128031e+05   5.71410477e-01   9.20400047e+00   3.09744608e-02   1.33158132e-01           28
sample_144.dat   8.98121521e-02   6.74562578e+04   5.76064944e-01   9.20400047e+00   1.49698127e-02   2.89037257e-01           28
sample_145.dat   9.07583907e-02   6.55061367e+04   5.74544609e-01   9.20400047e+00   3.05842757e-02   2.11527362e-01           24
sample_146.dat   7.73903355e-02   9.52309141e+04   5.74966133e-01   9.20400047e+00   4.09767367e-02   1.48292565e+00           21
sample_147.dat   8.07524100e-02   8.97181328e+04   5.75398803e-01   9.20400047e+00   1.24070207e-02   2.93231189e-01           29
sample_148.dat   9.20796022e-02   6.34816758e+04   5.74608564e-01   9.20400047e+00   3.28556374e-02   2.03561082e-01           28
sample_149.dat   9.56353247e-02   5.83534219e+04   5.75850725e-01   9.20400047e+00   1.87311601e-02   2.31092110e-01           28
sample_150.dat   9.13924575e-02   6.43720586e+04   5.75461328e-01   9.20400047e+00   1.38769206e-02   8.64562392e-02           28
sample_151.dat   8.65078494e-02   7.34718672e+04   5.74779034e-01   9.20400047e+00   4.07575071e-02   1.06705263e-01           28
sample_152.dat   7.32094944e-02   1.08617914e+05   5.75782537e-01   9.20400047e+00   3.31342258e-02   2.51699775e-01           25
sample_153.dat   8.91179666e-02   6.76742500e+04   5.73325157e-01   9.20400047e+00   3.62967364e-02   2.97041565e-01           22
sample_154.dat   9.41958949e-02   5.96413906e+04   5.75874031e-01   9.20400047e+00   1.73739009e-02   1.03526726e-01           26
sample_155.dat   8.88386220e-02   7.00482266e+04   5.73077023e-01   9.20400047e+00   2.68592555e-02   2.00610116e-01           29
sample_156.dat   8.89301449e-02   6.82881641e+04   5.73740959e-01   9.20400047e+00   2.12454163e-02   1.24349415e-01           24
sample_157.dat   8.35326463e-02   7.91835312e+04   5.75037062e-01   9.20400047e+00   1.41364513e-02   2.29175895e-01           25
sample_158.dat   8.88036191e-02   7.01088047e+04   5.75296223e-01   9.20400047e+00   2.00089756e-02   2.69342780e-01           27
sample_159.dat   1.01748183e-01   5.02147930e+04   5.74797869e-01   9.20400047e+00   3.65053229e-02   2.11459473e-01           26
sample_160.dat   9.55175459e-02   5.71422031e+04   5.75641870e-01   9.20400047e+00   3.45813558e-02   1.06560774e-01           26
sample_161.dat   8.61138031e-02   7.53753984e+04   5.74256122e-01   9.20400047e+00   2.23116241e-02   2.48796001e-01           26
sample_162.dat   8.94694701e-02   6.82080078e+04   5.75784922e-01   9.20400047e+00   1.28881605e-02   1.55561626e-01           26
sample_163.dat   9.23670679e-02   6.36308945e+04   5.73559701e-01   9.20400047e+00   3.47040519e-02   3.67185771e-01           26
sample_164.dat   8.50989297e-02   7.82828047e+04   5.75543523e-01   9.20400047e+00   1.99472923e-02   2.59448737e-01           26
sample_165.dat   8.68794546e-02   7.26690547e+04   5.73207438e-01   9.20400047e+00   2.27786209e-02   1.17758580e-01           27
sample_166.dat   1.01316653e-01   5.11190391e+04   5.74532747e-01   9.20400047e+00   3.00378930e-02   1.57230601e-01           28
sample_167.dat   9.01386738e-02   6.73297109e+04   5.74994981e-01   9.20400047e+00   2.67243367e-02   2.90716022e-01           27
sample_168.dat   8.23471099e-02   8.43424062e+04   5.75535953e-01   9.20400047e+00   9.60465427e-03   2.08716139e-01           28
sample_169.dat   8.14299956e-02   8.45472188e+04   5.75693011e-01   9.20400047e+00   2.17663962e-02   1.05954833e-01           27
sample_170.dat   8.20196867e-02   8.42548594e+04   5.73195934e-01   9.20400047e+00   3.62998918e-02   2.70483911e-01           28
sample_171.dat   9.00837183e-02   6.69259219e+04   5.74927330e-01   9.20400047e+00   2.96572167e-02   2.80080557e-01           28
sample_172.dat   8.43401104e-02   7.98060703e+04   5.73835492e-01   9.20400047e+00   2.46993527e-02   3.67706656e-01           24
sample_173.dat   9.67740119e-02   5.66292109e+04   5.75263023e-01   9.20400047e+00   2.62476839e-02   4.91581857e-01           26
sample_174.dat   9.41564366e-02   6.05718711e+04   5.74966133e-01   9.20400047e+00   2.32088193e-02   2.74968207e-01           27
sample_175.dat   8.59378874e-02   7.50837344e+04   5.74720562e-01   9.20400047e+00   1.96157675e-02   1.60043254e-01           25
sample_176.dat   9.87363905e-02   5.40983438e+04   5.75875759e-01   9.20400047e+00   1.47511726e-02   1.39888793e-01           27
sample_177.dat   8.96048993e-02   6.75415625e+04   5.74344337e-01   9.20400047e+00   2.82400101e-02   2.15433314e-01           27
sample_178.dat   8.07739943e-02   8.59760156e+04   5.76083004e-01   9.20400047e+00   1.69584211e-02   1.38327137e-01           26
sample_179.dat   9.74396989e-02   5.59076406e+04   5.75654030e-01   9.20400047e+00   2.15867180e-02   1.30148456e-01           26
sample_180.dat   7.76106641e-02   9.64600078e+04   5.75125337e-01   9.20400047e+00   3.24533843e-02   3.12366337e-01           26
sample_181.dat   8.39599892e-02   7.94114844e+04   5.73258758e-01   9.20400047e+00   2.36490481e-02   2.42234170e-01           25
sample_182.dat   8.01936761e-02   8.71523750e+04   5.75723767e-01   9.20400047e+00   3.13007459e-02   1.61344126e-01           27
sample_183.dat   8.36499259e-02   7.94084609e+04   5.75225830e-01   9.20400047e+00   3.46796475e-02   1.05495334e-01           26
sample_184.dat   1.06492564e-01   4.56062383e+04   5.73142827e-01   9.20400047e+00   3.54043655e-02   3.07793170e-01           25
sample_185.dat   7.59738833e-02   1.00563336e+05   5.75354993e-01   9.20400047e+00   1.83638204e-02   3.09101820e-01           28
sample_186.dat   9.67076793e-02   5.75754062e+04   5.75498879e-01   9.20400047e+00   3.22755650e-02   2.17158049e-01           28
sample_187.dat   1.00053377e-01   5.29664531e+04   5.75542927e-01   9.20400047e+00   2.85422374e-02   1.55445784e-01           26
sample_188.dat   9.15643871e-02   6.61936172e+04   5.72494745e-01   9.20400047e+00   1.58420149e-02   2.25230098e-01           27
sample_189.dat   9.41539332e-02   6.06352695e+04   5.75807750e-01   9.20400047e+00   3.02957017e-02   1.80680916e-01           28
sample_190.dat   7.66087323e-02   9.84705625e+04   5.76012552e-01   9.20400047e+00   2.13144775e-02   1.95878938e-01           25
sample_191.dat   7.99888149e-02   8.82411641e+04   5.75703323e-01   9.20400047e+00   2.01497972e-02   1.82066321e-01           21
sample_192.dat   1.01541325e-01   5.05530469e+04   5.75168252e-01   9.20400047e+00   2.01963503e-02   1.71419993e-01           26
sample_193.dat   7.94154257e-02   8.90104922e+04   5.75445354e-01   9.20400047e+00   1.36217372e-02   1.43096909e-01           25
sample_194.dat   8.95979702e-02   6.74193359e+04   5.74200392e-01   9.20400047e+00   1.99457183e-02   3.44097167e-01           27
sample_195.dat   7.45798424e-02   1.06616844e+05   5.75874031e-01   9.20400047e+00   2.54971609e-02   2.62175649e-01           25
sample_196.dat   8.70653540e-02   7.33166797e+04   5.74205577e-01   9.20400047e+00   2.63447315e-02   1.96303830e-01           27
sample_197.dat   9.00343060e-02   6.63057344e+04   5.74510694e-01   9.20400047e+00   4.26247641e-02   2.21839622e-01           24
sample_198.dat   8.67113695e-02   7.28021328e+04   5.76064944e-01   9.20400047e+00   3.68435606e-02   3.24668735e-01           23
sample_199.dat   8.66177529e-02   7.23183672e+04   5.75613141e-01   9.20400047e+00   4.00436185e-02   1.22218177e-01           28
sample_200.dat   9.19815376e-02   1.33081578e+05   5.75811982e-01   1.96949997e+01   1.24592101e-02   2.49715999e-01           28
sample_201.dat   9.33261067e-02   1.29710836e+05   5.75693011e-01   1.96949997e+01   1.74084660e-02   2.08885342e-01           29
sample_202.dat   8.52909163e-02   1.60409672e+05   5.75847685e-01   1.96949997e+01   1.47437602e-02   2.51525819e-01           29
sample_203.dat   9.18343663e-02   1.34485281e+05   5.76034009e-01   1.96949997e+01   2.51522977e-02   6.95618242e-02           24
sample_204.dat   9.81089175e-02   1.15076773e+05   5.75832784e-01   1.96949997e+01   1.76027436e-02   2.42933273e-01           24
sample_205.dat   9.50220078e-02   1.25815156e+05   5.75997710e-01   1.96949997e+01   1.39775192e-02   2.29950920e-01           27
sample_206.dat   9.23719406e-02   1.34210422e+05   5.74779034e-01   1.96949997e+01   2.14784592e-02   2.63478547e-01           27
sample_207.dat   9.13298428e-02   1.35924391e+05   5.75222254e-01   1.96949997e+01   2.35048383e-02   1.15114205e-01           28
sample_208.dat   8.76715183e-02   1.51913797e+05   5.76051533e-01   1.96949997e+01   2.95477305e-02   1.13152973e-01           30
sample_209.dat   9.61445197e-02   1.20580414e+05   5.76039612e-01   1.96949997e+01   2.13934798e-02   1.56297222e-01           25
sample_210.dat   9.01497826e-02   1.43167344e+05   5.75461328e-01   1.96949997e+01   2.61401013e-02   1.60131812e-01           28
sample_211.dat   1.01445645e-01   1.06993578e+05   5.75745821e-01   1.96949997e+01   1.93647593e-02   2.36505553e-01           25
sample_212.dat   9.17495564e-02   1.34702562e+05   5.75699747e-01   1.96949997e+01   1.19515723e-02   1.09934092e-01           25
sample_213.dat   7.52623156e-02   2.17963422e+05   5.76039612e-01   1.96949997e+01   1.77760404e-02   3.27518910e-01           28
sample_214.dat   8.93235579e-02   1.45274047e+05   5.75495899e-01   1.96949997e+01   2.57025287e-02   1.91489622e-01           26
sample_215.dat   9.00761709e-02   1.40089125e+05   5.75515747e-01   1.96949997e+01   1.52642224e-02   4.77781028e-01           26
sample_216.dat   9.42434222e-02   1.28331438e+05   5.75937510e-01   1.96949997e+01   2.74815299e-02   2.78782934e-01           28
sample_217.dat   9.49909464e-02   1.23554234e+05   5.75811982e-01   1.96949997e+01   1.31526999e-02   1.89987659e-01           22
sample_218.dat   8.60902816e-02   1.57674234e+05   5.72961509e-01   1.96949997e+01   1.52006401e-02   2.13984877e-01           29
sample_219.dat   8.43649134e-02   1.63761359e+05   5.75880229e-01   1.96949997e+01   2.24248059e-02   4.25411671e-01           25
sample_220.dat   1.02734551e-01   1.02617500e+05   5.74559689e-01   1.96949997e+01   1.61514878e-02   2.77441353e-01           28
sample_221.dat   9.22647715e-02   1.32259391e+05   5.75974703e-01   1.96949997e+01   1.78407189e-02   4.20593560e-01           28
sample_222.dat   9.97210667e-02   1.11676312e+05   5.76013207e-01   1.96949997e+01   2.69305352e-02   1.49355426e-01           28
sample_223.dat   8.77544880e-02   1.49800703e+05   5.73679388e-01   1.96949997e+01   2.88363285e-02   1.92719921e-01           28
sample_224.dat   9.76165682e-02   1.16881641e+05   5.75434327e-01   1.96949997e+01   2.12377980e-02   1.00406259e-01           24
sample_225.dat   9.42358077e-02   1.28452422e+05   5.75632989e-01   1.96949997e+01   1.78844612e-02   2.41243735e-01           28
sample_226.dat   9.12140235e-02   1.36617047e+05   5.74242294e-01   1.96949997e+01   2.44324878e-02   2.91965544e-01           26
sample_227.dat   8.40762854e-02   1.67735547e+05   5.75945854e-01   1.96949997e+01   1.74723621e-02   1.92977935e-01           28
sample_228.dat   8.75729546e-02   1.52327781e+05   5.75622976e-01   1.96949997e+01   1.77609287e-02   2.38524914e-01           26
sample_229.dat   9.29523781e-02   1.29674602e+05   5.75680077e-01   1.96949997e+01   3.11438236e-02   1.05486102e-01           28
sample_230.dat   8.36994201e-02   1.68102297e+05   5.75991809e-01   1.96949997e+01   1.83539093e-02   3.52277189e-01           27
sample_231.dat   8.81602764e-02   1.48389172e+05   5.76078773e-01   1.96949997e+01   2.93808952e-02   3.40735227e-01           24
sample_232.dat   8.04690793e-02   1.85210453e+05   5.75498879e-01   1.96949997e+01   1.78091973e-02   2.61314213e-01           25
sample_233.dat   7.93776065e-02   1.91022016e+05   5.75998545e-01   1.96949997e+01   1.66907012e-02   1.57836840e-01           28
sample_234.dat   8.78381133e-02   1.50239141e+05   5.75206816e-01   1.96949997e+01   1.63286049e-02   2.41409436e-01           27
sample_235.dat   9.01650488e-02   1.40443703e+05   5.75463772e-01   1.96949997e+01   3.65192741e-02   1.76772997e-01           27
sample_236.dat   9.55627635e-02   1.23188711e+05   5.75925171e-01   1.96949997e+01   2.14847121e-02   4.85533714e-01           26
sample_237.dat   9.15342197e-02   1.35897797e+05   5.75533628e-01   1.96949997e+01   2.75214612e-02   1.29805058e-01           27
sample_238.dat   8.94298926e-02   1.44721000e+05   5.75326085e-01   1.96949997e+01   1.65950041e-02   2.76925564e-01           28
sample_239.dat   9.44989696e-02   1.27464242e+05   5.75968623e-01   1.96949997e+01   2.68434659e-02   2.19840541e-01           29
sample_240.dat   8.94125476e-02   1.44508031e+05   5.75206041e-01   1.96949997e+01   2.14050505e-02   8.24315473e-02           27
sample_241.dat   9.14790854e-02   1.35976703e+05   5.75623155e-01   1.96949997e+01   1.81316677e-02   2.44344041e-01           25
sample_242.dat   8.85561407e-02   1.48428516e+05   5.76021075e-01   1.96949997e+01   2.50425674e-02   3.32846642e-01           25
sample_243.dat   8.49183574e-02   1.64115734e+05   5.75693011e-01   1.96949997e+01   2.29925103e-02   3.46671641e-01           29
sample_244.dat   8.82543921e-02   1.47004531e+05   5.75226307e-01   1.96949997e+01   1.99314393e-02   3.92410129e-01           25
sample_245.dat   8.51288885e-02   1.59485672e+05   5.75174570e-01   1.96949997e+01   1.48151098e-02   1.83023795e-01           27
sample_246.dat   8.50257054e-02   1.63337812e+05   5.75623155e-01   1.96949997e+01   2.06210073e-02   1.28296793e-01           28
sample_247.dat   9.38106254e-02   1.27107211e+05   5.75283170e-01   1.96949997e+01   2.45433673e-02   1.90975785e-01           24
sample_248.dat   8.27128813e-02   1.72101453e+05   5.75955808e-01   1.96949997e+01   2.79814396e-02   1.76081389e-01           27
sample_249.dat   7.82442465e-02   1.97984031e+05   5.74966967e-01   1.96949997e+01   7.48787308e-03   1.77820280e-01           28
sample_250.dat   8.39530826e-02   1.68765484e+05   5.74206293e-01   1.96949997e+01   3.11356205e-02   2.05949783e-01           27
sample_251.dat   9.63928849e-02   1.19474648e+05   5.76038122e-01   1.96949997e+01   3.03910971e-02   1.04621626e-01           28
sample_252.dat   8.54449198e-02   1.59959266e+05   5.75916767e-01   1.96949997e+01   2.27859039e-02   2.22169951e-01           28
sample_253.dat   9.35579464e-02   1.28974078e+05   5.75875461e-01   1.96949997e+01   2.95588002e-02   2.81424731e-01           25
sample_254.dat   9.47371274e-02   1.24578164e+05   5.75532138e-01   1.96949997e+01   1.87656283e-02   8.91945958e-02           27
sample_255.dat   9.43244025e-02   1.26309805e+05   5.74807465e-01   1.96949997e+01   2.41001025e-02   1.82016537e-01           28
sample_256.dat   8.53854716e-02   1.59365938e+05   5.75315714e-01   1.96949997e+01   1.95639189e-02   1.28440455e-01           28
sample_257.dat   8.72196481e-02   1.52307125e+05   5.74820697e-01   1.96949997e+01   2.24862862e-02   1.59256488e-01           27
sample_258.dat   9.55166668e-02   1.23464195e+05   5.75752854e-01   1.96949997e+01   2.87154820e-02   1.70022935e-01           30
sample_259.dat   8.80049691e-02   1.48629219e+05   5.75752795e-01   1.96949997e+01   1.87995043e-02   1.68021291e-01           25
sample_260.dat   8.67685303e-02   1.55866734e+05   5.75642049e-01   1.96949997e+01   2.26777252e-02   2.06504092e-01           25
sample_261.dat   8.42533335e-02   1.65791469e+05   5.75890124e-01   1.96949997e+01   3.04018017e-02   1.86611637e-01           27
sample_262.dat   9.14279372e-02   1.35488719e+05   5.75880229e-01   1.96949997e+01   1.41562773e-02   1.92175135e-01           26
sample_263.dat   8.57342407e-02   1.59052609e+05   5.75966179e-01   1.96949997e+01   2.40597222e-02   1.69235677e-01           27
sample_264.dat   8.92720968e-02   1.44489859e+05   5.75116217e-01   1.96949997e+01   2.84285471e-02   2.15760216e-01           30
sample_265.dat   8.95341784e-02   1.42420859e+05   5.75645030e-01   1.96949997e+01   2.34138127e-02   1.20930098e-01           24
sample_266.dat   8.65065455e-02   1.54063078e+05   5.75565219e-01   1.96949997e+01   1.98224112e-02   3.82737517e-01           24
sample_267.dat   9.52309817e-02   1.23660727e+05   5.75540245e-01   1.96949997e+01   2.21338514e-02   1.34468362e-01           30
sample_268.dat   9.06843096e-02   1.37440156e+05   5.76083004e-01   1.96949997e+01   2.59244516e-02   4.65269275e-02           21
sample_269.dat   7.97068104e-02   1.90311031e+05   5.75543523e-01   1.96949997e+01   8.40095151e-03   1.87822014e-01           26
sample_270.dat   9.01971087e-02   1.40154984e+05   5.75803995e-01   1.96949997e+01   2.05683261e-02   2.61342764e-01           27
sample_271.dat   7.82706961e-02   1.97193359e+05   5.75908720e-01   1.96949997e+01   2.26671342e-02   4.73959476e-01           25
sample_272.dat   7.77744949e-02   2.00667266e+05   5.74905038e-01   1.96949997e+01   2.18313150e-02   2.07609102e-01           24
sample_273.dat   9.80317965e-02   1.16336211e+05   5.74638844e-01   1.96949997e+01   2.60042790e-02   1.13617554e-01           27
sample_274.dat   9.47859213e-02   1.25831117e+05   5.74276567e-01   1.96949997e+01   1.87028684e-02   3.35924625e-01           26
sample_275.dat   1.02611586e-01   1.03839633e+05   5.76039195e-01   1.96949997e+01   1.62842572e-02   6.89940900e-02           26
sample_276.dat   9.15044919e-02   1.36633688e+05   5.75969756e-01   1.96949997e+01   2.62905564e-02   2.35972583e-01           27
sample_277.dat   9.62221399e-02   1.20638719e+05   5.74637294e-01   1.96949997e+01   2.42689177e-02   4.94310737e-01           26
sample_278.dat   9.97786894e-02   1.11138516e+05   5.75773895e-01   1.96949997e+01   1.20869717e-02   1.00435331e-01           26
sample_279.dat   9.20657739e-02   1.32647906e+05   5.76021075e-01   1.96949997e+01   2.28424724e-02   1.62269697e-01           21
sample_280.dat   1.02396853e-01   1.04953727e+05   5.75016797e-01   1.96949997e+01   1.84568930e-02   8.40697661e-02           25
sample_281.dat   9.15992558e-02   1.35808219e+05   5.76017559e-01   1.96949997e+01   2.37979479e-02   1.09756470e-01           27
sample_282.dat   8.77097994e-02   1.49872266e+05   5.75875759e-01   1.96949997e+01   2.07841806e-02   1.72893897e-01           29
sample_283.dat   9.09429565e-02   1.38858328e+05   5.75644791e-01   1.96949997e+01   2.09818427e-02   1.28752768e-01           30
sample_284.dat   8.91994536e-02   1.44213781e+05   5.75874031e-01   1.96949997e+01   1.85979363e-02   3.17084491e-01           25
sample_285.dat   8.54986534e-02   1.58123969e+05   5.75730145e-01   1.96949997e+01   1.33986017e-02   2.40048885e-01           26
sample_286.dat   8.34767446e-02   1.67790938e+05   5.74689090e-01   1.96949997e+01   2.44704746e-02   1.54459551e-01           24
sample_287.dat   8.36480632e-02   1.67291797e+05   5.74655294e-01   1.96949997e+01   2.83601824e-02   1.59480944e-01           24
sample_288.dat   9.42903832e-02   1.27552758e+05   5.75540245e-01   1.96949997e+01   2.41385829e-02   1.34492904e-01           25
sample_289.dat   9.80433896e-02   1.16343141e+05   5.75354993e-01   1.96949997e+01   3.13075818e-02   2.58152574e-01           25
sample_290.dat   9.53466520e-02   1.24164984e+05   5.75088799e-01   1.96949997e+01   1.29596246e-02   1.63829505e-01           27
sample_291.dat   9.39089581e-02   1.27677930e+05   5.74709356e-01   1.96949997e+01   2.46362854e-02   4.31818157e-01           26
sample_292.dat   1.03454344e-01   1.01613500e+05   5.75969636e-01   1.96949997e+01   2.12408230e-02   1.02905922e-01           30
sample_293.dat   9.08948183e-02   1.37923922e+05   5.75745821e-01   1.96949997e+01   2.78560799e-02   1.50637031e-01           23
sample_294.dat   7.58411065e-02   2.12683953e+05   5.74895620e-01   1.96949997e+01   3.01021431e-02   2.87697285e-01           29
sample_295.dat   8.42002258e-02   1.66174516e+05   5.74770868e-01   1.96949997e+01   2.71788444e-02   1.22927763e-01           29
sample_296.dat   8.96998644e-02   1.43129484e+05   5.75665653e-01   1.96949997e+01   1.94414482e-02   1.54004678e-01           29
sample_297.dat   9.47239846e-02   1.28157883e+05   5.73611975e-01   1.96949997e+01   1.56552270e-02   2.60493189e-01           28
sample_298.dat   9.18071643e-02   1.35781250e+05   5.73679388e-01   1.96949997e+01   9.02368315e-03   1.02510884e-01           28
sample_299.dat   9.91908610e-02   1.13025734e+05   5.74150145e-01   1.96949997e+01   1.83528401e-02   1.20328903e-01           27
sample_300.dat   8.47544074e-02   3.45984125e+05   5.74823141e-01   4.23540001e+01   1.74314864e-02   1.15303397e-01           28
sample_301.dat   9.02356878e-02   2.99591125e+05   5.75998545e-01   4.23540001e+01   2.01307666e-02   3.24049801e-01           27
sample_302.dat   9.12744924e-02   2.92138906e+05   5.76004028e-01   4.23540001e+01   2.38579344e-02   3.41903269e-01           23
sample_303.dat   9.38320979e-02   2.72860375e+05   5.76019108e-01   4.23540001e+01   1.92929637e-02   1.16089165e-01           25
sample_304.dat   1.04087055e-01   2.16331125e+05   5.75748265e-01   4.23540001e+01   2.46468373e-02   1.14679538e-01           28
sample_305.dat   8.93102437e-02   3.07689719e+05   5.76017261e-01   4.23540001e+01   1.18784821e-02   9.08538923e-02           28
sample_306.dat   8.96751061e-02   3.04694625e+05   5.75969636e-01   4.23540001e+01   1.74684133e-02   2.34588429e-01           24
sample_307.dat   9.71503779e-02   2.51881906e+05   5.75968623e-01   4.23540001e+01   1.76985785e-02   2.21378878e-01           28
sample_308.dat   1.02294058e-01   2.23967938e+05   5.75692832e-01   4.23540001e+01   2.04833839e-02   2.54350483e-01           27
sample_309.dat   9.36891586e-02   2.75812500e+05   5.75439692e-01   4.23540001e+01   3.19557711e-02   1.28722936e-01           28
sample_310.dat   9.70949754e-02   2.54560047e+05   5.76019108e-01   4.23540001e+01   2.21668258e-02   1.43777311e-01           26
sample_311.dat   8.22823346e-02   3.73710156e+05   5.76069474e-01   4.23540001e+01   1.69707052e-02   1.80291489e-01           26
sample_312.dat   8.87414217e-02   3.14443000e+05   5.75603545e-01   4.23540001e+01   2.88545154e-02   1.90090358e-01           30
sample_313.dat   9.70585048e-02   2.53393969e+05   5.76000452e-01   4.23540001e+01   1.78536270e-02   6.03287667e-02           26
sample_314.dat   9.53291059e-02   2.65207219e+05   5.76078773e-01   4.23540001e+01   2.52111014e-02   1.85331985e-01           28
sample_315.dat   9.44767594e-02   2.68403562e+05   5.75923502e-01   4.23540001e+01   2.09726840e-02   6.25229403e-02           27
sample_316.dat   9.43881273e-02   2.69059938e+05   5.75703323e-01   4.23540001e+01   2.14798097e-02   1.21173635e-01           26
sample_317.dat   9.42989513e-02   2.71008625e+05   5.75955510e-01   4.23540001e+01   1.89974811e-02   2.02802151e-01           26
sample_318.dat   9.14939195e-02   2.88368594e+05   5.75864375e-01   4.23540001e+01   2.89379973e-02   1.07486606e-01           26
sample_319.dat   9.18622836e-02   2.88716250e+05   5.75485468e-01   4.23540001e+01   1.91582218e-02   2.02077761e-01           28
sample_320.dat   8.66298750e-02   3.30398719e+05   5.75990856e-01   4.23540001e+01   1.88646037e-02   1.20619647e-01           25
sample_321.dat   9.21746790e-02   2.86020219e+05   5.75902045e-01   4.23540001e+01   1.99285839e-02   3.80493790e-01           24
sample_322.dat   9.08022150e-02   2.94467344e+05   5.76019108e-01   4.23540001e+01   1.91356558e-02   8.44932944e-02           26
sample_323.dat   9.36362222e-02   2.74726219e+05   5.75738549e-01   4.23540001e+01   2.43387297e-02   1.84879348e-01           28
sample_324.dat   9.76223946e-02   2.47422156e+05   5.75876892e-01   4.23540001e+01   1.98633689e-02   1.01267837e-01           22
sample_325.dat   9.07751694e-02   2.94985844e+05   5.76017261e-01   4.23540001e+01   2.20323782e-02   7.91348219e-02           26
sample_326.dat   9.14636180e-02   2.89598281e+05   5.75965106e-01   4.23540001e+01   3.20358202e-02   1.37581944e-01           29
sample_327.dat   1.00777827e-01   2.32547547e+05   5.76039195e-01   4.23540001e+01   2.08789911e-02   1.47069663e-01           26
sample_328.dat   9.09821838e-02   2.93590500e+05   5.75730145e-01   4.23540001e+01   1.75047889e-02   3.81441712e-01           24
sample_329.dat   8.44615549e-02   3.48980719e+05   5.75844467e-01   4.23540001e+01   2.95823980e-02   1.48655131e-01           28
sample_330.dat   8.99282768e-02   3.02840188e+05   5.75861275e-01   4.23540001e+01   1.79226939e-02   1.97959945e-01           28
sample_331.dat   8.90421942e-02   3.08601688e+05   5.75916052e-01   4.23540001e+01   2.15184353e-02   6.70902804e-02           26
sample_332.dat   8.68750438e-02   3.27449594e+05   5.75723767e-01   4.23540001e+01   2.02320963e-02   9.45136398e-02           26
sample_333.dat   9.36050713e-02   2.75975094e+05   5.75955510e-01   4.23540001e+01   1.67885982e-02   1.02151476e-01           28
sample_334.dat   9.17419046e-02   2.89103062e+05   5.75705767e-01   4.23540001e+01   1.86911114e-02   1.24704883e-01           28
sample_335.dat   9.45404470e-02   2.67860156e+05   5.75730145e-01   4.23540001e+01   2.31990032e-02   2.24265188e-01           29
sample_336.dat   9.01087299e-02   3.00967000e+05   5.75454891e-01   4.23540001e+01   2.95729414e-02   1.00722127e-01           27
sample_337.dat   9.23139676e-02   2.83365344e+05   5.75543523e-01   4.23540001e+01   2.85036415e-02   1.98686182e-01           25
sample_338.dat   9.11594629e-02   2.93259094e+05   5.75692832e-01   4.23540001e+01   2.00640708e-02   1.84283838e-01           26
sample_339.dat   9.71444622e-02   2.51714672e+05   5.75941503e-01   4.23540001e+01   1.08828060e-02   8.86339247e-02           25
sample_340.dat   8.92654955e-02   3.09081031e+05   5.75784922e-01   4.23540001e+01   2.54879221e-02   1.20001882e-01           29
sample_341.dat   9.07285586e-02   2.97438219e+05   5.75990856e-01   4.23540001e+01   1.09525211e-02   7.04319999e-02           27
sample_342.dat   9.91920605e-02   2.41200391e+05   5.75968623e-01   4.23540001e+01   2.06658468e-02   1.07798286e-01           28
sample_343.dat   9.82633457e-02   2.46226656e+05   5.75576007e-01   4.23540001e+01   2.24500075e-02   1.66542873e-01           27
sample_344.dat   8.54843482e-02   3.40442281e+05   5.75549960e-01   4.23540001e+01   9.84089077e-03   2.08444104e-01           26
sample_345.dat   1.01789735e-01   2.27192344e+05   5.76017559e-01   4.23540001e+01   1.74122434e-02   1.78623468e-01           27
sample_346.dat   9.13857371e-02   2.92852219e+05   5.76052010e-01   4.23540001e+01   1.90604348e-02   2.27047712e-01           30
sample_347.dat   9.26745534e-02   2.83973781e+05   5.76083004e-01   4.23540001e+01   1.90527085e-02   1.23354383e-01           27
sample_348.dat   9.06632394e-02   2.96841594e+05   5.76052010e-01   4.23540001e+01   1.32332211e-02   1.97812825e-01           26
sample_349.dat   1.00337520e-01   2.34818891e+05   5.76025128e-01   4.23540001e+01   1.78063735e-02   1.02650292e-01           29
sample_350.dat   9.31569263e-02   2.79267500e+05   5.74470162e-01   4.23540001e+01   2.04680189e-02   5.94961718e-02           27
sample_351.dat   9.66277122e-02   2.55866328e+05   5.75619698e-01   4.23540001e+01   3.17669176e-02   8.32565799e-02           29
sample_352.dat   9.24443528e-02   2.84050000e+05   5.75922847e-01   4.23540001e+01   2.12698672e-02   3.32546353e-01           25
sample_353.dat   9.76177678e-02   2.49612312e+05   5.75723886e-01   4.23540001e+01   1.01423841e-02   2.40105480e-01           29
sample_354.dat   9.09404531e-02   2.93279094e+05   5.75632989e-01   4.23540001e+01   1.89150274e-02   2.23627299e-01           25
sample_355.dat   9.42269787e-02   2.70796906e+05   5.76015413e-01   4.23540001e+01   2.04603616e-02   1.65333405e-01           28
sample_356.dat   9.33302343e-02   2.77813000e+05   5.75868845e-01   4.23540001e+01   2.28187330e-02   1.18885793e-01           27
sample_357.dat   8.99920240e-02   3.02358500e+05   5.75774312e-01   4.23540001e+01   1.64035168e-02   2.28270367e-01           28
sample_358.dat   8.60094950e-02   3.34808156e+05   5.76021075e-01   4.23540001e+01   2.81537045e-02   1.58615768e-01           25
sample_359.dat   8.75893310e-02   3.22565719e+05   5.76039195e-01   4.23540001e+01   2.51964536e-02   2.48318404e-01           25
sample_360.dat   9.43497643e-02   2.71896219e+05   5.75390339e-01   4.23540001e+01   2.55408939e-02   2.12738082e-01           29
sample_361.dat   9.19481814e-02   2.88058406e+05   5.75597644e-01   4.23540001e+01   1.96930952e-02   2.87945867e-01           29
sample_362.dat   9.55182314e-02   2.62927438e+05   5.75745821e-01   4.23540001e+01   1.25306817e-02   7.57909194e-02           26
sample_363.dat   9.64177847e-02   2.57000828e+05   5.76039195e-01   4.23540001e+01   1.68850124e-02   1.05524786e-01           29
sample_364.dat   9.33802724e-02   2.77544938e+05   5.75206816e-01   4.23540001e+01   2.06800345e-02   9.91974846e-02           29
sample_365.dat   9.47882533e-02   2.65960312e+05   5.76069474e-01   4.23540001e+01   1.91927571e-02   2.84994513e-01           25
sample_366.dat   9.32646915e-02   2.75369719e+05   5.75680077e-01   4.23540001e+01   3.09431143e-02   4.07727093e-01           28
sample_367.dat   8.64423066e-02   3.33598250e+05   5.75923502e-01   4.23540001e+01   1.89286955e-02   8.49743336e-02           25
sample_368.dat   9.20241177e-02   2.87532000e+05   5.75298250e-01   4.23540001e+01   2.17443779e-02   3.41688186e-01           27
sample_369.dat   9.45606083e-02   2.70670000e+05   5.76015413e-01   4.23540001e+01   2.64924224e-02   1.88542619e-01           28
sample_370.dat   9.90987122e-02   2.41042359e+05   5.75206816e-01   4.23540001e+01   2.18316652e-02   1.04991242e-01           27
sample_371.dat   9.60269794e-02   2.61104422e+05   5.75746536e-01   4.23540001e+01   1.69220828e-02   1.08632684e-01           26
sample_372.dat   8.52493346e-02   3.42634906e+05   5.75902402e-01   4.23540001e+01   1.66528709e-02   1.27618194e-01           29
sample_373.dat   9.22206342e-02   2.86364094e+05   5.76004028e-01   4.23540001e+01   1.48748821e-02   8.85581970e-02           29
sample_374.dat   9.08427387e-02   2.98150719e+05   5.76039195e-01   4.23540001e+01   2.19367146e-02   9.00615305e-02           28
sample_375.dat   9.35887247e-02   2.74724750e+05   5.75985014e-01   4.23540001e+01   1.74158774e-02   9.29270312e-02           27
sample_376.dat   1.02521576e-01   2.22672984e+05   5.76039195e-01   4.23540001e+01   1.91617776e-02   7.76110962e-02           29
sample_377.dat   9.45191160e-02   2.68936625e+05   5.75923681e-01   4.23540001e+01   2.10064296e-02   4.00440484e-01           26
sample_378.dat   9.65740457e-02   2.57718734e+05   5.75923502e-01   4.23540001e+01   1.98729094e-02   1.30771399e-01           27
sample_379.dat   9.50383842e-02   2.66968188e+05   5.76083004e-01   4.23540001e+01   2.09834706e-02   1.99739769e-01           28
sample_380.dat   8.40965137e-02   3.54086625e+05   5.76039612e-01   4.23540001e+01   2.07684413e-02   7.21617863e-02           25
sample_381.dat   9.59554166e-02   2.59081078e+05   5.76009095e-01   4.23540001e+01   2.28925552e-02   2.29103640e-01           27
sample_382.dat   9.22465324e-02   2.87286031e+05   5.75966179e-01   4.23540001e+01   1.77163165e-02   1.16352662e-01           27
sample_383.dat   8.53860974e-02   3.41013938e+05   5.75495899e-01   4.23540001e+01   2.22325325e-02   2.72703886e-01           26
sample_384.dat   9.53630358e-02   2.63581156e+05   5.75293362e-01   4.23540001e+01   2.29798444e-02   1.58782780e-01           25
sample_385.dat   9.43198353e-02   2.71073625e+05   5.75974703e-01   4.23540001e+01   1.95434354e-02   1.76414534e-01           28
sample_386.dat   9.65231135e-02   2.54895750e+05   5.75773895e-01   4.23540001e+01   2.04088166e-02   1.45585552e-01           23
sample_387.dat   8.79753903e-02   3.16817406e+05   5.75673699e-01   4.23540001e+01   2.26652697e-02   1.86228678e-01           24
sample_388.dat   9.48164985e-02   2.65626844e+05   5.76017559e-01   4.23540001e+01   2.25872062e-02   1.44180506e-01           27
sample_389.dat   8.76905844e-02   3.23384250e+05   5.75628102e-01   4.23540001e+01   2.47078910e-02   2.07273692e-01           29
sample_390.dat   9.28946584e-02   2.80312062e+05   5.76078773e-01   4.23540001e+01   1.93410460e-02   2.83875316e-01           28
sample_391.dat   9.54084471e-02   2.62861781e+05   5.75945854e-01   4.23540001e+01   1.78094581e-02   2.48716712e-01           27
sample_392.dat   8.29702318e-02   3.64206531e+05   5.75937510e-01   4.23540001e+01   2.44103707e-02   1.31142765e-01           25
sample_393.dat   9.41343606e-02   2.70670812e+05   5.76042354e-01   4.23540001e+01   1.82165708e-02   8.23263526e-02           28
sample_394.dat   8.73819366e-02   3.23472719e+05   5.75723886e-01   4.23540001e+01   1.96897928e-02   1.83266804e-01           24
sample_395.dat   1.04596838e-01   2.12300188e+05   5.76021075e-01   4.23540001e+01   1.12303477e-02   1.78802788e-01           27
sample_396.dat   9.54741165e-02   2.63470188e+05   5.75817943e-01   4.23540001e+01   2.70561799e-02   7.49146715e-02           28
sample_397.dat   8.95711333e-02   3.04543406e+05   5.75433910e-01   4.23540001e+01   1.91843659e-02   1.04046069e-01           27
sample_398.dat   9.00591761e-02   2.98905000e+05   5.75752854e-01   4.23540001e+01   1.77691318e-02   3.52961384e-02           24
sample_399.dat   9.23603326e-02   2.85506031e+05   5.75965106e-01   4.23540001e+01   3.07460018e-02   1.52373612e-01           27
sample_400.dat   9.28197652e-02   6.21814750e+05   5.76017261e-01   9.41200027e+01   1.54641774e-02   1.64018840e-01           27
sample_401.dat   9.56106111e-02   5.82688812e+05   5.76078773e-01   9.41200027e+01   2.41180472e-02   5.51558062e-02           28
sample_402.dat   8.69445801e-02   7.21653125e+05   5.75979829e-01   9.41200027e+01   2.68468522e-02   2.74426520e-01           24
sample_403.dat   9.15865079e-02   6.40861562e+05   5.76025128e-01   9.41200027e+01   2.72149742e-02   1.91767335e-01           27
sample_404.dat   9.02861506e-02   6.61840312e+05   5.76052010e-01   9.41200027e+01   2.28893198e-02   5.80967255e-02           27
sample_405.dat   9.65444446e-02   5.67711562e+05   5.75847685e-01   9.41200027e+01   2.20941436e-02   1.95256144e-01           25
sample_406.dat   9.62095037e-02   5.72235750e+05   5.76052010e-01   9.41200027e+01   1.93997435e-02   1.59415916e-01           28
sample_407.dat   9.87665057e-02   5.41477500e+05   5.75968623e-01   9.41200027e+01   1.55783808e-02   5.24136983e-02           29
sample_408.dat   9.37687606e-02   6.09440000e+05   5.76017261e-01   9.41200027e+01   1.56734586e-02   1.33151233e-01           30
sample_409.dat   9.61874276e-02   5.73478000e+05   5.76066911e-01   9.41200027e+01   2.17387192e-02   7.70293176e-02           30
sample_410.dat   9.14730355e-02   6.42686250e+05   5.76009095e-01   9.41200027e+01   1.74639318e-02   2.57603317e-01           26
sample_411.dat   9.16505978e-02   6.41683625e+05   5.76012552e-01   9.41200027e+01   1.80297717e-02   9.88758802e-02           28
sample_412.dat   8.96771923e-02   6.78441000e+05   5.75955510e-01   9.41200027e+01   1.96935218e-02   9.61578414e-02           30
sample_413.dat   9.31198299e-02   6.21288000e+05   5.76051533e-01   9.41200027e+01   1.29313823e-02   8.24788138e-02           27
sample_414.dat   9.35825184e-02   6.08925375e+05   5.76069474e-01   9.41200027e+01   2.14080960e-02   3.30296904e-01           23
sample_415.dat   9.01458412e-02   6.69829812e+05   5.76078773e-01   9.41200027e+01   1.84541643e-02   1.72203273e-01           29
sample_416.dat   9.33219567e-02   6.14895812e+05   5.75922847e-01   9.41200027e+01   1.85581110e-02   2.53996760e-01           27
sample_417.dat   9.59265381e-02   5.79767625e+05   5.75875759e-01   9.41200027e+01   2.01076474e-02   1.02172509e-01           29
sample_418.dat   9.59478319e-02   5.74533312e+05   5.76064944e-01   9.41200027e+01   2.24849880e-02   1.38711303e-01           25
sample_419.dat   9.16423649e-02   6.38831562e+05   5.75923681e-01   9.41200027e+01   2.56851390e-02   2.40553617e-01           24
sample_420.dat   9.48308259e-02   5.92320000e+05   5.76019108e-01   9.41200027e+01   2.21927725e-02   9.41138417e-02           27
sample_421.dat   9.15330350e-02   6.41583062e+05   5.75768948e-01   9.41200027e+01   1.65430009e-02   9.68361869e-02           28
sample_422.dat   9.36135873e-02   6.07942250e+05   5.75968623e-01   9.41200027e+01   2.35863086e-02   6.18556887e-02           25
sample_423.dat   9.25402492e-02   6.25411688e+05   5.75516284e-01   9.41200027e+01   1.93158649e-02   4.84322533e-02           26
sample_424.dat   9.29157808e-02   6.19542250e+05   5.76012552e-01   9.41200027e+01   1.25473067e-02   5.15509211e-02           27
sample_425.dat   9.33466032e-02   6.13234375e+05   5.75941265e-01   9.41200027e+01   2.50577778e-02   1.47593006e-01           26
sample_426.dat   9.01043713e-02   6.63045812e+05   5.76017261e-01   9.41200027e+01   1.41497124e-02   1.52453974e-01           25
sample_427.dat   9.31305587e-02   6.19686188e+05   5.75497687e-01   9.41200027e+01   1.91883501e-02   6.86291158e-02           29
sample_428.dat   9.65043977e-02   5.70046375e+05   5.76078773e-01   9.41200027e+01   2.23578773e-02   7.24146366e-02           29
sample_429.dat   9.98296887e-02   5.27193562e+05   5.75875461e-01   9.41200027e+01   1.92414094e-02   8.02657828e-02           25
sample_430.dat   9.37189758e-02   6.08347250e+05   5.75990856e-01   9.41200027e+01   1.16908234e-02   1.54473826e-01           28
sample_431.dat   9.86212716e-02   5.41050562e+05   5.76012552e-01   9.41200027e+01   2.30700616e-02   5.42430021e-02           28
sample_432.dat   9.59568322e-02   5.76852125e+05   5.76064944e-01   9.41200027e+01   1.90893132e-02   1.15149356e-01           28
sample_433.dat   9.33392644e-02   6.16446500e+05   5.75969636e-01   9.41200027e+01   1.28342956e-02   8.10495988e-02           29
sample_434.dat   1.00442030e-01   5.20334750e+05   5.75719118e-01   9.41200027e+01   2.00530738e-02   2.22181827e-01           27
sample_435.dat   9.90985259e-02   5.35733312e+05   5.76039195e-01   9.41200027e+01   1.96471140e-02   2.27033645e-01           29
sample_436.dat   9.72780287e-02   5.58805375e+05   5.75937510e-01   9.41200027e+01   1.51133295e-02   1.04057975e-01           29
sample_437.dat   9.37483981e-02   6.04856875e+05   5.76038122e-01   9.41200027e+01   2.19471902e-02   9.39743742e-02           28
sample_438.dat   9.24516767e-02   6.24635125e+05   5.76083004e-01   9.41200027e+01   1.67261567e-02   1.36276558e-01           28
sample_439.dat   9.28814933e-02   6.22162250e+05   5.76051533e-01   9.41200027e+01   1.36496453e-02   6.30151555e-02           28
sample_440.dat   9.43945125e-02   5.95092875e+05   5.75997710e-01   9.41200027e+01   2.53178030e-02   1.80448025e-01           27
sample_441.dat   9.07078981e-02   6.56709312e+05   5.76065540e-01   9.41200027e+01   2.31522359e-02   5.76430559e-02           28
sample_442.dat   9.22587812e-02   6.31944938e+05   5.75979829e-01   9.41200027e+01   1.36539591e-02   8.42368156e-02           29
sample_443.dat   9.31107476e-02   6.16200000e+05   5.76019108e-01   9.41200027e+01   2.12557949e-02   1.30562171e-01           27
sample_444.dat   9.13228467e-02   6.45617938e+05   5.76001287e-01   9.41200027e+01   1.37001816e-02   1.42417058e-01           28
sample_445.dat   9.46251824e-02   5.94752125e+05   5.75966179e-01   9.41200027e+01   1.82106942e-02   1.81530267e-01           26
sample_446.dat   9.15592611e-02   6.44591250e+05   5.75922847e-01   9.41200027e+01   2.33017504e-02   1.76553100e-01           29
sample_447.dat   9.55287069e-02   5.84920000e+05   5.75876892e-01   9.41200027e+01   1.97945945e-02   6.56845942e-02           30
sample_448.dat   9.76780206e-02   5.51433000e+05   5.75941503e-01   9.41200027e+01   2.37594433e-02   6.00889146e-01           25
sample_449.dat   8.92485678e-02   6.77388000e+05   5.76083004e-01   9.41200027e+01   1.84222534e-02   1.05798274e-01           24
sample_450.dat   9.64232013e-02   5.69152312e+05   5.76012552e-01   9.41200027e+01   2.10930966e-02   1.69642910e-01           27
sample_451.dat   9.65316817e-02   5.62538750e+05   5.75998545e-01   9.41200027e+01   1.85798761e-02   2.85259157e-01           23
sample_452.dat   9.36038792e-02   6.10923875e+05   5.76039612e-01   9.41200027e+01   2.06481479e-02   9.75383520e-02           28
sample_453.dat   9.51068029e-02   5.90413312e+05   5.75922847e-01   9.41200027e+01   2.18945406e-02   1.10345468e-01           27
sample_454.dat   9.42672417e-02   6.01689000e+05   5.76000333e-01   9.41200027e+01   1.74799282e-02   7.40185529e-02           29
sample_455.dat   9.44233462e-02   5.99275000e+05   5.76000452e-01   9.41200027e+01   1.52301267e-02   9.73845497e-02           29
sample_456.dat   9.03962255e-02   6.60303562e+05   5.75802207e-01   9.41200027e+01   1.67989507e-02   2.20575735e-01           26
sample_457.dat   9.38293561e-02   6.04315750e+05   5.76064944e-01   9.41200027e+01   2.21686978e-02   1.24550335e-01           27
sample_458.dat   8.79361555e-02   7.04085688e+05   5.75864375e-01   9.41200027e+01   1.46792326e-02   7.31936619e-02           28
sample_459.dat   9.52919722e-02   5.84155500e+05   5.76051533e-01   9.41200027e+01   1.96421370e-02   9.40447301e-02           29
sample_460.dat   8.69431272e-02   7.26579938e+05   5.75937510e-01   9.41200027e+01   2.04189345e-02   1.40309736e-01           28
sample_461.dat   9.25415754e-02   6.27296250e+05   5.76064944e-01   9.41200027e+01   1.81816090e-02   8.57003555e-02           24
sample_462.dat   9.25110206e-02   6.26552938e+05   5.76070786e-01   9.41200027e+01   2.06974261e-02   6.21448830e-02           29
sample_463.dat   8.98561180e-02   6.69655312e+05   5.75941265e-01   9.41200027e+01   1.81696471e-02   7.57768676e-02           26
sample_464.dat   9.53996852e-02   5.80806812e+05   5.75945854e-01   9.41200027e+01   1.83997024e-02   1.28185570e-01           26
sample_465.dat   9.46562290e-02   5.94459062e+05   5.76070786e-01   9.41200027e+01   2.08204091e-02   1.01113394e-01           29
sample_466.dat   9.72562581e-02   5.57217125e+05   5.76078773e-01   9.41200027e+01   1.97241753e-02   7.44624212e-02           27
sample_467.dat   9.56789181e-02   5.82041625e+05   5.75850010e-01   9.41200027e+01   1.94975529e-02   8.69875327e-02           28
sample_468.dat   9.26732719e-02   6.24272625e+05   5.75950265e-01   9.41200027e+01   1.59937181e-02   1.24481313e-01           28
sample_469.dat   9.27629396e-02   6.20504250e+05   5.76025128e-01   9.41200027e+01   1.27490247e-02   8.09986293e-02           25
sample_470.dat   9.40922052e-02   6.05126125e+05   5.75837910e-01   9.41200027e+01   2.09765993e-02   1.55440897e-01           28
sample_471.dat   9.77952257e-02   5.48756938e+05   5.75916052e-01   9.41200027e+01   1.51056778e-02   7.96475708e-02           25
sample_472.dat   9.11972746e-02   6.46445000e+05   5.76051533e-01   9.41200027e+01   2.01891605e-02   3.18612307e-01           28
sample_473.dat   9.25044864e-02   6.26923375e+05   5.76009095e-01   9.41200027e+01   2.28761248e-02   1.21528119e-01           27
sample_474.dat   9.47959498e-02   5.90755438e+05   5.75902045e-01   9.41200027e+01   1.31508065e-02   2.39413887e-01           28
sample_475.dat   9.57604945e-02   5.77266000e+05   5.75752795e-01   9.41200027e+01   1.62935928e-02   1.19665921e-01           25
sample_476.dat   9.21188071e-02   6.33876250e+05   5.76012552e-01   9.41200027e+01   1.32702272e-02   8.20676386e-02           29
sample_477.dat   9.02330726e-02   6.67468562e+05   5.75934708e-01   9.41200027e+01   2.04202272e-02   1.06531709e-01           29
sample_478.dat   9.24991667e-02   6.27052812e+05   5.75729012e-01   9.41200027e+01   2.12532282e-02   1.01995468e-01           30
sample_479.dat   9.85232145e-02   5.39174062e+05   5.75969636e-01   9.41200027e+01   2.28023529e-02   8.95171463e-02           25
sample_480.dat   9.74609107e-02   5.50803688e+05   5.76051533e-01   9.41200027e+01   1.43937124e-02   1.99024200e-01           23
sample_481.dat   9.49129537e-02   5.90005250e+05   5.76066911e-01   9.41200027e+01   1.97994579e-02   9.29352790e-02           30
sample_482.dat   9.82514918e-02   5.44956875e+05   5.75807750e-01   9.41200027e+01   1.94416046e-02   7.84195140e-02           29
sample_483.dat   9.62544307e-02   5.68343500e+05   5.75880229e-01   9.41200027e+01   1.50451791e-02   7.33692572e-02           27
sample_484.dat   9.43290666e-02   5.96009688e+05   5.75847805e-01   9.41200027e+01   1.97549555e-02   6.05922304e-02           24
sample_485.dat   9.66360793e-02   5.65840875e+05   5.75991809e-01   9.41200027e+01   2.15182751e-02   1.36399701e-01           27
sample_486.dat   9.40873697e-02   6.05361938e+05   5.75955510e-01   9.41200027e+01   1.57256648e-02   8.18167850e-02           26
sample_487.dat   9.80818123e-02   5.49272438e+05   5.76051533e-01   9.41200027e+01   2.11296249e-02   7.10749924e-02           29
sample_488.dat   9.07076895e-02   6.56572750e+05   5.75573862e-01   9.41200027e+01   1.71374660e-02   8.58416781e-02           25
sample_489.dat   9.32846218e-02   6.12948625e+05   5.75985014e-01   9.41200027e+01   1.86742656e-02   1.36630356e-01           25
sample_490.dat   9.76616815e-02   5.52282188e+05   5.76039612e-01   9.41200027e+01   1.73437782e-02   1.33766189e-01           27
sample_491.dat   9.06720608e-02   6.56133750e+05   5.76042354e-01   9.41200027e+01   9.20624845e-03   8.23778436e-02           28
sample_492.dat   9.29727927e-02   6.23421500e+05   5.75748265e-01   9.41200027e+01   1.26704434e-02   6.27134368e-02           28
sample_493.dat   8.73738304e-02   7.16195000e+05   5.76038122e-01   9.41200027e+01   1.81114711e-02   5.26180156e-02           28
sample_494.dat   1.04043350e-01   4.77076250e+05   5.76012552e-01   9.41200027e+01   1.82322711e-02   6.93423897e-02           30
sample_495.dat   9.32624489e-02   6.11649375e+05   5.76042354e-01   9.41200027e+01   2.26876680e-02   3.34027372e-02           22
sample_496.dat   9.06574652e-02   6.55179000e+05   5.76083004e-01   9.41200027e+01   1.82738397e-02   1.21946417e-01           28
sample_497.dat   9.51542705e-02   5.82525000e+05   5.76000452e-01   9.41200027e+01   1.99704487e-02   4.78668958e-02           24
sample_498.dat   9.86658707e-02   5.40648250e+05   5.76012552e-01   9.41200027e+01   2.10209601e-02   1.43043935e-01           29
sample_499.dat   9.72564742e-02   5.57174938e+05   5.76025128e-01   9.41200027e+01   1.80036929e-02   1.39597997e-01           28
sample_500.dat   9.50319767e-02   1.31683800e+06   5.76069474e-01   2.11770004e+02   2.10006647e-02   4.05797996e-02           27
sample_501.dat   9.36709717e-02   1.36700438e+06   5.76078773e-01   2.11770004e+02   2.15636529e-02   1.03751518e-01           29
sample_502.dat   9.14937928e-02   1.44542012e+06   5.76012552e-01   2.11770004e+02   1.74261164e-02   1.11064725e-01           28
sample_503.dat   9.25966203e-02   1.40314925e+06   5.76039612e-01   2.11770004e+02   1.70170236e-02   6.37898967e-02           29
sample_504.dat   9.25309062e-02   1.40752000e+06   5.76000333e-01   2.11770004e+02   2.06606332e-02   7.82866776e-02           27
sample_505.dat   9.71729532e-02   1.25228775e+06   5.76021075e-01   2.11770004e+02   1.98281780e-02   7.83788487e-02           29
sample_506.dat   9.22736675e-02   1.41768100e+06   5.75998545e-01   2.11770004e+02   1.54095953e-02   4.92528491e-02           27
sample_507.dat   9.63890925e-02   1.28181000e+06   5.76042354e-01   2.11770004e+02   1.62213929e-02   7.33314008e-02           29
sample_508.dat   9.60710794e-02   1.28931225e+06   5.76066911e-01   2.11770004e+02   2.12139264e-02   2.31081039e-01           29
sample_509.dat   9.53754410e-02   1.31264950e+06   5.76039612e-01   2.11770004e+02   2.10156441e-02   8.93674269e-02           28
sample_510.dat   9.31336880e-02   1.38369062e+06   5.76065540e-01   2.11770004e+02   1.95039697e-02   6.97694495e-02           27
sample_511.dat   9.56340283e-02   1.30414438e+06   5.76039612e-01   2.11770004e+02   1.57856196e-02   1.55148536e-01           29
sample_512.dat   9.37135071e-02   1.36047350e+06   5.76001287e-01   2.11770004e+02   1.51835671e-02   1.28280371e-01           27
sample_513.dat   9.35024843e-02   1.37375238e+06   5.76070786e-01   2.11770004e+02   1.78716239e-02   1.91147476e-01           29
sample_514.dat   9.62910578e-02   1.28019450e+06   5.75966179e-01   2.11770004e+02   2.03577299e-02   6.54838607e-02           26
sample_515.dat   9.31062847e-02   1.38553088e+06   5.75998545e-01   2.11770004e+02   2.08979957e-02   1.93297252e-01           28
sample_516.dat   9.45318788e-02   1.34293988e+06   5.76009095e-01   2.11770004e+02   1.82431117e-02   1.44549206e-01           30
sample_517.dat   9.55348983e-02   1.30691962e+06   5.76078773e-01   2.11770004e+02   1.96976382e-02   9.39000845e-02           30
sample_518.dat   9.70881954e-02   1.25739638e+06   5.75916052e-01   2.11770004e+02   2.36466117e-02   1.67459518e-01           29
sample_519.dat   9.44343358e-02   1.33744275e+06   5.76042354e-01   2.11770004e+02   1.95088293e-02   9.02296156e-02           28
sample_520.dat   9.44761410e-02   1.33690800e+06   5.76052010e-01   2.11770004e+02   2.18439959e-02   1.00893840e-01           30
sample_521.dat   9.26694497e-02   1.39978450e+06   5.76070786e-01   2.11770004e+02   1.74169876e-02   5.73425256e-02           28
sample_522.dat   9.59039927e-02   1.29397338e+06   5.76017261e-01   2.11770004e+02   2.02091429e-02   2.12483704e-01           27
sample_523.dat   9.50564817e-02   1.32036125e+06   5.76025128e-01   2.11770004e+02   2.03800499e-02   1.47298798e-01           29
sample_524.dat   9.54814553e-02   1.31394312e+06   5.76042354e-01   2.11770004e+02   1.94682777e-02   4.98725548e-02           30
sample_525.dat   9.29845944e-02   1.38924075e+06   5.76025128e-01   2.11770004e+02   1.94993466e-02   1.08479396e-01           28
sample_526.dat   9.71432701e-02   1.25126688e+06   5.76039612e-01   2.11770004e+02   1.81362759e-02   4.49893288e-02           27
sample_527.dat   9.41207781e-02   1.35131688e+06   5.76042354e-01   2.11770004e+02   1.90245043e-02   1.23144709e-01           28
sample_528.dat   9.49886218e-02   1.32201825e+06   5.76013207e-01   2.11770004e+02   2.38308832e-02   9.63571593e-02           26
sample_529.dat   9.42574292e-02   1.34858362e+06   5.76017261e-01   2.11770004e+02   1.86958704e-02   7.72898570e-02           27
sample_530.dat   9.37237665e-02   1.36472450e+06   5.75903416e-01   2.11770004e+02   1.67811308e-02   1.29478306e-01           27
sample_531.dat   9.60815400e-02   1.29043975e+06   5.76019108e-01   2.11770004e+02   2.09710915e-02   1.38793349e-01           28
sample_532.dat   9.12447795e-02   1.45734600e+06   5.75937510e-01   2.11770004e+02   1.78167373e-02   1.42819047e-01           27
sample_533.dat   9.07574594e-02   1.46645588e+06   5.76004028e-01   2.11770004e+02   1.20113753e-02   1.59848779e-01           30
sample_534.dat   9.22938958e-02   1.41340362e+06   5.76009095e-01   2.11770004e+02   2.31202748e-02   1.01107642e-01           28
sample_535.dat   9.40466002e-02   1.35461988e+06   5.76066911e-01   2.11770004e+02   2.08676383e-02   1.16951130e-01           27
sample_536.dat   9.53351557e-02   1.31610250e+06   5.75941265e-01   2.11770004e+02   1.99427046e-02   6.47168830e-02           29
sample_537.dat   9.61047038e-02   1.28655912e+06   5.76070786e-01   2.11770004e+02   2.31336225e-02   1.00978084e-01           28
sample_538.dat   9.68008265e-02   1.26625438e+06   5.76012552e-01   2.11770004e+02   1.78039856e-02   1.50430933e-01           27
sample_539.dat   9.60196406e-02   1.28519475e+06   5.76021075e-01   2.11770004e+02   1.84916779e-02   1.80753127e-01           27
sample_540.dat   9.73418728e-02   1.25180338e+06   5.76019108e-01   2.11770004e+02   2.19264776e-02   1.33068234e-01           30
sample_541.dat   9.26189274e-02   1.39927788e+06   5.76083004e-01   2.11770004e+02   1.86315048e-02   2.45135128e-01           29
sample_542.dat   9.35929418e-02   1.36441900e+06   5.75916767e-01   2.11770004e+02   1.61237381e-02   9.42221284e-02           25
sample_543.dat   9.48517844e-02   1.32779112e+06   5.76021075e-01   2.11770004e+02   1.81874782e-02   1.00950688e-01           27
sample_544.dat   9.58274901e-02   1.29127162e+06   5.76013207e-01   2.11770004e+02   2.08462272e-02   1.33102968e-01           28
sample_545.dat   9.39461663e-02   1.35539362e+06   5.76004028e-01   2.11770004e+02   1.67271588e-02   1.22653402e-01           27
sample_546.dat   9.40404981e-02   1.35992188e+06   5.75950265e-01   2.11770004e+02   1.93438362e-02   6.41429350e-02           29
sample_547.dat   9.26892459e-02   1.39698562e+06   5.76017559e-01   2.11770004e+02   2.04383917e-02   7.52882585e-02           27
sample_548.dat   9.54419449e-02   1.31292325e+06   5.75955808e-01   2.11770004e+02   1.59631465e-02   8.36871266e-02           29
sample_549.dat   9.70262662e-02   1.26163738e+06   5.75969636e-01   2.11770004e+02   1.70373507e-02   6.89188913e-02           27
sample_550.dat   9.36070085e-02   1.37773650e+06   5.76039195e-01   2.11770004e+02   1.72601808e-02   5.82729131e-02           30
sample_551.dat   9.17433128e-02   1.43652588e+06   5.76015413e-01   2.11770004e+02   1.81042198e-02   9.03882831e-02           27
sample_552.dat   9.48750004e-02   1.32902688e+06   5.75968623e-01   2.11770004e+02   1.50762610e-02   7.88108855e-02           28
sample_553.dat   9.32948440e-02   1.38183638e+06   5.76025128e-01   2.11770004e+02   1.93405859e-02   1.18996911e-01           29
sample_554.dat   9.48630944e-02   1.32789262e+06   5.76051533e-01   2.11770004e+02   1.91491060e-02   7.10283145e-02           28
sample_555.dat   9.30120498e-02   1.39112500e+06   5.75955808e-01   2.11770004e+02   1.61176156e-02   7.09707290e-02           28
sample_556.dat   9.78076681e-02   1.23064512e+06   5.75925171e-01   2.11770004e+02   2.13087406e-02   5.90380840e-02           27
sample_557.dat   9.62115601e-02   1.28261662e+06   5.76013207e-01   2.11770004e+02   1.73873436e-02   1.64422393e-01           25
sample_558.dat   9.43691954e-02   1.34136938e+06   5.76038122e-01   2.11770004e+02   2.05819644e-02   7.04950839e-02           28
sample_559.dat   9.23234746e-02   1.41959250e+06   5.76070786e-01   2.11770004e+02   1.88337341e-02   7.73245841e-02           29
sample_560.dat   9.37215388e-02   1.36754762e+06   5.76069474e-01   2.11770004e+02   2.03632880e-02   7.09150955e-02           28
sample_561.dat   9.36573595e-02   1.36828988e+06   5.75965106e-01   2.11770004e+02   1.52023677e-02   5.60404956e-02           28
sample_562.dat   9.59761366e-02   1.28918600e+06   5.75950265e-01   2.11770004e+02   1.89503860e-02   1.45945191e-01           29
sample_563.dat   9.21705589e-02   1.42316700e+06   5.76064944e-01   2.11770004e+02   2.09030900e-02   8.53086859e-02           30
sample_564.dat   9.24939513e-02   1.40766512e+06   5.75902402e-01   2.11770004e+02   2.09704638e-02   8.12146291e-02           28
sample_565.dat   9.10513997e-02   1.46010100e+06   5.76017559e-01   2.11770004e+02   1.85118821e-02   1.11169189e-01           27
sample_566.dat   9.43168551e-02   1.34791025e+06   5.76083004e-01   2.11770004e+02   1.67915076e-02   1.33154392e-01           27
sample_567.dat   9.27068442e-02   1.40203475e+06   5.76038122e-01   2.11770004e+02   1.89408567e-02   8.97229314e-02           29
sample_568.dat   9.14748088e-02   1.44777912e+06   5.75921834e-01   2.11770004e+02   1.81962214e-02   1.76042423e-01           28
sample_569.dat   9.86431763e-02   1.20667075e+06   5.76066911e-01   2.11770004e+02   1.55252991e-02   6.85178265e-02           27
sample_570.dat   9.79780704e-02   1.22566688e+06   5.76066911e-01   2.11770004e+02   1.55492723e-02   3.40857692e-02           24
sample_571.dat   9.40868258e-02   1.35145338e+06   5.76064944e-01   2.11770004e+02   1.74814779e-02   5.45944571e-02           30
sample_572.dat   9.78887230e-02   1.23587100e+06   5.76021075e-01   2.11770004e+02   1.75532307e-02   1.08560339e-01           30
sample_573.dat   9.52899903e-02   1.31130325e+06   5.75974703e-01   2.11770004e+02   2.38342918e-02   1.90523922e-01           27
sample_574.dat   9.89265889e-02   1.20745938e+06   5.76025128e-01   2.11770004e+02   1.81815941e-02   7.05104023e-02           30
sample_575.dat   9.18124840e-02   1.43609962e+06   5.75850725e-01   2.11770004e+02   1.73393842e-02   1.09695770e-01           28
sample_576.dat   8.97574574e-02   1.51179050e+06   5.76039195e-01   2.11770004e+02   2.14496888e-02   6.57847077e-02           29
sample_577.dat   9.26434770e-02   1.40109950e+06   5.76015413e-01   2.11770004e+02   1.87203810e-02   2.47941345e-01           28
sample_578.dat   9.35441926e-02   1.37267625e+06   5.76065540e-01   2.11770004e+02   1.90991089e-02   1.37763321e-01           28
sample_579.dat   9.42293927e-02   1.34906925e+06   5.76066911e-01   2.11770004e+02   2.23494805e-02   9.36244801e-02           29
sample_580.dat   9.38998163e-02   1.35845425e+06   5.75880229e-01   2.11770004e+02   1.60918757e-02   5.13067693e-02           29
sample_581.dat   9.38349441e-02   1.36741712e+06   5.76052010e-01   2.11770004e+02   1.83240548e-02   4.22622822e-02           27
sample_582.dat   9.66205671e-02   1.27412225e+06   5.76039195e-01   2.11770004e+02   1.89566296e-02   1.18396088e-01           29
sample_583.dat   9.60168988e-02   1.29023050e+06   5.75955808e-01   2.11770004e+02   2.11838055e-02   5.20566627e-02           29
sample_584.dat   9.21616852e-02   1.41973150e+06   5.76065540e-01   2.11770004e+02   1.80287994e-02   1.23547144e-01           27
sample_585.dat   9.34813321e-02   1.37326275e+06   5.76065540e-01   2.11770004e+02   1.75837390e-02   1.03380404e-01           27
sample_586.dat   9.48292911e-02   1.32739100e+06   5.76017559e-01   2.11770004e+02   1.87262595e-02   1.20719030e-01           26
sample_587.dat   9.70833898e-02   1.26337112e+06   5.76034009e-01   2.11770004e+02   1.62198078e-02   9.15119201e-02           30
sample_588.dat   9.23525915e-02   1.41038725e+06   5.75916767e-01   2.11770004e+02   1.76832862e-02   1.34894118e-01           26
sample_589.dat   9.27015617e-02   1.40098962e+06   5.76039612e-01   2.11770004e+02   2.05408055e-02   6.94815218e-02           30
sample_590.dat   9.57738161e-02   1.29717275e+06   5.75936258e-01   2.11770004e+02   1.82315987e-02   1.03108741e-01           27
sample_591.dat   9.38378870e-02   1.35915262e+06   5.75997710e-01   2.11770004e+02   1.48079824e-02   7.00052828e-02           28
sample_592.dat   9.38382074e-02   1.35721500e+06   5.76034009e-01   2.11770004e+02   1.86469555e-02   1.89333782e-01           26
sample_593.dat   9.75585431e-02   1.24204275e+06   5.76051533e-01   2.11770004e+02   1.99188292e-02   1.04102492e-01           26
sample_594.dat   9.43279788e-02   1.34368325e+06   5.76066911e-01   2.11770004e+02   1.85022317e-02   1.20628849e-01           27
sample_595.dat   9.50987339e-02   1.32321650e+06   5.76078773e-01   2.11770004e+02   2.41388027e-02   9.14890990e-02           29
sample_596.dat   9.30002779e-02   1.39143012e+06   5.76004028e-01   2.11770004e+02   1.80033688e-02   5.22207394e-02           30
sample_597.dat   9.62719992e-02   1.28358875e+06   5.75985014e-01   2.11770004e+02   1.71386190e-02   1.47505715e-01           29
sample_598.dat   9.24763903e-02   1.40604750e+06   5.76083004e-01   2.11770004e+02   1.88715607e-02   1.14650629e-01           27
sample_599.dat   9.51164290e-02   1.31924600e+06   5.75998545e-01   2.11770004e+02   2.11904161e-02   1.69092491e-01           29
sample_600.dat   9.66401473e-02   2.54468675e+06   5.76069474e-01   4.23540009e+02   1.77980773e-02   8.36137533e-02           28
sample_601.dat   9.40326080e-02   2.70292725e+06   5.76078773e-01   4.23540009e+02   2.00242791e-02   1.18233442e-01           30
sample_602.dat   9.39974859e-02   2.69641900e+06   5.76042354e-01   4.23540009e+02   2.11291667e-02   7.00056478e-02           24
sample_603.dat   9.25973356e-02   2.80448550e+06   5.76042354e-01   4.23540009e+02   1.88117530e-02   6.82452694e-02           29
sample_604.dat   9.43852067e-02   2.68119350e+06   5.76069474e-01   4.23540009e+02   1.84160993e-02   5.09896241e-02           27
sample_605.dat   9.31544527e-02   2.76871300e+06   5.76051533e-01   4.23540009e+02   2.06387527e-02   8.89674574e-02           30
sample_606.dat   9.37231556e-02   2.72901750e+06   5.76083004e-01   4.23540009e+02   1.95015837e-02   1.14527643e-01           28
sample_607.dat   9.39210057e-02   2.71494950e+06   5.76015413e-01   4.23540009e+02   2.06314307e-02   5.15503660e-02           27
sample_608.dat   9.39741209e-02   2.71350500e+06   5.76078773e-01   4.23540009e+02   1.91619154e-02   4.75778952e-02           29
sample_609.dat   9.41084251e-02   2.70932575e+06   5.76070786e-01   4.23540009e+02   1.98897608e-02   8.23542774e-02           29
sample_610.dat   9.71052498e-02   2.51122125e+06   5.76066911e-01   4.23540009e+02   1.65545791e-02   7.45014921e-02           29
sample_611.dat   9.36058983e-02   2.73222225e+06   5.76064944e-01   4.23540009e+02   1.94100998e-02   5.16427979e-02           27
sample_612.dat   9.49462205e-02   2.64669675e+06   5.76039612e-01   4.23540009e+02   2.08876263e-02   8.24799687e-02           26
sample_613.dat   9.28932503e-02   2.77916100e+06   5.76034009e-01   4.23540009e+02   2.17824504e-02   1.25038490e-01           25
sample_614.dat   9.31850001e-02   2.76099475e+06   5.76039195e-01   4.23540009e+02   1.80678479e-02   4.16475832e-02           29
sample_615.dat   9.53499973e-02   2.62015775e+06   5.76064944e-01   4.23540009e+02   1.60571765e-02   6.64310753e-02           27
sample_616.dat   9.58945453e-02   2.58445675e+06   5.76078773e-01   4.23540009e+02   2.23024879e-02   8.93549547e-02           28
sample_617.dat   9.38650295e-02   2.70828175e+06   5.76052010e-01   4.23540009e+02   1.84248183e-02   6.03542663e-02           27
sample_618.dat   9.31967720e-02   2.75332575e+06   5.76070786e-01   4.23540009e+02   1.88456029e-02   8.63792449e-02           26
sample_619.dat   9.44495350e-02   2.67629000e+06   5.76039195e-01   4.23540009e+02   2.01110840e-02   1.48166403e-01           28
sample_620.dat   9.55931097e-02   2.60560325e+06   5.75966179e-01   4.23540009e+02   1.89378224e-02   1.65735558e-01           30
sample_621.dat   9.33939219e-02   2.75100975e+06   5.76042354e-01   4.23540009e+02   1.74754914e-02   5.60016334e-02           29
sample_622.dat   9.58518237e-02   2.58506950e+06   5.76083004e-01   4.23540009e+02   1.86005551e-02   1.93571925e-01           27
sample_623.dat   9.63592976e-02   2.55889850e+06   5.76051533e-01   4.23540009e+02   1.93262007e-02   4.68100756e-02           30
sample_624.dat   9.29850116e-02   2.78121625e+06   5.75981915e-01   4.23540009e+02   1.84156690e-02   5.30861802e-02           28
sample_625.dat   9.55215096e-02   2.60970100e+06   5.76083004e-01   4.23540009e+02   1.71849094e-02   6.04298264e-02           30
sample_626.dat   9.39046144e-02   2.71878675e+06   5.76017559e-01   4.23540009e+02   2.00584177e-02   7.55381435e-02           28
sample_627.dat   9.59682241e-02   2.58948100e+06   5.76070786e-01   4.23540009e+02   1.90418903e-02   5.83722517e-02           29
sample_628.dat   9.55364332e-02   2.59758400e+06   5.76051533e-01   4.23540009e+02   2.04703603e-02   7.89015964e-02           26
sample_629.dat   9.45870727e-02   2.66844400e+06   5.76013207e-01   4.23540009e+02   2.09962316e-02   2.20778540e-01           28
sample_630.dat   9.58438367e-02   2.58923850e+06   5.76004028e-01   4.23540009e+02   1.85244940e-02   1.37639463e-01           30
sample_631.dat   9.50631872e-02   2.63661025e+06   5.76064944e-01   4.23540009e+02   1.95548683e-02   8.36634412e-02           28
sample_632.dat   9.36394930e-02   2.73507525e+06   5.76017559e-01   4.23540009e+02   2.05471274e-02   1.32514536e-01           30
sample_633.dat   9.30004939e-02   2.78194475e+06   5.76019108e-01   4.23540009e+02   1.88033674e-02   9.82296914e-02           29
sample_634.dat   9.42362100e-02   2.68754375e+06   5.76083004e-01   4.23540009e+02   1.91165004e-02   5.09597883e-02           26
sample_635.dat   9.59298611e-02   2.58313925e+06   5.76070786e-01   4.23540009e+02   1.72491334e-02   3.10429204e-02           27
sample_636.dat   9.36635360e-02   2.73583425e+06   5.76070786e-01   4.23540009e+02   2.04080027e-02   5.54897115e-02           26
sample_637.dat   9.46013182e-02   2.67038700e+06   5.76070786e-01   4.23540009e+02   2.15190854e-02   4.79246005e-02           28
sample_638.dat   9.35328975e-02   2.74207450e+06   5.76083004e-01   4.23540009e+02   2.31357962e-02   7.17244223e-02           30
sample_639.dat   9.40130949e-02   2.70543325e+06   5.76038122e-01   4.23540009e+02   1.95154510e-02   8.82027969e-02           28
sample_640.dat   9.27114934e-02   2.79603000e+06   5.76052010e-01   4.23540009e+02   1.96019206e-02   1.08534895e-01           29
sample_641.dat   9.15865824e-02   2.87545750e+06   5.76051533e-01   4.23540009e+02   2.06196494e-02   9.94181633e-02           30
sample_642.dat   9.39657688e-02   2.70537375e+06   5.76066911e-01   4.23540009e+02   2.10138354e-02   4.83575575e-02           25
sample_643.dat   9.34028476e-02   2.74314525e+06   5.76083004e-01   4.23540009e+02   2.09587403e-02   1.32438570e-01           27
sample_644.dat   9.46662053e-02   2.66789425e+06   5.76042354e-01   4.23540009e+02   1.95854437e-02   8.89445096e-02           30
sample_645.dat   9.41033438e-02   2.70018300e+06   5.76078773e-01   4.23540009e+02   1.86025184e-02   6.67128861e-02           28
sample_646.dat   9.32987779e-02   2.75976875e+06   5.76070786e-01   4.23540009e+02   1.81552693e-02   3.75501961e-02           29
sample_647.dat   9.79316086e-02   2.46144050e+06   5.76052010e-01   4.23540009e+02   2.18768902e-02   2.31741816e-01           29
sample_648.dat   9.36707556e-02   2.72680350e+06   5.76069474e-01   4.23540009e+02   2.02518702e-02   5.64206168e-02           27
sample_649.dat   9.46630910e-02   2.66644350e+06   5.76070786e-01   4.23540009e+02   2.16065478e-02   7.83563480e-02           28
sample_650.dat   9.57860798e-02   2.58553125e+06   5.76065540e-01   4.23540009e+02   1.85027085e-02   5.89507855e-02           27
sample_651.dat   9.44543630e-02   2.67481975e+06   5.76015413e-01   4.23540009e+02   1.87026393e-02   4.60361280e-02           28
sample_652.dat   9.60670561e-02   2.57051550e+06   5.76039612e-01   4.23540009e+02   1.98037252e-02   1.08439326e-01           28
sample_653.dat   9.25296396e-02   2.81312425e+06   5.76021075e-01   4.23540009e+02   2.06143353e-02   1.12299770e-01           29
sample_654.dat   9.33065936e-02   2.74836325e+06   5.76042354e-01   4.23540009e+02   2.04619654e-02   1.10282592e-01           26
sample_655.dat   9.53462273e-02   2.62411650e+06   5.76017559e-01   4.23540009e+02   1.77231412e-02   7.30941519e-02           25
sample_656.dat   9.55967307e-02   2.59558325e+06   5.76042354e-01   4.23540009e+02   1.93077866e-02   1.09059311e-01           28
sample_657.dat   9.42247957e-02   2.70349375e+06   5.75979829e-01   4.23540009e+02   2.04387959e-02   6.94983155e-02           29
sample_658.dat   9.39974263e-02   2.70546300e+06   5.76083004e-01   4.23540009e+02   2.08703317e-02   6.98019117e-02           27
sample_659.dat   9.43509042e-02   2.68649200e+06   5.76013207e-01   4.23540009e+02   1.91399418e-02   7.03164488e-02           26
sample_660.dat   9.48558152e-02   2.65356600e+06   5.76069474e-01   4.23540009e+02   2.00763680e-02   6.89555109e-02           27
sample_661.dat   9.32459533e-02   2.75839625e+06   5.76083004e-01   4.23540009e+02   1.84211042e-02   7.83061162e-02           27
sample_662.dat   9.69810784e-02   2.52097300e+06   5.76066911e-01   4.23540009e+02   1.86334085e-02   4.63857912e-02           29
sample_663.dat   9.15578604e-02   2.87742575e+06   5.76078773e-01   4.23540009e+02   1.88082643e-02   6.44040629e-02           27
sample_664.dat   9.56809521e-02   2.59175225e+06   5.76009095e-01   4.23540009e+02   1.98877398e-02   7.26039559e-02           28
sample_665.dat   9.16130543e-02   2.87828825e+06   5.76042354e-01   4.23540009e+02   1.85598545e-02   5.21913916e-02           27
sample_666.dat   9.28897113e-02   2.77736550e+06   5.76078773e-01   4.23540009e+02   2.00544130e-02   8.73568058e-02           27
sample_667.dat   9.41466019e-02   2.69174325e+06   5.76001287e-01   4.23540009e+02   1.77786294e-02   3.78136411e-02           27
sample_668.dat   9.25508440e-02   2.81570850e+06   5.76042354e-01   4.23540009e+02   1.66805740e-02   1.25110596e-01           30
sample_669.dat   9.41790491e-02   2.69236400e+06   5.76039195e-01   4.23540009e+02   1.93918590e-02   8.18704516e-02           26
sample_670.dat   9.42902490e-02   2.68616200e+06   5.76065540e-01   4.23540009e+02   2.36258376e-02   6.68110251e-02           27
sample_671.dat   9.41292718e-02   2.69057425e+06   5.76069474e-01   4.23540009e+02   2.02961508e-02   1.30621001e-01           27
sample_672.dat   9.85725969e-02   2.41981175e+06   5.76070786e-01   4.23540009e+02   1.85703430e-02   4.74412628e-02           27
sample_673.dat   9.41748247e-02   2.69183775e+06   5.76066911e-01   4.23540009e+02   1.87473036e-02   1.07396156e-01           27
sample_674.dat   9.52549651e-02   2.62525350e+06   5.76009095e-01   4.23540009e+02   1.79031938e-02   4.26310152e-02           29
sample_675.dat   9.21949148e-02   2.82847175e+06   5.76064944e-01   4.23540009e+02   1.88114811e-02   7.32369721e-02           27
sample_676.dat   9.32439268e-02   2.76566675e+06   5.76025128e-01   4.23540009e+02   1.95204467e-02   8.39594454e-02           29
sample_677.dat   9.24854279e-02   2.81301300e+06   5.76070786e-01   4.23540009e+02   1.87343769e-02   8.58536735e-02           27
sample_678.dat   9.18418765e-02   2.85393850e+06   5.76069474e-01   4.23540009e+02   1.83607880e-02   1.22091919e-01           26
sample_679.dat   9.35693756e-02   2.74017425e+06   5.76070786e-01   4.23540009e+02   1.90939829e-02   9.86225009e-02           28
sample_680.dat   9.37895775e-02   2.72599750e+06   5.76066911e-01   4.23540009e+02   2.03486867e-02   7.48847649e-02           29
sample_681.dat   9.75922346e-02   2.48974375e+06   5.76066911e-01   4.23540009e+02   1.84123777e-02   7.20602721e-02           30
sample_682.dat   9.31482315e-02   2.77521625e+06   5.76039195e-01   4.23540009e+02   1.94922592e-02   7.28118047e-02           30
sample_683.dat   9.49188247e-02   2.64664375e+06   5.76069474e-01   4.23540009e+02   1.71172842e-02   7.57907853e-02           27
sample_684.dat   9.26676393e-02   2.79012275e+06   5.76070786e-01   4.23540009e+02   1.87877566e-02   1.82161987e-01           26
sample_685.dat   9.39770117e-02   2.71095200e+06   5.76064944e-01   4.23540009e+02   1.64307728e-02   3.36086228e-02           29
sample_686.dat   9.51909944e-02   2.63152150e+06   5.76066911e-01   4.23540009e+02   1.82844140e-02   1.20598704e-01           27
sample_687.dat   9.46581513e-02   2.65895250e+06   5.76066911e-01   4.23540009e+02   1.94732770e-02   9.56235453e-02           26
sample_688.dat   9.45251659e-02   2.66611775e+06   5.76065540e-01   4.23540009e+02   2.02040188e-02   9.04591382e-02           26
sample_689.dat   9.57664773e-02   2.59002075e+06   5.76069474e-01   4.23540009e+02   1.99661423e-02   1.28063872e-01           27
sample_690.dat   9.45027918e-02   2.66378300e+06   5.76083004e-01   4.23540009e+02   1.97122972e-02   4.31803055e-02           24
sample_691.dat   9.20984820e-02   2.83681875e+06   5.76000452e-01   4.23540009e+02   1.91767495e-02   5.27083203e-02           27
sample_692.dat   9.35761705e-02   2.73423975e+06   5.76038122e-01   4.23540009e+02   1.76811889e-02   1.71104997e-01           27
sample_693.dat   9.64413881e-02   2.54756400e+06   5.76064944e-01   4.23540009e+02   1.96408387e-02   8.17726776e-02           29
sample_694.dat   9.57731381e-02   2.59677300e+06   5.76064944e-01   4.23540009e+02   1.86921712e-02   1.06360808e-01           29
sample_695.dat   9.50325876e-02   2.64136325e+06   5.76065540e-01   4.23540009e+02   1.84018295e-02   1.47976622e-01           30
sample_696.dat   9.39322263e-02   2.70743400e+06   5.76083004e-01   4.23540009e+02   1.91847887e-02   4.62857224e-02           28
sample_697.dat   9.32558775e-02   2.76135325e+06   5.76064944e-01   4.23540009e+02   1.89799201e-02   1.33857861e-01           29
sample_698.dat   9.38892588e-02   2.71369000e+06   5.76069474e-01   4.23540009e+02   2.02735551e-02   8.09793323e-02           27
sample_699.dat   9.33963880e-02   2.74055025e+06   5.76038122e-01   4.23540009e+02   2.08081827e-02   1.01604261e-01           26
