#ID, Rs, Dc, R200, Mvir, xoff, rho_rms, niter
000   8.59627649e-02   3.61797383e+04   5.87132692e-01   4.51100016e+00   3.02618444e-02   4.57684010e-01           26
001   8.20982978e-02   4.09337422e+04   5.88005781e-01   4.51100016e+00   1.53910015e-02   2.01984629e-01           24
002   8.80825147e-02   3.37802070e+04   5.87128818e-01   4.51100016e+00   2.66532991e-02   1.75625458e-01           20
003   1.17482990e-01   1.81196992e+04   5.84227383e-01   4.51100016e+00   6.45797923e-02   2.47259155e-01           26
004   1.10560477e-01   2.05811758e+04   5.84669650e-01   4.51100016e+00   3.63797173e-02   2.17920914e-01           26
005   7.92716295e-02   4.53514727e+04   5.73301017e-01   4.51100016e+00   1.92992948e-02   2.54348874e-01           25
006   6.55879527e-02   7.04587031e+04   5.84424198e-01   4.51100016e+00   3.51983309e-02   4.39332336e-01           23
007   1.03291892e-01   2.43839512e+04   5.87775767e-01   4.51100016e+00   3.08801103e-02   2.05546632e-01           27
008   1.06795512e-01   2.19196445e+04   5.85457087e-01   4.51100016e+00   3.62258814e-02   2.24605218e-01           26
009   6.45676032e-02   7.32497891e+04   5.87091684e-01   4.51100016e+00   3.44499946e-02   5.88454068e-01           24
010   8.33385959e-02   4.01735312e+04   5.79629660e-01   4.51100016e+00   6.68469742e-02   2.61938006e-01           28
011   7.95909092e-02   4.37093438e+04   5.88602424e-01   4.51100016e+00   2.39809398e-02   1.84463605e-01           27
012   7.39430487e-02   5.30316953e+04   5.77901423e-01   4.51100016e+00   2.13942248e-02   4.35912579e-01           25
013   8.34280029e-02   4.03754805e+04   5.88122606e-01   4.51100016e+00   2.82278433e-02   2.12886512e-01           27
014   7.44976848e-02   5.12502461e+04   5.85520744e-01   4.51100016e+00   2.13117432e-02   3.46486002e-01           23
015   9.07253474e-02   3.23864277e+04   5.87119460e-01   4.51100016e+00   1.90213397e-02   2.78044313e-01           26
016   8.64825398e-02   3.67310156e+04   5.82895339e-01   4.51100016e+00   5.06234877e-02   3.23261797e-01           23
017   8.28472525e-02   3.99903594e+04   5.85750818e-01   4.51100016e+00   2.43039895e-02   1.64880604e-01           26
018   8.56923237e-02   3.66140195e+04   5.86864829e-01   4.51100016e+00   3.24543417e-02   2.32179269e-01           28
019   6.51877075e-02   7.09562422e+04   5.84239602e-01   4.51100016e+00   2.53187716e-02   2.80201524e-01           25
020   9.34318900e-02   3.01006094e+04   5.87770283e-01   4.51100016e+00   3.66000496e-02   2.17600152e-01           23
021   8.82227421e-02   3.48790469e+04   5.86238623e-01   4.51100016e+00   8.36950447e-03   1.84576839e-01           25
022   1.04565948e-01   2.31407246e+04   5.88184476e-01   4.51100016e+00   2.95543149e-02   1.94674268e-01           26
023   6.04590289e-02   8.76085234e+04   5.87691009e-01   4.51100016e+00   2.41908673e-02   3.02226603e-01           24
024   8.48222598e-02   3.88240820e+04   5.87816715e-01   4.51100016e+00   5.49684986e-02   3.65128309e-01           30
025   1.15205601e-01   1.85382988e+04   5.85904777e-01   4.51100016e+00   2.72084046e-02   1.96874261e-01           23
026   1.01155221e-01   2.48399785e+04   5.87983668e-01   4.51100016e+00   3.89222465e-02   2.83403516e-01           25
027   6.46028444e-02   7.18146797e+04   5.86342573e-01   4.51100016e+00   2.52451003e-02   1.87768921e-01           22
028   8.28023702e-02   4.10176719e+04   5.87049544e-01   4.51100016e+00   2.12902743e-02   3.67560357e-01           26
029   8.61952230e-02   3.61234141e+04   5.86418569e-01   4.51100016e+00   5.64617198e-03   2.48050436e-01           23
030   8.33879337e-02   4.05459375e+04   5.88375688e-01   4.51100016e+00   1.08842412e-02   5.17605424e-01           23
031   9.74849537e-02   2.76671426e+04   5.88421702e-01   4.51100016e+00   2.42819991e-02   4.55181688e-01           22
032   8.08607861e-02   4.32136016e+04   5.73617935e-01   4.51100016e+00   2.28011087e-02   2.25161299e-01           23
033   1.04035616e-01   2.38789902e+04   5.88394463e-01   4.51100016e+00   8.85974430e-03   2.45016754e-01           26
034   1.01410009e-01   2.45631602e+04   5.86078465e-01   4.51100016e+00   4.02644798e-02   2.42506281e-01           25
035   8.70084167e-02   3.51296016e+04   5.86534798e-01   4.51100016e+00   2.49013100e-02   1.88554719e-01           24
036   8.01424906e-02   4.27400820e+04   5.78070939e-01   4.51100016e+00   3.77435423e-02   3.18918347e-01           25
037   8.32397118e-02   4.02004180e+04   5.86486459e-01   4.51100016e+00   1.08278226e-02   1.94951400e-01           25
038   7.26034641e-02   5.64858984e+04   5.85525215e-01   4.51100016e+00   5.03175668e-02   6.13629520e-01           24
039   9.42383632e-02   2.98279941e+04   5.88094056e-01   4.51100016e+00   8.75428598e-03   5.69903493e-01           23
040   1.05410852e-01   2.25427930e+04   5.87943196e-01   4.51100016e+00   4.36098501e-02   4.15468335e-01           27
041   9.51509401e-02   2.90378418e+04   5.88402092e-01   4.51100016e+00   2.21638512e-02   2.28760451e-01           23
042   1.18145719e-01   1.75735312e+04   5.88035107e-01   4.51100016e+00   5.39498329e-02   1.87051043e-01           27
043   9.55011398e-02   2.84326699e+04   5.87899864e-01   4.51100016e+00   4.88728955e-02   1.15280539e-01           25
044   8.64139795e-02   3.71313047e+04   5.86431146e-01   4.51100016e+00   1.48014566e-02   3.32487702e-01           26
045   1.04705475e-01   2.25542227e+04   5.87509215e-01   4.51100016e+00   3.62872183e-02   1.96334496e-01           26
046   9.77316350e-02   2.76346543e+04   5.88032901e-01   4.51100016e+00   3.83449905e-02   2.54827857e-01           24
047   7.96390399e-02   4.39585703e+04   5.87515652e-01   4.51100016e+00   1.83390789e-02   2.61601835e-01           28
048   9.66339111e-02   2.84935938e+04   5.79075456e-01   4.51100016e+00   3.34395431e-02   3.72780979e-01           28
049   8.58177915e-02   3.72659023e+04   5.87657332e-01   4.51100016e+00   3.58230732e-02   2.65612096e-01           27
050   7.62126446e-02   4.91673594e+04   5.86159527e-01   4.51100016e+00   3.86047103e-02   4.02187139e-01           24
051   8.82209614e-02   3.47921836e+04   5.86840987e-01   4.51100016e+00   3.86897884e-02   1.40600193e+00           22
052   9.07206684e-02   3.21106836e+04   5.87740600e-01   4.51100016e+00   2.34727077e-02   3.98921162e-01           27
053   8.15915465e-02   4.13960039e+04   5.88112950e-01   4.51100016e+00   3.14568207e-02   2.12437764e-01           27
054   8.80906582e-02   3.56782891e+04   5.83416998e-01   4.51100016e+00   3.10458578e-02   7.48808146e-01           25
055   1.13695666e-01   1.87072070e+04   5.87249041e-01   4.51100016e+00   3.45134549e-02   4.16603863e-01           22
056   9.59120020e-02   2.77494434e+04   5.86892664e-01   4.51100016e+00   1.46700628e-02   3.33066702e-01           21
057   6.88498020e-02   6.13386953e+04   5.86936772e-01   4.51100016e+00   1.52807627e-02   3.36534947e-01           26
058   7.67615587e-02   4.79100977e+04   5.81202745e-01   4.51100016e+00   2.72647478e-02   1.42011955e-01           24
059   8.25227648e-02   4.07765352e+04   5.87678194e-01   4.51100016e+00   2.83688679e-02   1.82062924e-01           24
060   7.46514276e-02   5.18643438e+04   5.87058842e-01   4.51100016e+00   1.73817780e-02   4.42204505e-01           27
061   9.68310833e-02   2.75385820e+04   5.87067783e-01   4.51100016e+00   3.86796705e-02   3.67660552e-01           26
062   7.32708350e-02   5.67381445e+04   5.87526083e-01   4.51100016e+00   2.47492753e-02   4.11441565e-01           23
063   1.14588924e-01   1.86036543e+04   5.87545872e-01   4.51100016e+00   2.22497135e-02   2.02252224e-01           26
064   7.85516724e-02   4.47545234e+04   5.88204920e-01   4.51100016e+00   1.45082958e-02   3.28928828e-01           24
065   9.26583260e-02   3.00099805e+04   5.88392794e-01   4.51100016e+00   3.63107771e-02   1.65802017e-01           24
066   9.20135081e-02   3.28994531e+04   5.81628978e-01   4.51100016e+00   2.60583088e-02   3.52778077e-01           25
067   1.10384800e-01   2.07602676e+04   5.84732473e-01   4.51100016e+00   2.09083688e-02   2.11328536e-01           26
068   1.00000121e-01   2.61918594e+04   5.87534487e-01   4.51100016e+00   3.47248651e-02   3.97208810e-01           25
069   9.68556777e-02   2.92103789e+04   5.87198913e-01   4.51100016e+00   2.37486642e-02   3.75456691e-01           27
070   1.06606625e-01   2.16911758e+04   5.87257802e-01   4.51100016e+00   4.10607532e-02   3.11629534e-01           25
071   8.62107575e-02   3.57656641e+04   5.87742031e-01   4.51100016e+00   1.98019613e-02   2.95042127e-01           24
072   1.13928556e-01   1.88592266e+04   5.84387422e-01   4.51100016e+00   1.25778867e-02   1.55442372e-01           26
073   7.70647526e-02   4.81678320e+04   5.88436663e-01   4.51100016e+00   3.81952003e-02   3.18902969e-01           23
074   1.14510283e-01   1.86845566e+04   5.86876869e-01   4.51100016e+00   1.61479153e-02   4.11781996e-01           27
075   1.02498822e-01   2.41970488e+04   5.85990965e-01   4.51100016e+00   2.23789681e-02   1.55022770e-01           21
076   1.02661721e-01   2.47925254e+04   5.83827674e-01   4.51100016e+00   3.64590064e-02   3.02023292e-01           26
077   1.02305204e-01   2.46522422e+04   5.88460088e-01   4.51100016e+00   2.58915406e-02   2.84230024e-01           25
078   8.06169957e-02   4.22897070e+04   5.87233484e-01   4.51100016e+00   2.59807073e-02   2.25122884e-01           29
079   6.77648932e-02   6.46242109e+04   5.88435531e-01   4.51100016e+00   3.52465063e-02   2.89220870e-01           21
080   8.34471136e-02   3.89442852e+04   5.84925354e-01   4.51100016e+00   3.30401063e-02   1.51050553e-01           25
081   8.49449784e-02   3.86269180e+04   5.88322520e-01   4.51100016e+00   5.30408025e-02   2.81137496e-01           25
082   1.04889371e-01   2.30368965e+04   5.88436663e-01   4.51100016e+00   4.49962355e-02   4.06115979e-01           26
083   9.61764529e-02   2.89888418e+04   5.88238657e-01   4.51100016e+00   3.35006267e-02   3.61648351e-01           26
084   8.57570544e-02   3.63777148e+04   5.86371839e-01   4.51100016e+00   4.59826514e-02   3.14520150e-01           24
085   6.90610334e-02   6.08053125e+04   5.88484347e-01   4.51100016e+00   1.92057788e-02   1.74113125e-01           25
086   9.00298879e-02   3.28565469e+04   5.87816715e-01   4.51100016e+00   6.07109442e-02   2.82083839e-01           23
087   1.03328221e-01   2.39576836e+04   5.88205576e-01   4.51100016e+00   3.19081694e-02   8.34998116e-02           24
088   8.22252482e-02   4.05418008e+04   5.86506009e-01   4.51100016e+00   3.06761023e-02   3.39624792e-01           25
089   8.62216651e-02   3.56043398e+04   5.83851755e-01   4.51100016e+00   3.03582773e-02   1.24667361e-01           21
090   1.08745016e-01   2.15469492e+04   5.85900605e-01   4.51100016e+00   3.01701277e-02   3.97068024e-01           25
091   1.07032530e-01   2.17111797e+04   5.87456584e-01   4.51100016e+00   3.38241011e-02   1.72073111e-01           28
092   7.64580145e-02   4.87931367e+04   5.88402987e-01   4.51100016e+00   2.99077407e-02   3.28202516e-01           25
093   1.15936257e-01   1.85855176e+04   5.87546825e-01   4.51100016e+00   2.01687757e-02   3.12808037e-01           27
094   9.17739868e-02   3.17958262e+04   5.85115492e-01   4.51100016e+00   5.03651015e-02   3.18655878e-01           24
095   7.72785842e-02   4.64171250e+04   5.87086856e-01   4.51100016e+00   3.85087579e-02   3.18165034e-01           25
096   8.59268606e-02   3.63915312e+04   5.87625206e-01   4.51100016e+00   3.61622572e-02   3.39563549e-01           23
097   9.90002751e-02   2.69419844e+04   5.88013947e-01   4.51100016e+00   2.96728276e-02   2.67496377e-01           24
098   1.17255934e-01   1.77384219e+04   5.85553586e-01   4.51100016e+00   2.92797647e-02   1.07634120e-01           28
099   8.80295187e-02   3.49131836e+04   5.86342573e-01   4.51100016e+00   2.60452256e-02   1.99776679e-01           28
100   1.21458732e-01   3.55703594e+04   5.86331248e-01   9.81500053e+00   1.42583186e-02   3.51136357e-01           28
101   1.00580320e-01   5.32589805e+04   5.85277021e-01   9.81500053e+00   1.62605122e-02   2.44341373e-01           26
102   9.41469893e-02   6.21613164e+04   5.88392794e-01   9.81500053e+00   2.39878967e-02   1.60568699e-01           24
103   1.06120303e-01   4.84445586e+04   5.84481359e-01   9.81500053e+00   2.82350313e-02   4.58577365e-01           28
104   9.03370604e-02   6.96482500e+04   5.86761713e-01   9.81500053e+00   2.23639030e-02   3.59669775e-01           24
105   1.12194188e-01   4.29446836e+04   5.88262856e-01   9.81500053e+00   2.21745744e-02   2.25419432e-01           29
106   8.86157975e-02   7.20273594e+04   5.86113155e-01   9.81500053e+00   1.88767184e-02   1.50279537e-01           22
107   9.96677876e-02   5.47600898e+04   5.88395953e-01   9.81500053e+00   1.73875540e-02   9.54871550e-02           27
108   9.55827981e-02   6.15345508e+04   5.87665558e-01   9.81500053e+00   1.71226133e-02   5.68960309e-01           27
109   8.72621834e-02   7.59661875e+04   5.88332951e-01   9.81500053e+00   1.79467406e-02   2.61509359e-01           25
110   9.48211327e-02   6.29869102e+04   5.87564349e-01   9.81500053e+00   2.81123370e-02   4.05115962e-01           30
111   1.12457745e-01   4.12737773e+04   5.87232113e-01   9.81500053e+00   1.73880104e-02   3.02579969e-01           25
112   9.04064849e-02   6.99519062e+04   5.88179469e-01   9.81500053e+00   1.94530562e-02   4.03448969e-01           28
113   1.00329585e-01   5.44084102e+04   5.86375117e-01   9.81500053e+00   3.62591259e-02   2.47000486e-01           23
114   1.14860773e-01   3.98095469e+04   5.88140130e-01   9.81500053e+00   2.98376027e-02   3.87803555e-01           22
115   9.68164355e-02   5.86041328e+04   5.87119460e-01   9.81500053e+00   2.41876468e-02   1.60513341e-01           25
116   1.09736376e-01   4.43069648e+04   5.87438822e-01   9.81500053e+00   1.09968232e-02   1.77227318e-01           29
117   1.30128235e-01   2.99607539e+04   5.87007880e-01   9.81500053e+00   2.64733918e-02   3.57538551e-01           24
118   1.16621546e-01   3.76042188e+04   5.87215781e-01   9.81500053e+00   5.89680858e-03   2.05028579e-01           22
119   9.95180309e-02   5.50669570e+04   5.87976038e-01   9.81500053e+00   2.28236616e-02   4.64202017e-01           25
120   1.22797646e-01   3.38140039e+04   5.86627245e-01   9.81500053e+00   8.58704466e-03   1.57135233e-01           27
121   1.01532236e-01   5.20256953e+04   5.88130891e-01   9.81500053e+00   1.19280154e-02   2.33617961e-01           29
122   9.42858458e-02   6.27292539e+04   5.85525215e-01   9.81500053e+00   2.43560933e-02   4.06618088e-01           23
123   9.33789015e-02   6.39302422e+04   5.87604880e-01   9.81500053e+00   1.95745882e-02   5.42608619e-01           26
124   1.16659082e-01   3.84109531e+04   5.88120937e-01   9.81500053e+00   3.81558053e-02   1.03621684e-01           25
125   9.51031968e-02   6.12229766e+04   5.88548601e-01   9.81500053e+00   1.49523076e-02   5.24119198e-01           23
126   1.27196342e-01   3.10222148e+04   5.87274909e-01   9.81500053e+00   1.22898472e-02   2.28051439e-01           23
127   1.03264235e-01   5.07087188e+04   5.87643147e-01   9.81500053e+00   3.65449600e-02   4.43613589e-01           26
128   1.09518014e-01   4.38994492e+04   5.88428259e-01   9.81500053e+00   8.82936362e-03   2.51626939e-01           26
129   9.82831717e-02   5.76983594e+04   5.87534487e-01   9.81500053e+00   8.90503917e-03   2.19097137e-01           27
130   8.34606513e-02   8.35559297e+04   5.88096201e-01   9.81500053e+00   1.53178433e-02   2.87101388e-01           26
131   9.69608948e-02   5.84292578e+04   5.86184919e-01   9.81500053e+00   1.46392537e-02   2.40606129e-01           22
132   1.12899542e-01   4.12720703e+04   5.87713718e-01   9.81500053e+00   3.34875807e-02   2.57289380e-01           27
133   9.10248905e-02   6.76050234e+04   5.88134408e-01   9.81500053e+00   2.72880308e-02   2.61408001e-01           25
134   8.49507377e-02   7.88483203e+04   5.88087678e-01   9.81500053e+00   1.97045989e-02   1.55054614e-01           24
135   1.45580173e-01   2.35549297e+04   5.87713718e-01   9.81500053e+00   3.34648192e-02   2.11139724e-01           24
136   1.08276337e-01   4.57603945e+04   5.87755740e-01   9.81500053e+00   1.33172488e-02   2.29174227e-01           22
137   9.24970955e-02   6.54532539e+04   5.87925315e-01   9.81500053e+00   2.29527149e-02   1.20639324e-01           27
138   1.21123917e-01   3.50850156e+04   5.87489009e-01   9.81500053e+00   1.85647849e-02   2.82343984e-01           26
139   1.11359313e-01   4.27299062e+04   5.86560428e-01   9.81500053e+00   2.64601912e-02   1.82142347e-01           25
140   1.23199217e-01   3.37937070e+04   5.88089943e-01   9.81500053e+00   2.23862994e-02   1.58982888e-01           26
141   1.19948015e-01   3.61025703e+04   5.87489009e-01   9.81500053e+00   4.68364218e-03   1.67421326e-01           26
142   1.03790268e-01   4.97003398e+04   5.88508844e-01   9.81500053e+00   2.29539964e-02   1.81206271e-01           24
143   1.17273971e-01   3.79534414e+04   5.87656558e-01   9.81500053e+00   3.54451574e-02   3.89062434e-01           26
144   1.07021809e-01   4.67457188e+04   5.88594019e-01   9.81500053e+00   2.79689375e-02   2.00654671e-01           29
145   1.20381504e-01   3.54756289e+04   5.88032246e-01   9.81500053e+00   2.49797292e-02   7.39551932e-02           26
146   1.01343296e-01   5.25237109e+04   5.86382151e-01   9.81500053e+00   1.99459065e-02   2.28598550e-01           24
147   9.35101584e-02   6.37294922e+04   5.86658061e-01   9.81500053e+00   4.04978916e-02   1.97497308e-01           25
148   7.99290389e-02   9.45735859e+04   5.88375688e-01   9.81500053e+00   1.07649807e-02   2.90024728e-01           28
149   1.02212533e-01   5.13904492e+04   5.87178946e-01   9.81500053e+00   7.73072988e-03   1.83846474e-01           26
150   8.85817707e-02   7.24154375e+04   5.85546494e-01   9.81500053e+00   2.99334712e-02   1.93438545e-01           24
151   9.72656906e-02   5.80656680e+04   5.88594019e-01   9.81500053e+00   2.48329099e-02   2.93445051e-01           28
152   1.07935578e-01   4.56135195e+04   5.88326395e-01   9.81500053e+00   2.36553252e-02   1.26559019e-01           29
153   8.99598151e-02   7.12052891e+04   5.86552024e-01   9.81500053e+00   1.02331275e-02   1.61569655e-01           29
154   1.15184970e-01   3.95736758e+04   5.86402714e-01   9.81500053e+00   2.46612746e-02   2.25262538e-01           28
155   8.65815654e-02   7.65161641e+04   5.87364018e-01   9.81500053e+00   2.13041883e-02   4.28593963e-01           24
156   9.11775231e-02   6.77133438e+04   5.85054636e-01   9.81500053e+00   1.79517642e-02   1.36090904e-01           26
157   1.23312287e-01   3.34586523e+04   5.88597775e-01   9.81500053e+00   3.36922593e-02   1.25096813e-01           27
158   9.97682139e-02   5.44740781e+04   5.88603079e-01   9.81500053e+00   3.70540991e-02   1.17537171e-01           26
159   9.39792991e-02   6.21469297e+04   5.87816954e-01   9.81500053e+00   2.23428793e-02   1.54786721e-01           24
160   1.18359104e-01   3.66199258e+04   5.88395953e-01   9.81500053e+00   3.40208970e-02   1.96725026e-01           27
161   9.85914692e-02   5.69064102e+04   5.88320374e-01   9.81500053e+00   1.10693080e-02   2.27367744e-01           28
162   1.06116027e-01   4.78856289e+04   5.87196529e-01   9.81500053e+00   1.72889419e-02   2.76848376e-01           25
163   9.09063369e-02   6.80340078e+04   5.88035107e-01   9.81500053e+00   1.94296557e-02   1.89997375e-01           27
164   1.14049867e-01   4.03289922e+04   5.87651372e-01   9.81500053e+00   2.76131257e-02   1.76268101e-01           29
165   1.08612768e-01   4.53781328e+04   5.88519454e-01   9.81500053e+00   1.54553298e-02   1.73727199e-01           27
166   1.12714946e-01   4.16175859e+04   5.88281870e-01   9.81500053e+00   1.50194084e-02   7.03990757e-01           25
167   1.00637361e-01   5.43987305e+04   5.87364674e-01   9.81500053e+00   2.21824013e-02   3.10623646e-01           26
168   1.14383362e-01   4.01800859e+04   5.88548839e-01   9.81500053e+00   1.79550201e-02   1.53880984e-01           30
169   1.10524900e-01   4.35051719e+04   5.87160051e-01   9.81500053e+00   2.43440494e-02   1.99443176e-01           28
170   1.11241393e-01   4.31480664e+04   5.87874174e-01   9.81500053e+00   1.90695636e-02   3.50091398e-01           28
171   8.27257484e-02   8.53121719e+04   5.88392794e-01   9.81500053e+00   8.82673729e-03   2.32917622e-01           28
172   8.97873715e-02   7.01450547e+04   5.86237729e-01   9.81500053e+00   1.07479794e-02   1.86589107e-01           27
173   1.15583375e-01   3.90689219e+04   5.86866260e-01   9.81500053e+00   9.15776566e-03   1.11473411e-01           25
174   1.10260867e-01   4.45534102e+04   5.88332951e-01   9.81500053e+00   2.30472814e-02   2.35188931e-01           28
175   9.79991406e-02   5.70250312e+04   5.88289678e-01   9.81500053e+00   2.51858383e-02   3.02871108e-01           25
176   8.91402587e-02   7.22253203e+04   5.88532984e-01   9.81500053e+00   2.86000334e-02   3.00453395e-01           26
177   1.03500128e-01   5.11608711e+04   5.85931242e-01   9.81500053e+00   1.65695678e-02   1.93613261e-01           29
178   1.04987398e-01   4.85657422e+04   5.88078260e-01   9.81500053e+00   9.14466660e-03   3.24282289e-01           25
179   1.14078574e-01   3.95718320e+04   5.87944329e-01   9.81500053e+00   1.74110867e-02   2.45121539e-01           25
180   1.08173780e-01   4.54936914e+04   5.88463664e-01   9.81500053e+00   2.60921828e-02   1.67092144e-01           27
181   1.04514986e-01   5.00760469e+04   5.86239696e-01   9.81500053e+00   2.17353199e-02   1.03998378e-01           27
182   1.04192473e-01   4.93329102e+04   5.88462353e-01   9.81500053e+00   3.12490091e-02   3.62094760e-01           26
183   8.64902437e-02   7.68258359e+04   5.88121295e-01   9.81500053e+00   2.73857843e-02   3.54442328e-01           24
184   1.08785547e-01   4.46993203e+04   5.88292599e-01   9.81500053e+00   2.58006547e-02   1.84946790e-01           24
185   9.38365310e-02   6.24141875e+04   5.87160051e-01   9.81500053e+00   1.80908758e-02   9.33390081e-01           24
186   9.96602103e-02   5.60631641e+04   5.88238657e-01   9.81500053e+00   1.23026073e-02   1.91554472e-01           27
187   1.14878245e-01   3.95515508e+04   5.85718334e-01   9.81500053e+00   2.55763698e-02   1.97918072e-01           24
188   8.97950009e-02   7.01156719e+04   5.87989569e-01   9.81500053e+00   4.33781110e-02   1.88144505e-01           29
189   1.17932372e-01   3.76653984e+04   5.88050544e-01   9.81500053e+00   6.86694961e-03   2.23640114e-01           23
190   1.08419165e-01   4.55528398e+04   5.86890996e-01   9.81500053e+00   1.58328731e-02   2.29933649e-01           28
191   1.12339392e-01   4.18857266e+04   5.83667338e-01   9.81500053e+00   2.69972868e-02   1.50669470e-01           28
192   8.88468847e-02   7.07761562e+04   5.87026238e-01   9.81500053e+00   2.73575466e-02   1.60631910e-01           27
193   1.09871328e-01   4.42412109e+04   5.85765541e-01   9.81500053e+00   2.92695481e-02   1.88910946e-01           28
194   8.33145380e-02   8.48038750e+04   5.88512838e-01   9.81500053e+00   2.03531645e-02   2.29046643e-01           26
195   1.15307465e-01   4.03428477e+04   5.87972939e-01   9.81500053e+00   4.04443182e-02   1.90303981e-01           25
196   1.09134272e-01   4.49399062e+04   5.88010132e-01   9.81500053e+00   2.89819110e-02   1.72999278e-01           28
197   8.79459381e-02   7.53598906e+04   5.87940097e-01   9.81500053e+00   2.03281995e-02   2.46047765e-01           28
198   1.09688811e-01   4.42363672e+04   5.88458598e-01   9.81500053e+00   1.22881318e-02   1.10991351e-01           27
199   9.70503613e-02   5.88271797e+04   5.88542819e-01   9.81500053e+00   2.87396051e-02   4.09345418e-01           27
200   1.02907352e-01   1.08195680e+05   5.87212265e-01   2.10080013e+01   2.71281227e-02   1.26437470e-01           29
201   1.02983139e-01   1.08301820e+05   5.88606954e-01   2.10080013e+01   1.49734532e-02   1.10779375e-01           29
202   1.13971010e-01   8.46431875e+04   5.87923825e-01   2.10080013e+01   1.27453674e-02   1.11648172e-01           27
203   1.17618315e-01   7.90693594e+04   5.88611782e-01   2.10080013e+01   1.96504667e-02   2.05954641e-01           28
204   1.00402966e-01   1.13503766e+05   5.88002443e-01   2.10080013e+01   1.86571218e-02   2.95814097e-01           26
205   1.10754639e-01   9.09189453e+04   5.87944329e-01   2.10080013e+01   1.78302582e-02   3.81753236e-01           27
206   9.38857719e-02   1.33145391e+05   5.88435531e-01   2.10080013e+01   1.73251163e-02   1.48225248e-01           25
207   1.04645036e-01   1.04386453e+05   5.88500619e-01   2.10080013e+01   3.60262915e-02   7.62133300e-02           26
208   1.07621655e-01   9.80090000e+04   5.87912977e-01   2.10080013e+01   1.63954180e-02   1.81444988e-01           26
209   1.01964086e-01   1.10425617e+05   5.87725937e-01   2.10080013e+01   1.29065206e-02   2.55065471e-01           28
210   9.39846113e-02   1.32336156e+05   5.88545859e-01   2.10080013e+01   3.41293029e-02   6.06952608e-01           25
211   1.19890094e-01   7.51456016e+04   5.88394463e-01   2.10080013e+01   1.69317406e-02   1.00574471e-01           25
212   9.79111493e-02   1.21880000e+05   5.88402987e-01   2.10080013e+01   1.97509658e-02   1.26598671e-01           30
213   1.02018341e-01   1.10980336e+05   5.87816715e-01   2.10080013e+01   2.17828434e-02   1.35050103e-01           28
214   1.21060431e-01   7.38922500e+04   5.88275552e-01   2.10080013e+01   6.23681629e-03   1.01209737e-01           28
215   1.18587315e-01   7.77067422e+04   5.88361084e-01   2.10080013e+01   2.10689306e-02   1.26016945e-01           25
216   1.04423746e-01   1.04294828e+05   5.88602424e-01   2.10080013e+01   1.20967971e-02   7.73183182e-02           24
217   9.76598188e-02   1.21270312e+05   5.88353038e-01   2.10080013e+01   6.45905454e-03   7.28021204e-01           26
218   1.15557119e-01   8.27690547e+04   5.87899864e-01   2.10080013e+01   1.66976973e-02   9.93253067e-02           24
219   1.15742862e-01   8.24167578e+04   5.88205397e-01   2.10080013e+01   1.53131578e-02   1.03259638e-01           30
220   1.03583716e-01   1.05656414e+05   5.88333964e-01   2.10080013e+01   6.47806050e-03   2.34391883e-01           27
221   1.14894390e-01   8.34560781e+04   5.88447511e-01   2.10080013e+01   1.62029490e-02   2.11089477e-01           29
222   1.18032232e-01   7.89034375e+04   5.87669969e-01   2.10080013e+01   2.28709057e-02   2.75646955e-01           28
223   1.24479666e-01   6.95091250e+04   5.88147342e-01   2.10080013e+01   1.69021022e-02   2.07955539e-01           24
224   1.16155401e-01   8.16712188e+04   5.87165177e-01   2.10080013e+01   1.71401855e-02   1.89669654e-01           28
225   1.16341613e-01   8.08435469e+04   5.88335812e-01   2.10080013e+01   2.90193800e-02   2.52073228e-01           28
226   1.08409174e-01   9.55556172e+04   5.88293970e-01   2.10080013e+01   2.04749163e-02   1.23212643e-01           28
227   8.86063948e-02   1.52321891e+05   5.87951958e-01   2.10080013e+01   1.48552721e-02   2.34438971e-01           24
228   1.05615042e-01   1.01715531e+05   5.87762535e-01   2.10080013e+01   1.27922846e-02   9.98635590e-02           24
229   1.19685903e-01   7.59324688e+04   5.88447273e-01   2.10080013e+01   1.47958184e-02   2.32815400e-01           30
230   1.10811733e-01   9.08301250e+04   5.88435531e-01   2.10080013e+01   1.99875589e-02   3.19325268e-01           28
231   9.55131128e-02   1.27929594e+05   5.87816954e-01   2.10080013e+01   6.94113504e-03   8.47160965e-02           26
232   1.08755387e-01   9.49381406e+04   5.86670876e-01   2.10080013e+01   1.22444965e-02   5.01292467e-01           24
233   1.08422630e-01   9.55053906e+04   5.88355780e-01   2.10080013e+01   1.69245098e-02   2.57827729e-01           27
234   1.02020867e-01   1.11287406e+05   5.88578880e-01   2.10080013e+01   1.91993713e-02   1.26507103e-01           30
235   9.96112376e-02   1.16590703e+05   5.88175237e-01   2.10080013e+01   1.55852428e-02   8.38348567e-02           26
236   1.19566768e-01   7.71166484e+04   5.87741077e-01   2.10080013e+01   2.14795172e-02   2.18796223e-01           30
237   1.14338577e-01   8.46416562e+04   5.88381112e-01   2.10080013e+01   2.14322042e-02   1.93341181e-01           27
238   9.36056226e-02   1.34856328e+05   5.88435531e-01   2.10080013e+01   1.46877468e-02   1.33934528e-01           27
239   1.15146235e-01   8.40708281e+04   5.87741077e-01   2.10080013e+01   2.14299634e-02   1.22867242e-01           27
240   1.14798121e-01   8.40037891e+04   5.88177919e-01   2.10080013e+01   1.35390013e-02   1.45629838e-01           27
241   1.12316281e-01   8.79941562e+04   5.87867320e-01   2.10080013e+01   1.50623042e-02   2.64450669e-01           26
242   1.09063581e-01   9.39112188e+04   5.88447511e-01   2.10080013e+01   1.57573465e-02   1.60224557e-01           28
243   1.02719635e-01   1.07903562e+05   5.88209331e-01   2.10080013e+01   2.32745390e-02   5.58889031e-01           26
244   1.11041158e-01   9.06221641e+04   5.87225020e-01   2.10080013e+01   1.71442293e-02   1.28195256e-01           27
245   1.04289316e-01   1.04227789e+05   5.87034047e-01   2.10080013e+01   1.92492902e-02   1.12497270e-01           27
246   1.04345888e-01   1.04206938e+05   5.88289678e-01   2.10080013e+01   2.13068891e-02   1.76254839e-01           29
247   9.39927325e-02   1.31932797e+05   5.88526964e-01   2.10080013e+01   2.77651548e-02   2.39267796e-01           26
248   1.14747472e-01   8.40631562e+04   5.87944329e-01   2.10080013e+01   1.97670348e-02   3.44980866e-01           27
249   1.16026275e-01   8.17953984e+04   5.88202119e-01   2.10080013e+01   2.68968586e-02   5.31533249e-02           25
250   9.95755345e-02   1.17387031e+05   5.87233484e-01   2.10080013e+01   1.23817688e-02   1.40246376e-01           28
251   1.03532292e-01   1.07019914e+05   5.88387072e-01   2.10080013e+01   2.37496700e-02   1.83122814e-01           29
252   1.06953792e-01   9.88726641e+04   5.88578880e-01   2.10080013e+01   1.74342189e-02   1.16545722e-01           29
253   1.03306077e-01   1.08025969e+05   5.88333905e-01   2.10080013e+01   1.45187341e-02   1.83538333e-01           30
254   1.23611636e-01   7.10455312e+04   5.87022781e-01   2.10080013e+01   2.32660752e-02   1.81822911e-01           29
255   1.01952642e-01   1.10130070e+05   5.86809456e-01   2.10080013e+01   2.65761930e-02   2.41328567e-01           28
256   1.11157820e-01   8.97955859e+04   5.88394940e-01   2.10080013e+01   1.34673631e-02   1.32943258e-01           26
257   9.45997983e-02   1.30012391e+05   5.88532984e-01   2.10080013e+01   2.51953844e-02   1.23617776e-01           27
258   1.07654758e-01   9.63950078e+04   5.88422894e-01   2.10080013e+01   3.44430469e-02   1.16453119e-01           24
259   9.20034721e-02   1.39270219e+05   5.88121295e-01   2.10080013e+01   2.02250835e-02   2.63754755e-01           25
260   1.10248506e-01   9.21890469e+04   5.88585496e-01   2.10080013e+01   1.73586812e-02   1.13395430e-01           29
261   1.05400980e-01   1.02127086e+05   5.88177919e-01   2.10080013e+01   3.11295129e-02   1.61795348e-01           25
262   9.65160206e-02   1.25084141e+05   5.88392794e-01   2.10080013e+01   3.08136623e-02   1.72520727e-01           25
263   1.10808812e-01   9.08092266e+04   5.88602424e-01   2.10080013e+01   2.05245577e-02   1.38454244e-01           22
264   1.06669135e-01   9.90269922e+04   5.88269532e-01   2.10080013e+01   1.41901225e-02   2.53926247e-01           25
265   1.03177860e-01   1.06617031e+05   5.88409841e-01   2.10080013e+01   1.78883802e-02   8.72539431e-02           25
266   1.03741467e-01   1.05479109e+05   5.88548839e-01   2.10080013e+01   1.64826605e-02   1.65751278e-01           26
267   1.09848678e-01   9.28749297e+04   5.87770939e-01   2.10080013e+01   6.77268906e-03   2.35723421e-01           27
268   8.62392485e-02   1.63316766e+05   5.88433683e-01   2.10080013e+01   1.99800152e-02   1.61125958e-01           27
269   1.18395373e-01   7.76635547e+04   5.88259697e-01   2.10080013e+01   2.94822529e-02   2.69912601e-01           26
270   1.09060712e-01   9.40544844e+04   5.88392854e-01   2.10080013e+01   1.72129329e-02   1.71364188e-01           27
271   1.07076928e-01   9.87599453e+04   5.88402092e-01   2.10080013e+01   2.75876205e-02   7.58881345e-02           25
272   9.70073864e-02   1.23455172e+05   5.88214040e-01   2.10080013e+01   1.69532560e-02   2.28961065e-01           28
273   1.02402411e-01   1.09825547e+05   5.87233901e-01   2.10080013e+01   5.00248885e-03   1.96325034e-01           29
274   9.67553556e-02   1.24399273e+05   5.88058531e-01   2.10080013e+01   2.21158750e-02   8.81939009e-02           27
275   9.16371867e-02   1.41903594e+05   5.88209331e-01   2.10080013e+01   1.49356816e-02   2.61349320e-01           29
276   1.02008700e-01   1.11116852e+05   5.86882889e-01   2.10080013e+01   1.49079375e-02   1.17821120e-01           29
277   1.07982397e-01   9.71253438e+04   5.88311255e-01   2.10080013e+01   1.31730568e-02   1.67085707e-01           27
278   9.92183909e-02   1.18086523e+05   5.88060439e-01   2.10080013e+01   1.74141601e-02   4.18287486e-01           28
279   1.17715202e-01   7.94045781e+04   5.88096201e-01   2.10080013e+01   1.48879793e-02   1.27222836e-01           28
280   1.06814586e-01   9.85636250e+04   5.87992251e-01   2.10080013e+01   3.14740427e-02   2.94927150e-01           25
281   9.67823640e-02   1.23663586e+05   5.87243378e-01   2.10080013e+01   3.20299044e-02   8.70245025e-02           27
282   1.01107448e-01   1.13274656e+05   5.88602424e-01   2.10080013e+01   1.00765210e-02   1.27353162e-01           28
283   9.41018686e-02   1.33117984e+05   5.88530302e-01   2.10080013e+01   8.98407307e-03   2.24505305e-01           27
284   9.93908420e-02   1.18317797e+05   5.86365759e-01   2.10080013e+01   1.73659083e-02   2.57955164e-01           29
285   1.03089161e-01   1.06168438e+05   5.88479877e-01   2.10080013e+01   2.39783376e-02   2.51858771e-01           28
286   1.13400571e-01   8.55877031e+04   5.87950945e-01   2.10080013e+01   2.05049533e-02   1.03911340e-01           25
287   1.03108995e-01   1.06857016e+05   5.88463664e-01   2.10080013e+01   3.05359941e-02   9.19313505e-02           26
288   1.00460552e-01   1.13636836e+05   5.87178588e-01   2.10080013e+01   1.51987271e-02   1.18159212e-01           24
289   1.08745620e-01   9.63729688e+04   5.87546825e-01   2.10080013e+01   1.49050560e-02   8.53456035e-02           29
290   1.06503323e-01   9.88572031e+04   5.88381112e-01   2.10080013e+01   5.77038899e-03   3.83091539e-01           24
291   9.23660025e-02   1.40263688e+05   5.87172925e-01   2.10080013e+01   1.33165335e-02   1.29265517e-01           30
292   1.04235291e-01   1.03924531e+05   5.88435531e-01   2.10080013e+01   1.89001132e-02   3.19415867e-01           27
293   1.19995676e-01   7.53582656e+04   5.88376999e-01   2.10080013e+01   1.28356665e-02   1.41603619e-01           26
294   9.61447358e-02   1.26597328e+05   5.88150918e-01   2.10080013e+01   2.29733717e-02   1.37224048e-01           28
295   1.01626426e-01   1.10828578e+05   5.88260114e-01   2.10080013e+01   1.98220834e-02   2.65536159e-01           26
296   9.36160758e-02   1.33364547e+05   5.88204920e-01   2.10080013e+01   1.56941786e-02   1.51419088e-01           26
297   1.11391492e-01   8.94960391e+04   5.87172925e-01   2.10080013e+01   1.32494401e-02   1.57712296e-01           26
298   8.58345181e-02   1.66172219e+05   5.88479877e-01   2.10080013e+01   3.31228897e-02   1.77190259e-01           25
299   1.10923998e-01   9.07386953e+04   5.88460088e-01   2.10080013e+01   1.84771884e-02   2.07630947e-01           24
300   1.01283565e-01   2.39088609e+05   5.88603079e-01   4.51749992e+01   1.60579346e-02   2.36396343e-01           27
301   1.05191901e-01   2.19733500e+05   5.88402987e-01   4.51749992e+01   1.63380038e-02   1.65336564e-01           28
302   1.04594439e-01   2.21686844e+05   5.88512838e-01   4.51749992e+01   1.20024225e-02   7.21044466e-02           27
303   1.02637820e-01   2.31333078e+05   5.88532984e-01   4.51749992e+01   1.62596256e-02   1.96024418e-01           25
304   9.98680145e-02   2.46269453e+05   5.88562012e-01   4.51749992e+01   2.68071815e-02   5.90958893e-02           28
305   1.08679146e-01   2.04127406e+05   5.88603079e-01   4.51749992e+01   1.70440432e-02   1.04533851e-01           28
306   1.05702415e-01   2.15882375e+05   5.88221729e-01   4.51749992e+01   2.28927191e-02   1.45402282e-01           24
307   1.02866761e-01   2.30976516e+05   5.88441730e-01   4.51749992e+01   1.41488547e-02   1.53083071e-01           29
308   1.11551210e-01   1.91425344e+05   5.88586092e-01   4.51749992e+01   1.39778815e-02   6.28891960e-02           30
309   1.04209855e-01   2.23818797e+05   5.88326395e-01   4.51749992e+01   2.40487102e-02   1.38122901e-01           28
310   1.05618380e-01   2.19146156e+05   5.88238657e-01   4.51749992e+01   2.24119946e-02   2.23831907e-01           28
311   1.13312639e-01   1.83578359e+05   5.88421702e-01   4.51749992e+01   1.86295733e-02   1.11319162e-01           27
312   1.07893519e-01   2.06910594e+05   5.88551223e-01   4.51749992e+01   1.33227445e-02   1.23348065e-01           29
313   1.09922439e-01   1.98361672e+05   5.86947501e-01   4.51749992e+01   1.27505688e-02   1.63111076e-01           28
314   1.11121662e-01   1.91358953e+05   5.87607563e-01   4.51749992e+01   1.24594755e-02   1.95709467e-01           24
315   9.64867249e-02   2.66260500e+05   5.88420093e-01   4.51749992e+01   1.42775597e-02   3.36684436e-01           26
316   1.00430302e-01   2.41876531e+05   5.88184476e-01   4.51749992e+01   9.88697726e-03   6.25808164e-02           25
317   1.08435191e-01   2.02686922e+05   5.88603735e-01   4.51749992e+01   1.49645414e-02   1.41029105e-01           27
318   1.04320399e-01   2.24355516e+05   5.88562608e-01   4.51749992e+01   2.02512108e-02   1.03957608e-01           28
319   1.09287247e-01   2.01357000e+05   5.88436663e-01   4.51749992e+01   2.12599281e-02   9.88662094e-02           28
320   1.17167689e-01   1.70950969e+05   5.88405490e-01   4.51749992e+01   1.84828732e-02   1.91515580e-01           24
321   1.05597302e-01   2.15838016e+05   5.88420570e-01   4.51749992e+01   1.84937157e-02   1.90932453e-01           29
322   1.15646623e-01   1.75638984e+05   5.88344634e-01   4.51749992e+01   1.95840970e-02   8.96762460e-02           29
323   1.04734682e-01   2.20908484e+05   5.88454306e-01   4.51749992e+01   1.94034688e-02   1.65681526e-01           29
324   1.06057070e-01   2.13517000e+05   5.88508248e-01   4.51749992e+01   1.92754976e-02   1.74837485e-01           28
325   1.06459484e-01   2.13052906e+05   5.88519454e-01   4.51749992e+01   1.42332120e-02   1.26973450e-01           29
326   1.03677273e-01   2.26727125e+05   5.88385046e-01   4.51749992e+01   1.57252681e-02   2.38323152e-01           27
327   1.09176867e-01   2.02291734e+05   5.88562608e-01   4.51749992e+01   1.93542708e-02   1.24308988e-01           29
328   1.13897860e-01   1.81987203e+05   5.88483095e-01   4.51749992e+01   1.87545344e-02   5.53429388e-02           22
329   1.19451217e-01   1.64855078e+05   5.88150918e-01   4.51749992e+01   8.85638874e-03   1.02519549e-01           30
330   1.03103153e-01   2.31901250e+05   5.88578880e-01   4.51749992e+01   1.50862224e-02   1.15618102e-01           30
331   1.04523696e-01   2.21215891e+05   5.88562012e-01   4.51749992e+01   2.15563178e-02   3.55243355e-01           29
332   1.06216535e-01   2.14343578e+05   5.88496804e-01   4.51749992e+01   2.54276134e-02   9.53377858e-02           28
333   1.06860593e-01   2.10563656e+05   5.88121593e-01   4.51749992e+01   1.46911666e-02   9.01593640e-02           27
334   1.04950450e-01   2.18877422e+05   5.88247240e-01   4.51749992e+01   2.25065760e-02   2.00823516e-01           26
335   1.06545933e-01   2.12783672e+05   5.88344634e-01   4.51749992e+01   1.08176507e-02   1.24692805e-01           27
336   1.05296589e-01   2.17821156e+05   5.88420630e-01   4.51749992e+01   1.08478861e-02   2.58522689e-01           29
337   1.11189730e-01   1.93792234e+05   5.88544846e-01   4.51749992e+01   8.59968364e-03   7.54923746e-02           29
338   1.05771422e-01   2.12963266e+05   5.88582337e-01   4.51749992e+01   1.67827029e-02   1.16385221e-01           24
339   1.06477909e-01   2.10714625e+05   5.88458598e-01   4.51749992e+01   1.79171506e-02   4.07984436e-01           25
340   1.09859549e-01   1.98286641e+05   5.88492155e-01   4.51749992e+01   1.42275151e-02   9.50190872e-02           30
341   1.07674405e-01   2.07716062e+05   5.88469803e-01   4.51749992e+01   1.19142653e-02   2.09802285e-01           28
342   1.14793867e-01   1.79004547e+05   5.87699056e-01   4.51749992e+01   1.98255945e-02   1.19543247e-01           27
343   1.15570255e-01   1.76980047e+05   5.88528335e-01   4.51749992e+01   1.53100984e-02   1.47273511e-01           30
344   1.04757272e-01   2.22840438e+05   5.88282526e-01   4.51749992e+01   1.94666870e-02   1.73956081e-01           30
345   1.08229376e-01   2.04267828e+05   5.88578880e-01   4.51749992e+01   1.34259127e-02   8.59848857e-02           28
346   1.10719711e-01   1.95471172e+05   5.88512838e-01   4.51749992e+01   1.84709895e-02   7.93990046e-02           29
347   1.15572922e-01   1.77030891e+05   5.88532984e-01   4.51749992e+01   2.32531521e-02   7.25213289e-02           28
348   1.02491133e-01   2.32143641e+05   5.88281751e-01   4.51749992e+01   1.96320768e-02   1.06374077e-01           27
349   1.04486026e-01   2.21656391e+05   5.88532984e-01   4.51749992e+01   1.40348617e-02   4.30521786e-01           25
350   1.19874433e-01   1.61700000e+05   5.88192523e-01   4.51749992e+01   1.73726752e-02   1.91213265e-01           27
351   1.09109558e-01   2.01924891e+05   5.88322520e-01   4.51749992e+01   1.66019853e-02   7.89970085e-02           30
352   1.07740879e-01   2.07425828e+05   5.88493526e-01   4.51749992e+01   2.47101206e-02   1.62052765e-01           29
353   1.11994877e-01   1.89373422e+05   5.88488638e-01   4.51749992e+01   1.02699539e-02   1.84508592e-01           27
354   1.08393237e-01   2.02395156e+05   5.88545859e-01   4.51749992e+01   1.52398953e-02   1.78016290e-01           24
355   1.01731144e-01   2.35454000e+05   5.88496804e-01   4.51749992e+01   1.40646165e-02   1.21955924e-01           26
356   1.07757226e-01   2.07347812e+05   5.88460088e-01   4.51749992e+01   1.81202348e-02   1.09002158e-01           30
357   1.05992593e-01   2.14073922e+05   5.88582456e-01   4.51749992e+01   1.20237051e-02   2.44739681e-01           28
358   1.14877164e-01   1.76909719e+05   5.88562608e-01   4.51749992e+01   1.89823620e-02   1.64261580e-01           24
359   1.04965486e-01   2.20913953e+05   5.88596821e-01   4.51749992e+01   2.05059331e-02   8.79732892e-02           27
360   1.17404126e-01   1.70615625e+05   5.88493526e-01   4.51749992e+01   1.05556538e-02   6.64037690e-02           25
361   1.11880049e-01   1.91055000e+05   5.88484347e-01   4.51749992e+01   9.02027544e-03   1.27010912e-01           29
362   1.11974902e-01   1.90269422e+05   5.88392556e-01   4.51749992e+01   1.17325066e-02   2.11182937e-01           29
363   9.95788053e-02   2.48620797e+05   5.88602424e-01   4.51749992e+01   1.19478637e-02   1.76976159e-01           28
364   1.04840845e-01   2.20729219e+05   5.88445187e-01   4.51749992e+01   1.48999011e-02   1.94691956e-01           25
365   1.00891978e-01   2.42152000e+05   5.88606954e-01   4.51749992e+01   1.19892834e-02   1.56954855e-01           27
366   1.01174928e-01   2.38130906e+05   5.88191092e-01   4.51749992e+01   2.09400859e-02   1.24201432e-01           25
367   1.10829286e-01   1.92084094e+05   5.88603735e-01   4.51749992e+01   1.86885409e-02   1.55306548e-01           25
368   1.04658231e-01   2.21352641e+05   5.88594019e-01   4.51749992e+01   1.04263015e-02   8.64966959e-02           27
369   1.05453096e-01   2.18732203e+05   5.88436663e-01   4.51749992e+01   1.12380451e-02   9.88904983e-02           29
370   1.07746124e-01   2.06946094e+05   5.88460088e-01   4.51749992e+01   1.34065086e-02   8.49098712e-02           28
371   1.00381017e-01   2.44724953e+05   5.88202119e-01   4.51749992e+01   2.21695919e-02   1.16930090e-01           30
372   1.09282337e-01   2.01503000e+05   5.88611782e-01   4.51749992e+01   1.66050643e-02   2.92787611e-01           28
373   1.11221075e-01   1.93830719e+05   5.88545859e-01   4.51749992e+01   1.72029845e-02   1.16779327e-01           30
374   1.13504156e-01   1.84234609e+05   5.88542819e-01   4.51749992e+01   1.92517433e-02   2.10352272e-01           30
375   1.10009879e-01   1.96427234e+05   5.88582337e-01   4.51749992e+01   1.00483848e-02   2.53226548e-01           25
376   1.09061837e-01   2.00945922e+05   5.88528335e-01   4.51749992e+01   1.83830950e-02   2.23987430e-01           26
377   1.06179126e-01   2.14164188e+05   5.88431239e-01   4.51749992e+01   2.02291030e-02   1.33388713e-01           27
378   9.97482464e-02   2.49667547e+05   5.88328779e-01   4.51749992e+01   1.83072593e-02   1.19616456e-01           30
379   1.14248611e-01   1.80989469e+05   5.88576257e-01   4.51749992e+01   1.25218220e-02   1.74917534e-01           29
380   1.03827804e-01   2.25568469e+05   5.88333905e-01   4.51749992e+01   1.52379349e-02   3.99352044e-01           29
381   1.10471003e-01   1.95180109e+05   5.87937772e-01   4.51749992e+01   1.85481962e-02   2.05612034e-01           29
382   1.01755857e-01   2.35547641e+05   5.88155210e-01   4.51749992e+01   7.56360451e-03   6.45615697e-01           24
383   1.12541080e-01   1.87671500e+05   5.88596821e-01   4.51749992e+01   1.42461797e-02   1.57044604e-01           27
384   1.15608856e-01   1.74869922e+05   5.88176489e-01   4.51749992e+01   1.73263066e-02   1.17115982e-01           26
385   1.04293585e-01   2.21892484e+05   5.88454306e-01   4.51749992e+01   2.12618224e-02   1.25641569e-01           26
386   9.40354913e-02   2.84711281e+05   5.88191092e-01   4.51749992e+01   9.19600390e-03   1.37264416e-01           29
387   1.05154008e-01   2.18710438e+05   5.88355780e-01   4.51749992e+01   1.18714329e-02   2.09283948e-01           25
388   1.04831584e-01   2.21313000e+05   5.88205397e-01   4.51749992e+01   1.06722685e-02   1.35222986e-01           27
389   1.13182880e-01   1.84398922e+05   5.88586450e-01   4.51749992e+01   1.98575072e-02   1.25332087e-01           26
390   1.05928950e-01   2.14509500e+05   5.88269532e-01   4.51749992e+01   1.58072226e-02   1.19685531e-01           26
391   1.02436237e-01   2.33011344e+05   5.88421702e-01   4.51749992e+01   1.54496310e-02   6.36462420e-02           26
392   9.18750912e-02   2.99647781e+05   5.88435531e-01   4.51749992e+01   1.09934276e-02   8.61688256e-02           28
393   1.02722012e-01   2.30574844e+05   5.88548601e-01   4.51749992e+01   6.11737696e-03   8.15679580e-02           25
394   1.04096659e-01   2.26147828e+05   5.88193059e-01   4.51749992e+01   9.59928613e-03   2.65239269e-01           26
395   1.08444631e-01   2.03972609e+05   5.88085294e-01   4.51749992e+01   1.83505658e-02   1.14160590e-01           28
396   1.04785830e-01   2.20733375e+05   5.88431239e-01   4.51749992e+01   2.51472238e-02   7.99247101e-02           27
397   1.04547270e-01   2.21477016e+05   5.88328779e-01   4.51749992e+01   2.38369424e-02   8.28942433e-02           27
398   1.12400278e-01   1.88026250e+05   5.88024318e-01   4.51749992e+01   1.40934847e-02   5.08385599e-02           27
399   1.11177497e-01   1.92177078e+05   5.88602424e-01   4.51749992e+01   1.76069271e-02   2.11178780e-01           29
400   1.03938311e-01   5.00161500e+05   5.88484347e-01   1.00386002e+02   1.26834363e-02   4.69237939e-02           29
401   1.03360280e-01   5.05526844e+05   5.88551223e-01   1.00386002e+02   9.30661708e-03   1.37724280e-01           29
402   1.11053854e-01   4.26822469e+05   5.88548601e-01   1.00386002e+02   1.73716489e-02   1.37491792e-01           28
403   1.04487292e-01   4.90816062e+05   5.88463783e-01   1.00386002e+02   1.81349516e-02   1.77959800e-01           28
404   1.04792394e-01   4.89282375e+05   5.88502765e-01   1.00386002e+02   1.05059789e-02   1.25899017e-01           29
405   1.06303208e-01   4.71706312e+05   5.88545859e-01   1.00386002e+02   1.39597962e-02   1.02436841e-01           28
406   1.11714050e-01   4.18221938e+05   5.88470876e-01   1.00386002e+02   1.49130952e-02   2.06062734e-01           26
407   1.11089960e-01   4.25492594e+05   5.88603735e-01   1.00386002e+02   1.75680872e-02   5.26982620e-02           26
408   1.07658066e-01   4.59949031e+05   5.88519454e-01   1.00386002e+02   1.35944877e-02   6.86479583e-02           28
409   1.09453022e-01   4.39948688e+05   5.88441849e-01   1.00386002e+02   1.87746901e-02   2.16938019e-01           27
410   1.02938220e-01   5.08578344e+05   5.88551223e-01   1.00386002e+02   1.47684142e-02   7.55729228e-02           27
411   1.05749942e-01   4.78795969e+05   5.88390827e-01   1.00386002e+02   1.44605255e-02   1.27529278e-01           28
412   1.02710634e-01   5.09823469e+05   5.88261306e-01   1.00386002e+02   1.82905644e-02   1.34894416e-01           25
413   1.07539453e-01   4.60993969e+05   5.88345289e-01   1.00386002e+02   1.16167143e-02   6.40001670e-02           29
414   1.07978128e-01   4.57325031e+05   5.88585496e-01   1.00386002e+02   1.42794475e-02   7.97241852e-02           30
415   1.01345062e-01   5.26822625e+05   5.88597775e-01   1.00386002e+02   1.53936092e-02   1.79137141e-01           28
416   1.06786288e-01   4.65044500e+05   5.88510871e-01   1.00386002e+02   2.23094765e-02   8.74847025e-02           23
417   1.06155798e-01   4.72891188e+05   5.88542819e-01   1.00386002e+02   1.11802882e-02   1.13038048e-01           29
418   1.02682829e-01   5.11586062e+05   5.88603735e-01   1.00386002e+02   1.14681860e-02   1.72428116e-01           27
419   1.04284994e-01   4.94418969e+05   5.88252187e-01   1.00386002e+02   1.16368150e-02   9.65181664e-02           29
420   1.06745198e-01   4.68927281e+05   5.88420093e-01   1.00386002e+02   1.22670243e-02   5.38332462e-02           28
421   1.02893651e-01   5.08516375e+05   5.88484347e-01   1.00386002e+02   1.17974412e-02   8.59338418e-02           26
422   1.07206129e-01   4.62460719e+05   5.88526964e-01   1.00386002e+02   1.27346935e-02   1.33582100e-01           27
423   1.09683737e-01   4.37548125e+05   5.88281870e-01   1.00386002e+02   2.03567334e-02   3.14348668e-01           26
424   1.01331383e-01   5.27985000e+05   5.88586450e-01   1.00386002e+02   1.85624231e-02   6.71446621e-02           28
425   1.07635841e-01   4.58845844e+05   5.88603079e-01   1.00386002e+02   1.77342892e-02   1.44264579e-01           25
426   1.02556378e-01   5.12211281e+05   5.88402092e-01   1.00386002e+02   1.69260912e-02   1.64352000e-01           29
427   1.10909216e-01   4.26316156e+05   5.88602424e-01   1.00386002e+02   1.39724761e-02   3.73748615e-02           23
428   1.10740803e-01   4.30145594e+05   5.88392794e-01   1.00386002e+02   2.21684948e-02   5.00567444e-02           28
429   1.09785929e-01   4.39171656e+05   5.88528335e-01   1.00386002e+02   1.41569851e-02   2.57696033e-01           26
430   1.05814748e-01   4.76360219e+05   5.88530302e-01   1.00386002e+02   5.76878013e-03   5.94393462e-02           27
431   1.09962657e-01   4.35406875e+05   5.88603079e-01   1.00386002e+02   1.63388513e-02   9.56496298e-02           25
432   1.07938565e-01   4.57581500e+05   5.88462353e-01   1.00386002e+02   1.02911536e-02   5.96452542e-02           28
433   1.08255044e-01   4.52830719e+05   5.88436663e-01   1.00386002e+02   1.22471945e-02   1.30393073e-01           28
434   1.08157322e-01   4.54688312e+05   5.88562608e-01   1.00386002e+02   1.70790814e-02   2.39088327e-01           28
435   1.08185776e-01   4.52349094e+05   5.88582456e-01   1.00386002e+02   1.49123333e-02   8.63620564e-02           26
436   1.06691569e-01   4.70446188e+05   5.88586092e-01   1.00386002e+02   1.71862952e-02   1.11286767e-01           28
437   1.03772350e-01   5.01314969e+05   5.88492155e-01   1.00386002e+02   1.77565999e-02   1.99484825e-01           30
438   1.10671908e-01   4.29339594e+05   5.88332951e-01   1.00386002e+02   5.24518685e-03   3.59232813e-01           25
439   1.11220762e-01   4.24941531e+05   5.88113964e-01   1.00386002e+02   1.41241010e-02   8.45288262e-02           27
440   1.08930714e-01   4.43980781e+05   5.88470876e-01   1.00386002e+02   1.04253395e-02   2.81217337e-01           26
441   1.02115326e-01   5.15763656e+05   5.88375688e-01   1.00386002e+02   1.94204953e-02   1.58990070e-01           27
442   1.03682771e-01   4.98951281e+05   5.88596821e-01   1.00386002e+02   1.50343338e-02   2.30023086e-01           26
443   1.00496672e-01   5.35920812e+05   5.88502705e-01   1.00386002e+02   1.65243577e-02   1.31113768e-01           24
444   1.09043524e-01   4.45469344e+05   5.88392854e-01   1.00386002e+02   1.36285089e-02   1.24616936e-01           30
445   1.05817445e-01   4.77455312e+05   5.88586450e-01   1.00386002e+02   1.46122510e-02   6.55393600e-02           28
446   1.10378206e-01   4.29214000e+05   5.88551223e-01   1.00386002e+02   9.44656972e-03   7.28779882e-02           23
447   1.09899342e-01   4.40288531e+05   5.88496804e-01   1.00386002e+02   1.16525786e-02   1.53743118e-01           28
448   1.05688311e-01   4.79535469e+05   5.88374197e-01   1.00386002e+02   1.49070043e-02   1.48554325e-01           28
449   1.01693377e-01   5.25592812e+05   5.88519454e-01   1.00386002e+02   1.51137300e-02   1.09215438e-01           28
450   1.10060342e-01   4.35423469e+05   5.88484347e-01   1.00386002e+02   1.95158217e-02   2.06239268e-01           28
451   1.11141637e-01   4.25170500e+05   5.88495135e-01   1.00386002e+02   1.43457325e-02   4.13017035e-01           27
452   1.07739598e-01   4.59386312e+05   5.88548601e-01   1.00386002e+02   1.12649482e-02   1.81010216e-01           28
453   1.13124758e-01   4.07724312e+05   5.88274598e-01   1.00386002e+02   7.47693470e-03   1.34626836e-01           27
454   1.08680509e-01   4.51000844e+05   5.88479877e-01   1.00386002e+02   1.74390227e-02   7.00127408e-02           28
455   1.11318752e-01   4.26457094e+05   5.88447273e-01   1.00386002e+02   1.77795906e-02   5.52091040e-02           30
456   1.07377484e-01   4.63496250e+05   5.88578880e-01   1.00386002e+02   2.23079193e-02   1.07645065e-01           29
457   1.07324287e-01   4.62254281e+05   5.88431656e-01   1.00386002e+02   1.11580845e-02   8.61620605e-02           30
458   1.05079077e-01   4.84968125e+05   5.88528335e-01   1.00386002e+02   1.82331614e-02   8.50682557e-02           29
459   1.07678063e-01   4.59116281e+05   5.88236332e-01   1.00386002e+02   1.87976658e-02   1.96977928e-01           26
460   1.13977201e-01   4.03416625e+05   5.88419676e-01   1.00386002e+02   1.13598062e-02   1.43557057e-01           29
461   1.08144708e-01   4.54573062e+05   5.88387072e-01   1.00386002e+02   1.61685254e-02   1.09440766e-01           26
462   1.07854180e-01   4.55532594e+05   5.88602424e-01   1.00386002e+02   1.75886452e-02   1.37112647e-01           29
463   1.05459265e-01   4.80896719e+05   5.88596821e-01   1.00386002e+02   1.34953652e-02   6.38834387e-02           27
464   1.02157809e-01   5.17905062e+05   5.88385046e-01   1.00386002e+02   1.30110076e-02   1.21163897e-01           29
465   1.02120750e-01   5.19423094e+05   5.88562608e-01   1.00386002e+02   1.53063023e-02   6.22834787e-02           28
466   1.11627772e-01   4.20317625e+05   5.88578880e-01   1.00386002e+02   1.66379623e-02   9.27070007e-02           28
467   1.09850623e-01   4.35771531e+05   5.88545859e-01   1.00386002e+02   1.78558473e-02   5.08526087e-01           26
468   1.13853939e-01   4.01902719e+05   5.88413119e-01   1.00386002e+02   1.40775749e-02   3.89044061e-02           27
469   1.12731203e-01   4.12750438e+05   5.88361084e-01   1.00386002e+02   1.80928204e-02   1.39829755e-01           29
470   1.09905936e-01   4.37292469e+05   5.88597775e-01   1.00386002e+02   2.01540757e-02   6.22866005e-02           26
471   1.04818702e-01   4.89912062e+05   5.88284969e-01   1.00386002e+02   2.38987226e-02   1.15241118e-01           30
472   1.04625985e-01   4.91211250e+05   5.88455498e-01   1.00386002e+02   1.76933594e-02   6.99818060e-02           28
473   1.11017384e-01   4.29171594e+05   5.88562608e-01   1.00386002e+02   1.53990760e-02   1.08008727e-01           30
474   1.03439234e-01   5.03321812e+05   5.88435531e-01   1.00386002e+02   1.35009792e-02   7.96205923e-02           27
475   1.08232938e-01   4.48871000e+05   5.88597775e-01   1.00386002e+02   1.72627997e-02   2.09078211e-02           22
476   1.07922390e-01   4.54925281e+05   5.88594019e-01   1.00386002e+02   1.28060598e-02   7.44273141e-02           29
477   1.08716786e-01   4.47256750e+05   5.88563621e-01   1.00386002e+02   1.50773730e-02   2.09761068e-01           30
478   1.10071421e-01   4.36999875e+05   5.88602424e-01   1.00386002e+02   1.83829088e-02   9.30803865e-02           27
479   1.05331585e-01   4.82126969e+05   5.88436663e-01   1.00386002e+02   1.49039607e-02   1.26497969e-01           27
480   1.08109348e-01   4.54289781e+05   5.88475823e-01   1.00386002e+02   1.78614706e-02   2.38742694e-01           30
481   1.09436348e-01   4.40799875e+05   5.88344634e-01   1.00386002e+02   1.94579083e-02   1.57735854e-01           28
482   1.05216593e-01   4.82275938e+05   5.88395953e-01   1.00386002e+02   1.06528485e-02   1.07516252e-01           26
483   1.07040346e-01   4.60674406e+05   5.88479877e-01   1.00386002e+02   1.56650674e-02   7.42894709e-02           22
484   1.01244114e-01   5.28798188e+05   5.88576257e-01   1.00386002e+02   1.72227081e-02   1.07859187e-01           28
485   1.06206879e-01   4.75658688e+05   5.88502705e-01   1.00386002e+02   1.17300740e-02   1.18421443e-01           30
486   1.09429866e-01   4.41677062e+05   5.88602424e-01   1.00386002e+02   2.24137977e-02   1.06071867e-01           29
487   1.09090641e-01   4.46391125e+05   5.88479877e-01   1.00386002e+02   1.28788706e-02   6.65062815e-02           28
488   1.06202558e-01   4.74030344e+05   5.88488638e-01   1.00386002e+02   1.32496227e-02   4.40917946e-02           28
489   1.14841402e-01   3.95126656e+05   5.88611782e-01   1.00386002e+02   1.39601259e-02   1.78110406e-01           28
490   1.08937636e-01   4.47294500e+05   5.88611782e-01   1.00386002e+02   1.83651615e-02   5.09990379e-02           27
491   1.08873554e-01   4.45297938e+05   5.88532984e-01   1.00386002e+02   1.21021708e-02   1.19170114e-01           25
492   1.06570050e-01   4.70406688e+05   5.88526964e-01   1.00386002e+02   1.65152159e-02   1.78313404e-01           30
493   1.10587150e-01   4.30653375e+05   5.88447511e-01   1.00386002e+02   1.57087632e-02   1.30664602e-01           27
494   1.07154019e-01   4.61713656e+05   5.88528335e-01   1.00386002e+02   1.00574587e-02   5.98883070e-02           25
495   1.12523206e-01   4.14933781e+05   5.88512838e-01   1.00386002e+02   1.52128749e-02   7.29391724e-02           29
496   1.10400826e-01   4.32888312e+05   5.88606954e-01   1.00386002e+02   1.12706153e-02   6.36033192e-02           28
497   1.08673558e-01   4.48257562e+05   5.88495135e-01   1.00386002e+02   1.69216152e-02   1.50334954e-01           27
498   1.08212925e-01   4.52051375e+05   5.88447511e-01   1.00386002e+02   1.23024751e-02   1.25292450e-01           25
499   1.07188389e-01   4.63873344e+05   5.88355780e-01   1.00386002e+02   8.20430648e-03   1.22455508e-01           27
500   1.09545410e-01   9.88573312e+05   5.88597775e-01   2.25888000e+02   1.03004696e-02   4.79195826e-02           30
501   1.07771352e-01   1.02841356e+06   5.88585496e-01   2.25888000e+02   1.42480601e-02   6.69296831e-02           26
502   1.03955798e-01   1.11205038e+06   5.88495135e-01   2.25888000e+02   1.48503240e-02   1.74947917e-01           27
503   1.08325601e-01   1.01702275e+06   5.88604450e-01   2.25888000e+02   1.54108386e-02   5.85979111e-02           29
504   1.10030167e-01   9.76665500e+05   5.88526964e-01   2.25888000e+02   1.34980492e-02   1.18208006e-01           26
505   1.06941603e-01   1.04924950e+06   5.88500619e-01   2.25888000e+02   1.50419204e-02   6.34481609e-02           30
506   1.07545748e-01   1.03350150e+06   5.88562608e-01   2.25888000e+02   1.72286071e-02   6.44691512e-02           30
507   1.07223064e-01   1.03623619e+06   5.88562012e-01   2.25888000e+02   1.36082107e-02   7.88232833e-02           27
508   1.09205253e-01   9.95115250e+05   5.88611782e-01   2.25888000e+02   7.97073636e-03   2.47920584e-02           25
509   1.12518840e-01   9.30953625e+05   5.88548601e-01   2.25888000e+02   1.19949803e-02   9.42497402e-02           29
510   1.10331714e-01   9.74861750e+05   5.88602424e-01   2.25888000e+02   1.11846244e-02   1.39373869e-01           29
511   1.09253079e-01   9.97420438e+05   5.88586092e-01   2.25888000e+02   1.66466907e-02   7.10483417e-02           29
512   1.09231256e-01   9.97705562e+05   5.88594019e-01   2.25888000e+02   1.04595348e-02   6.92985356e-02           29
513   1.11027546e-01   9.59948875e+05   5.88470876e-01   2.25888000e+02   1.72895119e-02   1.34037688e-01           29
514   1.05880558e-01   1.06172962e+06   5.88602424e-01   2.25888000e+02   1.68163702e-02   2.47856632e-01           26
515   1.04307950e-01   1.10226538e+06   5.88447273e-01   2.25888000e+02   1.41851949e-02   9.97381806e-02           25
516   1.05809942e-01   1.07240775e+06   5.88582456e-01   2.25888000e+02   1.35307135e-02   7.28910193e-02           29
517   1.05816670e-01   1.06763075e+06   5.88441849e-01   2.25888000e+02   1.30659062e-02   1.36909947e-01           26
518   1.05829179e-01   1.07246362e+06   5.88606954e-01   2.25888000e+02   1.49629042e-02   1.41052783e-01           27
519   1.06407605e-01   1.06030438e+06   5.88475823e-01   2.25888000e+02   9.28286836e-03   1.26974970e-01           30
520   1.05975002e-01   1.07032362e+06   5.88495135e-01   2.25888000e+02   1.83813088e-02   4.79298718e-02           28
521   1.07337326e-01   1.03679069e+06   5.88582456e-01   2.25888000e+02   1.33402171e-02   9.63832289e-02           28
522   1.08043619e-01   1.02220000e+06   5.88562012e-01   2.25888000e+02   1.43732801e-02   8.61852989e-02           29
523   1.09921321e-01   9.81111938e+05   5.88562012e-01   2.25888000e+02   1.60743762e-02   1.53198808e-01           29
524   1.05513670e-01   1.08224325e+06   5.88578880e-01   2.25888000e+02   1.40616959e-02   8.25701728e-02           30
525   1.06329367e-01   1.05870825e+06   5.88596821e-01   2.25888000e+02   1.67165715e-02   1.49979621e-01           26
526   1.07315660e-01   1.03966538e+06   5.88493526e-01   2.25888000e+02   1.82063803e-02   9.26652104e-02           28
527   1.10070720e-01   9.68772750e+05   5.88528335e-01   2.25888000e+02   1.65977143e-02   5.97907007e-02           23
528   1.03923626e-01   1.11873138e+06   5.88597775e-01   2.25888000e+02   1.13041261e-02   7.91744366e-02           28
529   1.08765595e-01   1.00898406e+06   5.88586450e-01   2.25888000e+02   1.35987671e-02   5.29502369e-02           28
530   1.13162078e-01   9.20527500e+05   5.88586450e-01   2.25888000e+02   1.32673625e-02   6.64916933e-02           29
531   1.09545678e-01   9.87429875e+05   5.88582337e-01   2.25888000e+02   1.30680855e-02   1.30801126e-01           27
532   1.08101495e-01   1.01906038e+06   5.88551223e-01   2.25888000e+02   1.38433399e-02   2.10418552e-01           29
533   1.05221272e-01   1.08328125e+06   5.88597775e-01   2.25888000e+02   1.21311396e-02   1.98633075e-01           27
534   1.05098315e-01   1.09176712e+06   5.88597775e-01   2.25888000e+02   1.35240527e-02   8.09211284e-02           26
535   1.05797067e-01   1.07132750e+06   5.88586450e-01   2.25888000e+02   1.37751382e-02   1.20449848e-01           29
536   1.08728871e-01   1.00945319e+06   5.88578880e-01   2.25888000e+02   1.44446846e-02   8.64671320e-02           29
537   1.08693428e-01   1.00423119e+06   5.88491321e-01   2.25888000e+02   1.50219500e-02   9.88460556e-02           27
538   1.04905620e-01   1.09196112e+06   5.88510871e-01   2.25888000e+02   1.48578323e-02   4.85944301e-02           27
539   1.04915127e-01   1.08685075e+06   5.88502705e-01   2.25888000e+02   1.27084376e-02   1.49411321e-01           27
540   1.12464987e-01   9.30763938e+05   5.88602424e-01   2.25888000e+02   1.58680417e-02   1.05685495e-01           28
541   1.04397207e-01   1.10524738e+06   5.88530302e-01   2.25888000e+02   1.62021015e-02   1.45440906e-01           27
542   1.06005013e-01   1.07100375e+06   5.88596821e-01   2.25888000e+02   9.23334528e-03   1.34370044e-01           29
543   1.05417646e-01   1.08120975e+06   5.88576257e-01   2.25888000e+02   1.48535101e-02   7.89987445e-02           28
544   1.08189136e-01   1.02065212e+06   5.88603735e-01   2.25888000e+02   1.48264598e-02   5.71102649e-02           29
545   1.09471738e-01   9.87559062e+05   5.88586450e-01   2.25888000e+02   1.71122439e-02   8.65170881e-02           28
546   1.12454318e-01   9.31522438e+05   5.88603079e-01   2.25888000e+02   1.29088880e-02   6.09927289e-02           28
547   1.05708994e-01   1.07350675e+06   5.88551223e-01   2.25888000e+02   1.52033949e-02   1.03991359e-01           27
548   1.06340058e-01   1.05940900e+06   5.88578880e-01   2.25888000e+02   1.76217072e-02   7.02391267e-02           29
549   1.10861510e-01   9.58758375e+05   5.88548839e-01   2.25888000e+02   1.52124371e-02   1.11497089e-01           28
550   1.07475385e-01   1.03467838e+06   5.88611782e-01   2.25888000e+02   1.24257617e-02   1.87223211e-01           28
551   1.09660730e-01   9.91135688e+05   5.88441849e-01   2.25888000e+02   1.01479990e-02   1.26331910e-01           28
552   1.07596956e-01   1.02967738e+06   5.88548601e-01   2.25888000e+02   1.42807318e-02   3.88371870e-02           27
553   1.05983794e-01   1.06273425e+06   5.88551223e-01   2.25888000e+02   1.47001827e-02   1.02061279e-01           26
554   1.08958043e-01   9.98656625e+05   5.88606954e-01   2.25888000e+02   1.66268479e-02   8.59679058e-02           26
555   1.09164946e-01   9.89896125e+05   5.88586450e-01   2.25888000e+02   1.59948468e-02   1.55097380e-01           25
556   1.07082903e-01   1.04516962e+06   5.88606954e-01   2.25888000e+02   1.04307672e-02   8.90701041e-02           30
557   1.06814012e-01   1.04678194e+06   5.88603079e-01   2.25888000e+02   1.64850857e-02   6.03823625e-02           28
558   1.06534906e-01   1.05382812e+06   5.88606954e-01   2.25888000e+02   1.63304172e-02   5.50017282e-02           27
559   1.07014395e-01   1.04374262e+06   5.88562012e-01   2.25888000e+02   1.22006359e-02   1.06231317e-01           28
560   1.08381443e-01   1.01453275e+06   5.88596821e-01   2.25888000e+02   1.76116228e-02   8.51096138e-02           29
561   1.08181424e-01   1.01779081e+06   5.88493526e-01   2.25888000e+02   1.33477524e-02   9.89529043e-02           28
562   1.07632741e-01   1.02810006e+06   5.88395953e-01   2.25888000e+02   1.45110199e-02   8.88682082e-02           27
563   1.04459785e-01   1.10573562e+06   5.88582456e-01   2.25888000e+02   1.29384045e-02   7.29414523e-02           30
564   1.08093500e-01   1.01912475e+06   5.88562608e-01   2.25888000e+02   1.92180723e-02   9.38577875e-02           30
565   1.09974161e-01   9.79831688e+05   5.88602424e-01   2.25888000e+02   1.28740305e-02   7.83360451e-02           28
566   1.07390337e-01   1.02983969e+06   5.88484347e-01   2.25888000e+02   1.46905938e-02   1.73712671e-01           24
567   1.04029901e-01   1.11695688e+06   5.88576257e-01   2.25888000e+02   1.39181903e-02   5.66444732e-02           29
568   1.06079713e-01   1.06084375e+06   5.88606954e-01   2.25888000e+02   1.99518334e-02   1.84932128e-01           27
569   1.06934465e-01   1.04180381e+06   5.88585496e-01   2.25888000e+02   1.41087081e-02   1.42942980e-01           27
570   1.05593860e-01   1.07670662e+06   5.88582337e-01   2.25888000e+02   1.54562388e-02   7.38555938e-02           29
571   1.08594105e-01   1.00793131e+06   5.88611782e-01   2.25888000e+02   1.78047363e-02   1.30706593e-01           27
572   1.14884861e-01   8.86305062e+05   5.88585496e-01   2.25888000e+02   1.56072918e-02   1.37137190e-01           28
573   1.11719862e-01   9.46508312e+05   5.88606954e-01   2.25888000e+02   1.61815863e-02   1.37424052e-01           28
574   1.09508254e-01   9.91560688e+05   5.88500619e-01   2.25888000e+02   1.35056889e-02   4.39593121e-02           29
575   1.07284196e-01   1.03738944e+06   5.88447511e-01   2.25888000e+02   1.70810465e-02   1.25012934e-01           26
576   1.07995570e-01   1.02316038e+06   5.88596821e-01   2.25888000e+02   1.50887482e-02   1.05898283e-01           29
577   1.05885223e-01   1.07515088e+06   5.88576257e-01   2.25888000e+02   1.48537699e-02   9.79176909e-02           30
578   1.04353666e-01   1.10046025e+06   5.88545859e-01   2.25888000e+02   1.72526054e-02   1.46235183e-01           26
579   1.10300571e-01   9.71214688e+05   5.88508248e-01   2.25888000e+02   1.65587924e-02   1.54842958e-01           25
580   1.09168746e-01   9.97907500e+05   5.88603735e-01   2.25888000e+02   1.06925583e-02   7.67021999e-02           29
581   1.05841130e-01   1.06891750e+06   5.88542819e-01   2.25888000e+02   1.40770739e-02   1.61214620e-01           26
582   1.06960751e-01   1.04336906e+06   5.88512838e-01   2.25888000e+02   1.27338888e-02   2.93334108e-02           26
583   1.04074836e-01   1.11414375e+06   5.88488638e-01   2.25888000e+02   1.23862559e-02   1.43021375e-01           26
584   1.09419294e-01   9.93857875e+05   5.88582337e-01   2.25888000e+02   1.71584692e-02   1.30454317e-01           29
585   1.07921675e-01   1.02458975e+06   5.88606954e-01   2.25888000e+02   8.60560779e-03   4.10416983e-02           27
586   1.04617886e-01   1.10103350e+06   5.88582456e-01   2.25888000e+02   1.36282304e-02   5.96723892e-02           28
587   1.05552383e-01   1.06454938e+06   5.88576257e-01   2.25888000e+02   1.34821618e-02   1.08074617e+00           21
588   1.03879981e-01   1.11786738e+06   5.88603079e-01   2.25888000e+02   1.25060352e-02   4.18003313e-02           27
589   1.03320226e-01   1.12851988e+06   5.88604450e-01   2.25888000e+02   1.20773297e-02   2.78763562e-01           28
590   1.12166576e-01   9.38254188e+05   5.88496804e-01   2.25888000e+02   1.76176559e-02   7.69468620e-02           28
591   1.07524432e-01   1.03482406e+06   5.88526964e-01   2.25888000e+02   1.40444897e-02   6.43016025e-02           30
592   1.10857069e-01   9.62989125e+05   5.88604450e-01   2.25888000e+02   1.27059994e-02   9.70427766e-02           29
593   1.10484764e-01   9.64973188e+05   5.88512838e-01   2.25888000e+02   1.50008583e-02   5.69958538e-02           25
594   1.06881842e-01   1.04837725e+06   5.88484347e-01   2.25888000e+02   1.31435078e-02   5.88658787e-02           29
595   1.06475733e-01   1.04637669e+06   5.88563621e-01   2.25888000e+02   1.69644244e-02   6.90429956e-02           25
596   1.10878274e-01   9.63320375e+05   5.88597775e-01   2.25888000e+02   1.57264937e-02   3.58732603e-02           30
597   1.08565353e-01   1.01259288e+06   5.88562012e-01   2.25888000e+02   1.62993111e-02   5.78470081e-02           27
598   1.07272774e-01   1.02970900e+06   5.88606954e-01   2.25888000e+02   1.57666039e-02   1.14583388e-01           23
599   1.05817676e-01   1.07307312e+06   5.88586450e-01   2.25888000e+02   1.64501518e-02   3.56060751e-02           29
600   1.09202728e-01   1.99308725e+06   5.88604450e-01   4.51776001e+02   1.41426176e-02   7.79053196e-02           29
601   1.08230628e-01   2.03164025e+06   5.88603735e-01   4.51776001e+02   1.33013381e-02   8.88642222e-02           28
602   1.08126849e-01   2.03229800e+06   5.88585496e-01   4.51776001e+02   1.51957842e-02   5.62405996e-02           27
603   1.05630241e-01   2.14812425e+06   5.88603735e-01   4.51776001e+02   1.60676278e-02   8.91522914e-02           28
604   1.08236305e-01   2.03338525e+06   5.88603079e-01   4.51776001e+02   1.41771240e-02   1.53448582e-01           28
605   1.07482828e-01   2.06786662e+06   5.88576257e-01   4.51776001e+02   1.33239338e-02   5.21851443e-02           29
606   1.06907457e-01   2.07705938e+06   5.88551223e-01   4.51776001e+02   1.69973616e-02   4.74087037e-02           25
607   1.07064709e-01   2.08655938e+06   5.88603079e-01   4.51776001e+02   1.28827440e-02   3.40474136e-02           29
608   1.07295401e-01   2.08009962e+06   5.88603079e-01   4.51776001e+02   1.64809078e-02   8.36675391e-02           29
609   1.04995109e-01   2.17175600e+06   5.88604450e-01   4.51776001e+02   1.32829035e-02   8.41508955e-02           27
610   1.07757747e-01   2.05311162e+06   5.88603079e-01   4.51776001e+02   1.61284078e-02   7.96410069e-02           27
611   1.03994191e-01   2.22398125e+06   5.88602424e-01   4.51776001e+02   1.38829388e-02   4.89799120e-02           26
612   1.09841973e-01   1.95463738e+06   5.88602424e-01   4.51776001e+02   1.38778305e-02   6.55054748e-02           27
613   1.06242202e-01   2.11467725e+06   5.88585496e-01   4.51776001e+02   1.22784721e-02   3.90778556e-02           28
614   1.06425591e-01   2.10439900e+06   5.88603079e-01   4.51776001e+02   1.32785868e-02   1.30447447e-01           27
615   1.06725506e-01   2.09224138e+06   5.88603735e-01   4.51776001e+02   1.67485960e-02   1.49518520e-01           28
616   1.06033079e-01   2.10995300e+06   5.88603735e-01   4.51776001e+02   1.39154978e-02   5.32096252e-02           25
617   1.08420849e-01   2.01279488e+06   5.88597775e-01   4.51776001e+02   1.50473248e-02   2.95549445e-02           25
618   1.05326600e-01   2.16320475e+06   5.88596821e-01   4.51776001e+02   1.47831626e-02   6.63598254e-02           28
619   1.08291462e-01   2.02407100e+06   5.88576257e-01   4.51776001e+02   1.42174745e-02   4.71047387e-02           26
620   1.09293915e-01   1.99238250e+06   5.88585496e-01   4.51776001e+02   1.43969562e-02   9.73569900e-02           28
621   1.07455231e-01   2.05998850e+06   5.88585496e-01   4.51776001e+02   1.52023742e-02   3.84793468e-02           27
622   1.07274152e-01   2.07952188e+06   5.88519454e-01   4.51776001e+02   1.26683554e-02   7.13145062e-02           27
623   1.07230179e-01   2.08012288e+06   5.88611782e-01   4.51776001e+02   1.73246060e-02   1.38285846e-01           29
624   1.07605539e-01   2.04974025e+06   5.88576257e-01   4.51776001e+02   1.74918175e-02   8.99199545e-02           27
625   1.10706463e-01   1.92025338e+06   5.88585496e-01   4.51776001e+02   1.50671713e-02   1.12540565e-01           28
626   1.08266100e-01   2.02794112e+06   5.88484347e-01   4.51776001e+02   1.35992439e-02   1.20800048e-01           29
627   1.06198892e-01   2.11480375e+06   5.88548601e-01   4.51776001e+02   1.71544161e-02   3.26909497e-02           27
628   1.06527023e-01   2.10675675e+06   5.88603079e-01   4.51776001e+02   1.43076861e-02   4.70462479e-02           28
629   1.05321027e-01   2.15706000e+06   5.88602424e-01   4.51776001e+02   1.45829143e-02   5.60804456e-02           26
630   1.06829539e-01   2.09640312e+06   5.88594019e-01   4.51776001e+02   1.05851945e-02   8.30970779e-02           29
631   1.09130092e-01   1.98986162e+06   5.88582337e-01   4.51776001e+02   1.35139180e-02   4.73049358e-02           26
632   1.07867368e-01   2.04451138e+06   5.88483095e-01   4.51776001e+02   1.20519605e-02   9.49635953e-02           28
633   1.08840197e-01   2.00512412e+06   5.88586450e-01   4.51776001e+02   1.71608329e-02   4.98249829e-02           28
634   1.07114010e-01   2.07753875e+06   5.88586450e-01   4.51776001e+02   1.43019445e-02   1.07301287e-01           27
635   1.04501948e-01   2.20160425e+06   5.88606954e-01   4.51776001e+02   1.28236748e-02   5.11966050e-02           28
636   1.06903456e-01   2.09594788e+06   5.88548839e-01   4.51776001e+02   1.67229977e-02   3.12530473e-02           27
637   1.09212697e-01   1.98660900e+06   5.88602424e-01   4.51776001e+02   1.24844322e-02   1.48194194e-01           28
638   1.09860063e-01   1.96801100e+06   5.88586092e-01   4.51776001e+02   1.38238873e-02   8.17337558e-02           29
639   1.06836163e-01   2.07845150e+06   5.88544846e-01   4.51776001e+02   1.19128441e-02   4.44064178e-02           24
640   1.10027492e-01   1.95877412e+06   5.88582337e-01   4.51776001e+02   1.40509820e-02   4.25267890e-02           29
641   1.08449228e-01   2.02807075e+06   5.88586450e-01   4.51776001e+02   1.30727487e-02   1.11558788e-01           30
642   1.04465760e-01   2.19705425e+06   5.88606954e-01   4.51776001e+02   1.36792008e-02   1.01180539e-01           26
643   1.10370778e-01   1.94498488e+06   5.88604450e-01   4.51776001e+02   1.32975131e-02   8.17454383e-02           28
644   1.08105227e-01   2.04242138e+06   5.88596821e-01   4.51776001e+02   1.32748755e-02   5.28575853e-02           29
645   1.09164707e-01   1.99579788e+06   5.88582456e-01   4.51776001e+02   1.38653358e-02   1.52773753e-01           29
646   1.07275836e-01   2.08040700e+06   5.88596821e-01   4.51776001e+02   1.45715084e-02   7.65474662e-02           30
647   1.08452998e-01   2.02771138e+06   5.88611782e-01   4.51776001e+02   1.46994377e-02   5.73592857e-02           28
648   1.10211633e-01   1.95103075e+06   5.88585496e-01   4.51776001e+02   1.09126326e-02   5.96785545e-02           29
649   1.06579319e-01   2.09387038e+06   5.88603079e-01   4.51776001e+02   1.63322594e-02   5.32415770e-02           27
650   1.08325630e-01   2.02970225e+06   5.88594019e-01   4.51776001e+02   1.31258024e-02   5.02685159e-02           30
651   1.11501865e-01   1.89564262e+06   5.88604450e-01   4.51776001e+02   1.86620858e-02   6.64772615e-02           27
652   1.08045943e-01   2.04928562e+06   5.88611782e-01   4.51776001e+02   1.42298276e-02   7.16069266e-02           29
653   1.08623482e-01   2.01727888e+06   5.88596821e-01   4.51776001e+02   1.35670174e-02   4.46827076e-02           30
654   1.06578887e-01   2.10565925e+06   5.88603735e-01   4.51776001e+02   1.51351169e-02   4.41711359e-02           28
655   1.07882753e-01   2.04281550e+06   5.88545859e-01   4.51776001e+02   1.36057893e-02   7.52465203e-02           28
656   1.09387413e-01   1.98442875e+06   5.88433683e-01   4.51776001e+02   1.49252312e-02   1.34519398e-01           28
657   1.05056204e-01   2.16958425e+06   5.88597775e-01   4.51776001e+02   1.66362934e-02   4.06324156e-02           27
658   1.06876984e-01   2.09302975e+06   5.88606954e-01   4.51776001e+02   1.74585842e-02   1.12226300e-01           29
659   1.10482313e-01   1.93695425e+06   5.88582456e-01   4.51776001e+02   1.42390234e-02   8.58707428e-02           29
660   1.07005909e-01   2.07402112e+06   5.88596821e-01   4.51776001e+02   1.47290509e-02   1.74557209e-01           25
661   1.07393414e-01   2.06223038e+06   5.88576257e-01   4.51776001e+02   1.16766468e-02   4.89464030e-02           27
662   1.07447863e-01   2.07067875e+06   5.88596821e-01   4.51776001e+02   1.33998664e-02   9.11397859e-02           29
663   1.10452786e-01   1.94286762e+06   5.88562012e-01   4.51776001e+02   1.44935204e-02   8.69821385e-02           29
664   1.09378211e-01   1.98583362e+06   5.88611782e-01   4.51776001e+02   1.46377636e-02   9.69097316e-02           30
665   1.09980129e-01   1.96404312e+06   5.88604450e-01   4.51776001e+02   1.43698752e-02   5.55533282e-02           28
666   1.08985148e-01   1.99445100e+06   5.88597775e-01   4.51776001e+02   1.61021389e-02   6.50484487e-02           25
667   1.08394288e-01   2.02615275e+06   5.88611782e-01   4.51776001e+02   1.45177124e-02   1.55293196e-01           28
668   1.06880940e-01   2.08230050e+06   5.88611782e-01   4.51776001e+02   1.71370711e-02   5.90399057e-02           26
669   1.08448878e-01   2.02804475e+06   5.88582456e-01   4.51776001e+02   1.25488881e-02   5.48922829e-02           30
670   1.08425133e-01   2.01108425e+06   5.88604450e-01   4.51776001e+02   1.47319855e-02   6.30141199e-02           25
671   1.05254248e-01   2.16995525e+06   5.88562608e-01   4.51776001e+02   1.46192294e-02   6.00991696e-02           29
672   1.07778400e-01   2.04932250e+06   5.88606954e-01   4.51776001e+02   1.26818502e-02   6.02833554e-02           30
673   1.10626668e-01   1.93562262e+06   5.88603735e-01   4.51776001e+02   1.19997710e-02   4.65724356e-02           29
674   1.05915226e-01   2.14159600e+06   5.88611782e-01   4.51776001e+02   1.35764005e-02   7.97119141e-02           28
675   1.03946440e-01   2.21572625e+06   5.88606954e-01   4.51776001e+02   1.60882380e-02   8.49529728e-02           25
676   1.08723730e-01   2.00867375e+06   5.88582456e-01   4.51776001e+02   1.67400669e-02   5.49233258e-02           28
677   1.06450289e-01   2.11205150e+06   5.88582337e-01   4.51776001e+02   1.26898875e-02   6.70050085e-02           29
678   1.05096437e-01   2.16209475e+06   5.88604450e-01   4.51776001e+02   1.71911083e-02   2.29834691e-01           28
679   1.08735248e-01   2.00796212e+06   5.88582456e-01   4.51776001e+02   1.33127021e-02   5.29260859e-02           28
680   1.07974418e-01   2.03507525e+06   5.88604450e-01   4.51776001e+02   1.47644980e-02   9.24592689e-02           28
681   1.07554644e-01   2.05449050e+06   5.88562608e-01   4.51776001e+02   1.30855395e-02   5.94579503e-02           26
682   1.07480459e-01   2.06464212e+06   5.88530302e-01   4.51776001e+02   1.26407743e-02   7.46766999e-02           27
683   1.06615178e-01   2.09949475e+06   5.88611782e-01   4.51776001e+02   1.51537433e-02   6.96035400e-02           29
684   1.08428784e-01   2.02489100e+06   5.88603735e-01   4.51776001e+02   1.35136871e-02   5.71819656e-02           29
685   1.08860217e-01   2.00352288e+06   5.88548839e-01   4.51776001e+02   1.75905935e-02   9.86192152e-02           27
686   1.07330061e-01   2.07553638e+06   5.88606954e-01   4.51776001e+02   1.69116613e-02   8.40529799e-02           29
687   1.04948603e-01   2.18532700e+06   5.88603079e-01   4.51776001e+02   1.18499314e-02   9.55841169e-02           30
688   1.05847828e-01   2.13701925e+06   5.88542819e-01   4.51776001e+02   1.25233000e-02   3.61775197e-02           28
689   1.06636256e-01   2.10055850e+06   5.88491321e-01   4.51776001e+02   1.42850839e-02   1.06185041e-01           28
690   1.06414475e-01   2.11744975e+06   5.88578880e-01   4.51776001e+02   1.32241407e-02   7.52158612e-02           28
691   1.08466700e-01   2.01210575e+06   5.88604450e-01   4.51776001e+02   1.61499288e-02   1.03810869e-01           27
692   1.10079773e-01   1.95576062e+06   5.88604450e-01   4.51776001e+02   1.49388080e-02   5.15417233e-02           30
693   1.07068546e-01   2.07546212e+06   5.88602424e-01   4.51776001e+02   1.41077396e-02   1.12458803e-01           27
694   1.06642164e-01   2.08956500e+06   5.88602424e-01   4.51776001e+02   1.23163033e-02   4.23442274e-02           25
695   1.07832715e-01   2.04235312e+06   5.88611782e-01   4.51776001e+02   1.41475778e-02   5.83412610e-02           27
696   1.05631754e-01   2.14858750e+06   5.88611782e-01   4.51776001e+02   1.23013556e-02   7.50636905e-02           29
697   1.09731257e-01   1.95950262e+06   5.88586450e-01   4.51776001e+02   1.44139901e-02   8.17856938e-02           28
698   1.07573375e-01   2.05682812e+06   5.88551223e-01   4.51776001e+02   1.29166180e-02   2.34025773e-02           28
699   1.10384852e-01   1.93258462e+06   5.88606954e-01   4.51776001e+02   1.28037017e-02   1.21283799e-01           27
