#ID, Rs, Dc, R200, Mvir, xoff, rho_rms, niter
000   5.68080731e-02   9.67470703e+04   5.78172147e-01   4.28999996e+00   3.84334698e-02   2.44474560e-01           28
001   6.01148196e-02   8.60047422e+04   5.78676522e-01   4.28999996e+00   5.39344288e-02   1.87590212e-01           23
002   8.20461512e-02   4.01051992e+04   5.75807154e-01   4.28999996e+00   2.83934753e-02   2.22043514e-01           27
003   5.72419874e-02   9.66270547e+04   5.78592181e-01   4.28999996e+00   4.21242081e-02   6.19362295e-01           24
004   5.09348176e-02   1.28378219e+05   5.73473215e-01   4.28999996e+00   2.75711715e-02   1.76328912e-01           29
005   4.52943407e-02   1.71719031e+05   5.78313649e-01   4.28999996e+00   2.21966114e-02   2.14210853e-01           25
006   7.50457644e-02   4.91633672e+04   5.78446746e-01   4.28999996e+00   5.54358065e-02   1.58810169e-01           28
007   5.17277680e-02   1.23013070e+05   5.78119040e-01   4.28999996e+00   2.90358942e-02   1.87742203e-01           29
008   5.75461388e-02   9.32360859e+04   5.75666785e-01   4.28999996e+00   1.97836738e-02   1.76224917e-01           25
009   7.10601360e-02   5.60845117e+04   5.77347219e-01   4.28999996e+00   1.57740749e-02   1.58029184e-01           26
010   5.87912984e-02   8.93520234e+04   5.78268051e-01   4.28999996e+00   2.82482039e-02   2.66018450e-01           26
011   6.96739629e-02   6.08186797e+04   5.77247024e-01   4.28999996e+00   1.30242575e-02   3.84051830e-01           28
012   6.63238168e-02   6.74379375e+04   5.76193154e-01   4.28999996e+00   5.05020022e-02   2.40890577e-01           25
013   6.40824586e-02   6.99888203e+04   5.78682303e-01   4.28999996e+00   1.52190989e-02   1.37886509e-01           21
014   7.38821551e-02   5.00795508e+04   5.76988161e-01   4.28999996e+00   1.81442276e-02   2.51429141e-01           27
015   1.01319864e-01   2.48505547e+04   5.76916456e-01   4.28999996e+00   4.35415022e-02   3.50673169e-01           29
016   7.86149502e-02   4.29335430e+04   5.73572814e-01   4.28999996e+00   4.58391979e-02   8.74978900e-02           25
017   7.09734783e-02   5.60914180e+04   5.78229785e-01   4.28999996e+00   1.85421463e-02   1.88297763e-01           27
018   6.54490963e-02   6.77191797e+04   5.77968657e-01   4.28999996e+00   4.28828560e-02   1.73335418e-01           27
019   5.04460186e-02   1.28720594e+05   5.78628421e-01   4.28999996e+00   3.13607790e-02   2.08562464e-01           26
020   6.15761280e-02   7.80600000e+04   5.77968657e-01   4.28999996e+00   3.23125236e-02   2.62374163e-01           25
021   8.16085786e-02   4.02426250e+04   5.77724993e-01   4.28999996e+00   4.45534661e-02   2.83170730e-01           29
022   8.29059482e-02   3.96054766e+04   5.76422811e-01   4.28999996e+00   9.50339623e-03   3.32395405e-01           27
023   5.71582764e-02   9.39376875e+04   5.74338496e-01   4.28999996e+00   2.73858868e-02   4.12392527e-01           22
024   5.85647970e-02   9.02990156e+04   5.73686600e-01   4.28999996e+00   3.12259868e-02   3.15714478e-01           26
025   5.99160492e-02   8.75907031e+04   5.74180603e-01   4.28999996e+00   4.54690047e-02   3.69565725e-01           27
026   7.04977587e-02   5.64714062e+04   5.75897932e-01   4.28999996e+00   8.80817510e-03   2.45345250e-01           25
027   5.16525060e-02   1.23446883e+05   5.73227406e-01   4.28999996e+00   2.20822282e-02   4.67784733e-01           25
028   8.35677311e-02   3.77788242e+04   5.72968781e-01   4.28999996e+00   3.23852785e-02   1.65348262e-01           22
029   8.18193480e-02   3.96213984e+04   5.73402226e-01   4.28999996e+00   2.94238478e-02   1.92558974e-01           26
030   5.77717982e-02   9.37092578e+04   5.78119576e-01   4.28999996e+00   1.51507510e-02   3.46801996e-01           25
031   6.04423992e-02   8.23651797e+04   5.75135171e-01   4.28999996e+00   4.22486663e-02   2.59609431e-01           27
032   6.26235008e-02   7.54245469e+04   5.74201822e-01   4.28999996e+00   4.08370048e-02   1.63627654e-01           26
033   6.49311244e-02   7.01110781e+04   5.74484527e-01   4.28999996e+00   1.41058536e-02   4.28130031e-01           24
034   7.33320937e-02   5.08498477e+04   5.78155339e-01   4.28999996e+00   4.32768799e-02   2.67987072e-01           26
035   5.05141169e-02   1.25710406e+05   5.76499224e-01   4.28999996e+00   1.50284404e-02   1.90016881e-01           26
036   6.19659424e-02   7.95098672e+04   5.78121781e-01   4.28999996e+00   6.13133013e-02   4.41797882e-01           26
037   6.22138977e-02   7.82517812e+04   5.76567411e-01   4.28999996e+00   3.89718674e-02   2.17890307e-01           28
038   6.41511306e-02   7.11560859e+04   5.77511847e-01   4.28999996e+00   3.28880697e-02   2.63785392e-01           25
039   7.51327798e-02   4.92365273e+04   5.77715755e-01   4.28999996e+00   5.85202016e-02   4.29731369e-01           27
040   5.22957332e-02   1.18471109e+05   5.74601889e-01   4.28999996e+00   2.07242165e-02   2.50730783e-01           22
041   5.69425076e-02   9.49716094e+04   5.74580073e-01   4.28999996e+00   2.70179287e-02   3.10071826e-01           23
042   5.56069613e-02   1.01473406e+05   5.76752901e-01   4.28999996e+00   1.16346264e-02   2.12807193e-01           28
043   7.21893981e-02   5.37058789e+04   5.76138616e-01   4.28999996e+00   1.91478282e-02   1.87362403e-01           26
044   6.25878423e-02   7.56876797e+04   5.74049711e-01   4.28999996e+00   1.77053250e-02   3.25880200e-01           23
045   6.10211752e-02   8.43351953e+04   5.77132225e-01   4.28999996e+00   1.71646196e-02   3.77012789e-01           29
046   6.29565418e-02   7.54034375e+04   5.68301499e-01   4.28999996e+00   6.45331144e-02   2.85211682e-01           22
047   5.98425567e-02   8.66545938e+04   5.76380849e-01   4.28999996e+00   3.79675776e-02   2.40006834e-01           23
048   7.53544495e-02   4.83083047e+04   5.74106753e-01   4.28999996e+00   3.19284648e-02   1.69866085e-01           27
049   5.06425872e-02   1.29259055e+05   5.72438002e-01   4.28999996e+00   4.58643995e-02   2.00345054e-01           24
050   5.98649792e-02   8.60786484e+04   5.78559279e-01   4.28999996e+00   3.07199173e-02   2.18682081e-01           28
051   6.29545376e-02   7.54212734e+04   5.77385664e-01   4.28999996e+00   4.30929661e-02   2.24323362e-01           27
052   6.90520182e-02   6.06350312e+04   5.78539073e-01   4.28999996e+00   2.06781775e-02   3.38303536e-01           24
053   5.43894358e-02   1.07789594e+05   5.77734828e-01   4.28999996e+00   5.06969215e-03   1.41870409e-01           27
054   6.10133335e-02   8.04675781e+04   5.74575484e-01   4.28999996e+00   2.54863165e-02   1.00996926e-01           30
055   7.11372346e-02   5.59629336e+04   5.76425552e-01   4.28999996e+00   3.79721783e-02   2.35724986e-01           24
056   7.61513263e-02   4.68757383e+04   5.72077274e-01   4.28999996e+00   5.13306931e-02   2.18495786e-01           25
057   5.82494661e-02   9.02258750e+04   5.74854910e-01   4.28999996e+00   2.53232773e-02   2.03829437e-01           26
058   7.24087134e-02   5.23285938e+04   5.76759696e-01   4.28999996e+00   3.98574248e-02   1.02602050e-01           22
059   7.27576166e-02   5.15896172e+04   5.72996616e-01   4.28999996e+00   4.22867090e-02   1.13359094e-01           22
060   5.44872880e-02   1.05135078e+05   5.77409863e-01   4.28999996e+00   2.26183925e-02   2.25726515e-01           20
061   8.24892744e-02   3.93862500e+04   5.76615095e-01   4.28999996e+00   4.17369902e-02   2.42726415e-01           26
062   5.59333041e-02   1.02619227e+05   5.76186061e-01   4.28999996e+00   2.05321703e-02   4.69027132e-01           25
063   5.87791242e-02   8.84056094e+04   5.70967317e-01   4.28999996e+00   2.56998893e-02   2.94998914e-01           22
064   5.15555516e-02   1.24624109e+05   5.76885879e-01   4.28999996e+00   4.61142771e-02   4.29280579e-01           29
065   6.77356943e-02   6.18048086e+04   5.75267076e-01   4.28999996e+00   2.15401538e-02   1.70845851e-01           25
066   6.24055043e-02   7.81228438e+04   5.78598976e-01   4.28999996e+00   2.11489033e-02   3.23120892e-01           28
067   4.36231568e-02   1.83484359e+05   5.78487694e-01   4.28999996e+00   3.81780788e-02   1.23159595e-01           26
068   6.64572194e-02   6.69362031e+04   5.66916883e-01   4.28999996e+00   2.88341455e-02   3.39138478e-01           27
069   7.04071373e-02   5.69034844e+04   5.78323364e-01   4.28999996e+00   2.61058565e-02   1.79556683e-01           26
070   6.36836588e-02   7.27805234e+04   5.78233421e-01   4.28999996e+00   5.32721356e-02   2.60432482e-01           21
071   6.50988296e-02   7.06338047e+04   5.70471346e-01   4.28999996e+00   5.23728095e-02   4.24853057e-01           26
072   6.07121922e-02   8.07267578e+04   5.74442506e-01   4.28999996e+00   1.75683759e-02   3.74174267e-01           25
073   6.79820850e-02   6.36800352e+04   5.76181471e-01   4.28999996e+00   2.06758846e-02   2.98352003e-01           29
074   5.92993386e-02   8.48680781e+04   5.77805281e-01   4.28999996e+00   2.65344083e-02   1.53543979e-01           28
075   6.95828795e-02   6.19188594e+04   5.77240407e-01   4.28999996e+00   3.48664820e-02   4.09956068e-01           24
076   4.60427180e-02   1.66234469e+05   5.76489329e-01   4.28999996e+00   2.74334960e-02   1.85044870e-01           26
077   4.32006232e-02   1.90603031e+05   5.76961219e-01   4.28999996e+00   3.42579708e-02   4.12035376e-01           27
078   5.97863235e-02   8.67946797e+04   5.71578503e-01   4.28999996e+00   3.30068693e-02   3.73618662e-01           27
079   6.38569966e-02   7.40414609e+04   5.69893360e-01   4.28999996e+00   3.40863355e-02   2.47316048e-01           28
080   7.64578804e-02   4.74610000e+04   5.75383723e-01   4.28999996e+00   3.21269780e-02   2.32513279e-01           28
081   4.99649718e-02   1.33943375e+05   5.73613346e-01   4.28999996e+00   2.73794886e-02   2.08307475e-01           26
082   5.11399098e-02   1.27424930e+05   5.72226226e-01   4.28999996e+00   3.56908515e-02   3.70648921e-01           26
083   6.13141060e-02   7.81146562e+04   5.77804565e-01   4.28999996e+00   1.30085377e-02   1.93483442e-01           28
084   6.68831095e-02   6.49518125e+04   5.73993683e-01   4.28999996e+00   3.24096493e-02   1.99247748e-01           27
085   5.78485876e-02   9.11044453e+04   5.78696012e-01   4.28999996e+00   4.39274088e-02   2.50719458e-01           26
086   6.05738685e-02   8.24664062e+04   5.74550569e-01   4.28999996e+00   4.80639003e-02   2.98916936e-01           26
087   5.45151904e-02   1.08168914e+05   5.70779502e-01   4.28999996e+00   2.57166345e-02   3.00511390e-01           24
088   4.71452139e-02   1.56941734e+05   5.77197313e-01   4.28999996e+00   1.96685959e-02   3.28840882e-01           23
089   6.65225983e-02   6.68692422e+04   5.78262985e-01   4.28999996e+00   2.17721742e-02   2.33760491e-01           26
090   7.43712708e-02   4.97583750e+04   5.72014928e-01   4.28999996e+00   3.55456360e-02   2.01315850e-01           21
091   5.97131327e-02   8.64439688e+04   5.73665142e-01   4.28999996e+00   2.16055512e-02   2.40155697e-01           28
092   4.49717939e-02   1.72352969e+05   5.78297019e-01   4.28999996e+00   4.80294302e-02   2.60737389e-01           26
093   7.08648115e-02   5.62661836e+04   5.74346721e-01   4.28999996e+00   2.20847987e-02   1.70584962e-01           21
094   5.24099320e-02   1.14173438e+05   5.78265071e-01   4.28999996e+00   2.46000588e-02   8.57590735e-02           21
095   7.53869265e-02   4.83840195e+04   5.78229785e-01   4.28999996e+00   1.91436615e-02   2.54397810e-01           26
096   5.79128787e-02   9.33526875e+04   5.75028360e-01   4.28999996e+00   1.77007839e-02   2.27899089e-01           26
097   5.26512899e-02   1.15623656e+05   5.73936880e-01   4.28999996e+00   5.81780151e-02   2.05905974e-01           24
098   4.45754491e-02   1.73758672e+05   5.77732027e-01   4.28999996e+00   3.98586094e-02   2.91494161e-01           26
099   6.97488114e-02   5.94496797e+04   5.77833593e-01   4.28999996e+00   2.57882420e-02   1.79894879e-01           24
100   6.47929534e-02   1.47546312e+05   5.77915788e-01   9.33400059e+00   4.36102524e-02   1.70747191e-01           28
101   6.93648383e-02   1.24274859e+05   5.78604758e-01   9.33400059e+00   2.22973656e-02   1.91606373e-01           25
102   6.54566064e-02   1.44177281e+05   5.78749895e-01   9.33400059e+00   1.46321924e-02   1.58557758e-01           27
103   6.79157451e-02   1.30080602e+05   5.73956072e-01   9.33400059e+00   2.10732240e-02   1.15696564e-01           26
104   5.75224571e-02   1.99746594e+05   5.78661680e-01   9.33400059e+00   2.40114704e-02   1.72322869e-01           25
105   5.98127022e-02   1.78834484e+05   5.77313006e-01   9.33400059e+00   2.15893071e-02   1.11183077e-01           25
106   6.41748831e-02   1.49691234e+05   5.77997625e-01   9.33400059e+00   5.63255278e-03   9.38595161e-02           27
107   7.64318556e-02   1.00023664e+05   5.77592194e-01   9.33400059e+00   2.64679752e-02   2.13126123e-01           26
108   8.21429566e-02   8.32629453e+04   5.76101780e-01   9.33400059e+00   1.51300160e-02   1.98682651e-01           27
109   7.99930245e-02   8.91500000e+04   5.74660182e-01   9.33400059e+00   2.77495198e-02   1.51705518e-01           27
110   5.46728559e-02   2.25406453e+05   5.77757478e-01   9.33400059e+00   1.17671099e-02   1.91987976e-01           28
111   6.81609139e-02   1.30656375e+05   5.78414440e-01   9.33400059e+00   3.00901867e-02   2.50629634e-01           25
112   7.01191574e-02   1.24408203e+05   5.74501216e-01   9.33400059e+00   2.22627092e-02   2.79052466e-01           26
113   7.15136006e-02   1.17143625e+05   5.77313006e-01   9.33400059e+00   1.95005033e-02   1.44058004e-01           27
114   5.89357056e-02   1.87016328e+05   5.78265071e-01   9.33400059e+00   4.33909297e-02   1.60588801e-01           25
115   6.53334558e-02   1.44839828e+05   5.78556776e-01   9.33400059e+00   2.91671865e-02   2.30352178e-01           28
116   8.20489079e-02   8.33946406e+04   5.77609122e-01   9.33400059e+00   1.55752413e-02   1.56857044e-01           27
117   7.34217763e-02   1.08134461e+05   5.78354716e-01   9.33400059e+00   3.61679941e-02   1.42431900e-01           28
118   7.95852318e-02   9.08335625e+04   5.77609122e-01   9.33400059e+00   6.20507589e-03   2.23606899e-01           26
119   7.63675869e-02   9.92550391e+04   5.78414440e-01   9.33400059e+00   2.43005659e-02   1.90556496e-01           26
120   5.68068698e-02   2.07312641e+05   5.77512264e-01   9.33400059e+00   1.93962771e-02   1.97182104e-01           27
121   7.47560710e-02   1.04072703e+05   5.76939344e-01   9.33400059e+00   1.28191104e-02   2.73825526e-01           27
122   7.77464211e-02   9.40473438e+04   5.77573359e-01   9.33400059e+00   1.22069418e-02   7.77043030e-02           21
123   6.23782948e-02   1.62932812e+05   5.77526987e-01   9.33400059e+00   1.08287716e-02   2.29962960e-01           24
124   5.72967529e-02   1.96665359e+05   5.78598976e-01   9.33400059e+00   3.36885862e-02   1.35420948e-01           24
125   6.58963770e-02   1.41504781e+05   5.78756750e-01   9.33400059e+00   3.41987908e-02   2.91174591e-01           23
126   5.17575294e-02   2.56886859e+05   5.77711642e-01   9.33400059e+00   1.17644463e-02   5.41247368e-01           22
127   7.65654892e-02   9.95550625e+04   5.78374267e-01   9.33400059e+00   1.74525212e-02   1.39751464e-01           27
128   7.32874721e-02   1.10061422e+05   5.77382743e-01   9.33400059e+00   6.33381912e-03   1.30924866e-01           25
129   7.93575123e-02   9.04180156e+04   5.77546656e-01   9.33400059e+00   3.54030952e-02   2.46578127e-01           28
130   6.10343926e-02   1.70583875e+05   5.75565815e-01   9.33400059e+00   2.31550466e-02   7.00633898e-02           27
131   6.95642084e-02   1.22605227e+05   5.78113556e-01   9.33400059e+00   3.11125163e-02   1.34650201e-01           24
132   7.66590759e-02   9.90072188e+04   5.77242255e-01   9.33400059e+00   2.92648133e-02   1.25283778e-01           29
133   8.43533874e-02   7.80039375e+04   5.77915788e-01   9.33400059e+00   1.07505154e-02   6.77030504e-01           24
134   7.11664036e-02   1.20391711e+05   5.78172147e-01   9.33400059e+00   1.70723479e-02   3.63243341e-01           24
135   6.14014938e-02   1.68376641e+05   5.76111674e-01   9.33400059e+00   2.76410244e-02   8.76971409e-02           27
136   6.52469993e-02   1.46169734e+05   5.78237772e-01   9.33400059e+00   2.01070290e-02   1.39683396e-01           28
137   6.22662678e-02   1.59930844e+05   5.78725040e-01   9.33400059e+00   1.86414551e-02   1.22030742e-01           24
138   5.90988733e-02   1.82364953e+05   5.78431845e-01   9.33400059e+00   3.52020040e-02   5.82824685e-02           23
139   7.36264735e-02   1.09445375e+05   5.74491143e-01   9.33400059e+00   2.43242364e-02   7.05408975e-02           23
140   5.82100861e-02   1.91631031e+05   5.78559279e-01   9.33400059e+00   1.35118812e-02   9.37808007e-02           28
141   6.99711740e-02   1.23528156e+05   5.76553702e-01   9.33400059e+00   8.05682037e-03   3.10472429e-01           26
142   6.54017553e-02   1.45837297e+05   5.78484297e-01   9.33400059e+00   2.26963963e-02   3.37276101e-01           27
143   7.67200217e-02   9.66010156e+04   5.76994479e-01   9.33400059e+00   3.42770144e-02   2.80621171e-01           22
144   8.82917643e-02   7.14662734e+04   5.78638852e-01   9.33400059e+00   1.57570597e-02   1.41070053e-01           28
145   6.21968061e-02   1.62528156e+05   5.76737106e-01   9.33400059e+00   4.33025770e-02   1.46696612e-01           26
146   7.90356696e-02   9.08610938e+04   5.77964127e-01   9.33400059e+00   2.74032019e-02   1.33622840e-01           27
147   6.53014109e-02   1.45459594e+05   5.78610718e-01   9.33400059e+00   2.59226933e-02   2.48314485e-01           26
148   7.09768236e-02   1.15473938e+05   5.77640295e-01   9.33400059e+00   4.03773896e-02   7.62324855e-02           24
149   6.89885989e-02   1.27594188e+05   5.78710854e-01   9.33400059e+00   3.24864276e-02   1.70691922e-01           28
150   7.21409321e-02   1.13713234e+05   5.78541517e-01   9.33400059e+00   3.46013233e-02   1.48506060e-01           30
151   7.13362768e-02   1.17216766e+05   5.76883376e-01   9.33400059e+00   2.24948060e-02   1.76960841e-01           26
152   7.04893097e-02   1.20619383e+05   5.75271189e-01   9.33400059e+00   3.82768549e-02   2.51968563e-01           23
153   7.56016821e-02   1.02613523e+05   5.78298867e-01   9.33400059e+00   4.05815914e-02   1.69930711e-01           26
154   6.61903545e-02   1.39800516e+05   5.78178108e-01   9.33400059e+00   1.71242096e-02   1.96376309e-01           28
155   6.93368763e-02   1.27437664e+05   5.73027909e-01   9.33400059e+00   3.27525884e-02   2.52557963e-01           27
156   7.09082931e-02   1.17804805e+05   5.77897489e-01   9.33400059e+00   2.69979406e-02   1.40057623e-01           28
157   6.42675012e-02   1.49256672e+05   5.77968657e-01   9.33400059e+00   1.26662971e-02   1.31879359e-01           30
158   7.42410272e-02   1.05581016e+05   5.78539073e-01   9.33400059e+00   1.91883184e-02   8.34708512e-02           26
159   7.11608082e-02   1.17755141e+05   5.77765882e-01   9.33400059e+00   3.14271972e-02   1.41186759e-01           27
160   6.81677535e-02   1.30917617e+05   5.77326596e-01   9.33400059e+00   2.18869802e-02   1.05986722e-01           24
161   6.35249615e-02   1.55222438e+05   5.78694880e-01   9.33400059e+00   2.66536903e-02   9.02909115e-02           30
162   6.87758997e-02   1.27400781e+05   5.75640202e-01   9.33400059e+00   2.03224160e-02   1.41083047e-01           26
163   7.44012147e-02   1.07240773e+05   5.77543497e-01   9.33400059e+00   2.56207194e-02   1.03382543e-01           25
164   6.59539253e-02   1.40889453e+05   5.78328013e-01   9.33400059e+00   2.53350344e-02   2.56403089e-01           27
165   7.50261024e-02   1.03964453e+05   5.78670681e-01   9.33400059e+00   3.69544653e-03   1.67175889e-01           27
166   7.40870312e-02   1.07089617e+05   5.76770306e-01   9.33400059e+00   3.18819359e-02   3.87336165e-01           25
167   7.31148720e-02   1.10367219e+05   5.78541517e-01   9.33400059e+00   2.15182491e-02   8.88505653e-02           29
168   5.43056205e-02   2.32163500e+05   5.77645183e-01   9.33400059e+00   4.97136675e-02   2.83275455e-01           28
169   5.80591708e-02   1.96211781e+05   5.77989340e-01   9.33400059e+00   2.47297939e-02   1.69685975e-01           26
170   9.78459343e-02   5.51147266e+04   5.78351736e-01   9.33400059e+00   2.69476045e-02   1.33512437e-01           26
171   7.95765817e-02   9.00875078e+04   5.78228772e-01   9.33400059e+00   1.95710193e-02   1.53116986e-01           27
172   6.24604858e-02   1.60946469e+05   5.77991247e-01   9.33400059e+00   3.21568437e-02   2.83014327e-01           26
173   6.49093539e-02   1.46835734e+05   5.78633189e-01   9.33400059e+00   8.09269305e-03   2.50715047e-01           28
174   6.92132935e-02   1.27250320e+05   5.78583121e-01   9.33400059e+00   1.41186398e-02   2.03165531e-01           28
175   6.62880242e-02   1.41721031e+05   5.77835917e-01   9.33400059e+00   2.43811309e-02   3.39515030e-01           29
176   6.96949586e-02   1.25202430e+05   5.78111708e-01   9.33400059e+00   1.85684357e-02   3.11765641e-01           24
177   9.05196741e-02   6.65600547e+04   5.78273952e-01   9.33400059e+00   3.75804789e-02   1.78770632e-01           22
178   6.34861737e-02   1.53761562e+05   5.77216029e-01   9.33400059e+00   1.03352442e-02   1.64523050e-01           24
179   7.48400390e-02   1.03956547e+05   5.78633726e-01   9.33400059e+00   2.67971084e-02   1.65994808e-01           26
180   5.94119877e-02   1.81888031e+05   5.76666057e-01   9.33400059e+00   3.00561003e-02   2.71304637e-01           26
181   6.16087504e-02   1.67276891e+05   5.76014161e-01   9.33400059e+00   1.69745293e-02   4.10505831e-01           27
182   6.65878132e-02   1.36526469e+05   5.78558683e-01   9.33400059e+00   3.55727300e-02   1.74245343e-01           24
183   7.21339732e-02   1.12301070e+05   5.78702927e-01   9.33400059e+00   2.23939195e-02   9.16135758e-02           26
184   6.29306436e-02   1.60751625e+05   5.78472376e-01   9.33400059e+00   2.91543938e-02   1.31305486e-01           27
185   7.34556168e-02   1.11101930e+05   5.77531874e-01   9.33400059e+00   2.81528234e-02   2.74511606e-01           29
186   6.40754774e-02   1.51421094e+05   5.77944934e-01   9.33400059e+00   3.24916765e-02   1.04154967e-01           24
187   6.96192682e-02   1.23987102e+05   5.76558828e-01   9.33400059e+00   1.60766039e-02   8.51041749e-02           28
188   8.36549699e-02   7.90009922e+04   5.76209545e-01   9.33400059e+00   1.82251055e-02   7.95474052e-02           24
189   5.41045107e-02   2.28409062e+05   5.78369677e-01   9.33400059e+00   1.67245455e-02   1.28572837e-01           26
190   6.74960986e-02   1.31956000e+05   5.78747451e-01   9.33400059e+00   9.57026239e-03   2.30586141e-01           21
191   6.52088076e-02   1.47236797e+05   5.77789903e-01   9.33400059e+00   2.70309933e-02   2.42379472e-01           25
192   7.51828626e-02   1.02808867e+05   5.77943802e-01   9.33400059e+00   2.62639467e-02   1.98561609e-01           26
193   7.09277689e-02   1.19352586e+05   5.77265203e-01   9.33400059e+00   1.67626143e-02   2.32894853e-01           24
194   7.43604898e-02   1.07457055e+05   5.78087628e-01   9.33400059e+00   3.10416147e-02   2.16054916e-01           26
195   6.82026371e-02   1.31439000e+05   5.77690840e-01   9.33400059e+00   2.30578762e-02   2.65096277e-01           27
196   6.25276566e-02   1.61577875e+05   5.78726113e-01   9.33400059e+00   3.29854973e-02   1.93317056e-01           25
197   6.52963072e-02   1.46783016e+05   5.76483071e-01   9.33400059e+00   2.16280241e-02   2.79062897e-01           25
198   6.97379038e-02   1.22505094e+05   5.78228772e-01   9.33400059e+00   1.91980358e-02   2.37930164e-01           26
199   8.44025910e-02   7.89209609e+04   5.77303410e-01   9.33400059e+00   2.02793125e-02   1.87196702e-01           27
200   7.00072646e-02   2.58472047e+05   5.78694880e-01   1.99680004e+01   1.77102443e-02   5.63489676e-01           25
201   7.52035081e-02   2.17619719e+05   5.78183830e-01   1.99680004e+01   9.60587803e-03   1.51221484e-01           26
202   6.68676123e-02   2.89791062e+05   5.78652859e-01   1.99680004e+01   2.21081991e-02   5.91689572e-02           29
203   7.12085590e-02   2.49816172e+05   5.78692317e-01   1.99680004e+01   1.55182285e-02   1.07014477e-01           29
204   7.64045790e-02   2.09416469e+05   5.77819824e-01   1.99680004e+01   3.25644501e-02   1.05559997e-01           29
205   6.79876134e-02   2.76078656e+05   5.78291357e-01   1.99680004e+01   3.12336739e-02   3.63331556e-01           28
206   7.67473504e-02   2.11258188e+05   5.78484297e-01   1.99680004e+01   1.95887983e-02   9.25748050e-02           29
207   6.45291880e-02   3.14703906e+05   5.78539073e-01   1.99680004e+01   1.79801565e-02   1.38110504e-01           28
208   7.69410059e-02   2.08309281e+05   5.77903807e-01   1.99680004e+01   1.52920904e-02   2.35641494e-01           26
209   7.51878247e-02   2.18281156e+05   5.78104973e-01   1.99680004e+01   2.18180232e-02   1.36657640e-01           27
210   7.29341358e-02   2.36025828e+05   5.78634977e-01   1.99680004e+01   1.44784003e-02   2.09461555e-01           26
211   8.20288584e-02   1.78602984e+05   5.77734828e-01   1.99680004e+01   2.13087127e-02   1.42261639e-01           27
212   7.44701177e-02   2.19414250e+05   5.78638852e-01   1.99680004e+01   2.34363675e-02   1.22520693e-01           25
213   6.81333691e-02   2.77117312e+05   5.78183830e-01   1.99680004e+01   2.69311462e-02   1.30127311e-01           24
214   7.23638535e-02   2.40033234e+05   5.77846229e-01   1.99680004e+01   2.14860849e-02   1.11499444e-01           26
215   6.26732558e-02   3.42462281e+05   5.77921569e-01   1.99680004e+01   1.43718757e-02   9.20114890e-02           30
216   6.45176396e-02   3.17778625e+05   5.77441454e-01   1.99680004e+01   1.75617263e-02   1.70326918e-01           28
217   7.06476495e-02   2.54129641e+05   5.77734828e-01   1.99680004e+01   3.16806585e-02   9.68812034e-02           27
218   6.14988804e-02   3.55100875e+05   5.78112245e-01   1.99680004e+01   1.44829964e-02   1.54799104e-01           27
219   8.78817961e-02   1.49917531e+05   5.77556431e-01   1.99680004e+01   2.33967863e-02   2.26894632e-01           23
220   7.63572827e-02   2.12060641e+05   5.78172147e-01   1.99680004e+01   2.32745931e-02   3.21529061e-01           28
221   7.42272735e-02   2.24302312e+05   5.78592896e-01   1.99680004e+01   3.45951989e-02   1.78414583e-01           28
222   7.40256459e-02   2.25469031e+05   5.78362703e-01   1.99680004e+01   1.51921455e-02   1.02109343e-01           27
223   6.22854345e-02   3.45128406e+05   5.78571081e-01   1.99680004e+01   1.10626770e-02   6.46950901e-02           27
224   7.14362785e-02   2.46788828e+05   5.78661323e-01   1.99680004e+01   1.91621631e-02   1.11779295e-01           26
225   7.45333731e-02   2.23043922e+05   5.77905834e-01   1.99680004e+01   2.49363016e-02   1.24728583e-01           28
226   6.67524561e-02   2.88334750e+05   5.78035533e-01   1.99680004e+01   4.00093608e-02   6.34953454e-02           26
227   6.98809028e-02   2.60129188e+05   5.78119040e-01   1.99680004e+01   2.87020113e-02   3.17547500e-01           26
228   7.09070340e-02   2.52628812e+05   5.78385353e-01   1.99680004e+01   2.01744959e-02   9.76901948e-02           27
229   7.81593472e-02   1.98147125e+05   5.78589678e-01   1.99680004e+01   3.77657339e-02   1.83324397e-01           26
230   6.85866103e-02   2.74776125e+05   5.77969074e-01   1.99680004e+01   2.72082817e-02   2.48575211e-01           24
231   8.72620270e-02   1.55006328e+05   5.78466952e-01   1.99680004e+01   1.85563229e-02   1.42302513e-01           28
232   7.21192285e-02   2.41050094e+05   5.78377485e-01   1.99680004e+01   9.57149547e-03   3.53164941e-01           29
233   6.63089082e-02   2.93444844e+05   5.78618407e-01   1.99680004e+01   3.35027799e-02   9.20583904e-02           25
234   6.73972443e-02   2.85906688e+05   5.78682303e-01   1.99680004e+01   2.07129940e-02   2.46670976e-01           28
235   7.17682987e-02   2.44041484e+05   5.77071667e-01   1.99680004e+01   2.23721731e-02   1.72369003e-01           29
236   7.08280727e-02   2.53299797e+05   5.78339636e-01   1.99680004e+01   3.71257737e-02   2.01209769e-01           28
237   7.78353661e-02   2.00355594e+05   5.78632295e-01   1.99680004e+01   2.24474519e-02   1.81735769e-01           24
238   6.76690340e-02   2.80387406e+05   5.78661025e-01   1.99680004e+01   2.17804052e-02   8.48171785e-02           26
239   6.03199676e-02   3.70912562e+05   5.78592420e-01   1.99680004e+01   1.89878307e-02   1.43467560e-01           28
240   6.92473948e-02   2.69344031e+05   5.78609884e-01   1.99680004e+01   2.77088005e-02   2.10096255e-01           26
241   7.38181993e-02   2.27801047e+05   5.78065932e-01   1.99680004e+01   1.79559123e-02   2.33454138e-01           26
242   6.71199858e-02   2.86430906e+05   5.78284264e-01   1.99680004e+01   4.82712034e-03   1.90204069e-01           24
243   6.93926662e-02   2.64901969e+05   5.78692317e-01   1.99680004e+01   7.86290225e-03   1.27772048e-01           28
244   6.42887428e-02   3.20473969e+05   5.78632295e-01   1.99680004e+01   2.40967926e-02   1.26786768e-01           29
245   7.90581554e-02   1.93610031e+05   5.78755140e-01   1.99680004e+01   1.97933875e-02   1.36283621e-01           27
246   6.65013641e-02   2.93296188e+05   5.76251447e-01   1.99680004e+01   1.80768296e-02   9.95690525e-02           23
247   6.91638365e-02   2.65978125e+05   5.78607142e-01   1.99680004e+01   1.85721498e-02   5.39420061e-02           26
248   7.67446831e-02   2.07877047e+05   5.77812374e-01   1.99680004e+01   1.90394670e-02   1.16911009e-01           28
249   6.76658526e-02   2.78932062e+05   5.78633189e-01   1.99680004e+01   2.12655663e-02   2.11155459e-01           25
250   6.57979324e-02   3.00300812e+05   5.78024745e-01   1.99680004e+01   1.97105259e-02   1.45714551e-01           28
251   7.89683908e-02   1.96199672e+05   5.77423096e-01   1.99680004e+01   2.48074159e-02   8.23701024e-02           27
252   7.33896047e-02   2.32179875e+05   5.78242838e-01   1.99680004e+01   2.67218854e-02   1.69705480e-01           26
253   7.83350319e-02   1.95956969e+05   5.78562081e-01   1.99680004e+01   1.51738124e-02   1.48163274e-01           28
254   7.81395063e-02   1.97003219e+05   5.78735232e-01   1.99680004e+01   1.81324761e-02   9.12890136e-02           27
255   7.28363693e-02   2.34749906e+05   5.78749895e-01   1.99680004e+01   2.52953898e-02   1.13543302e-01           25
256   7.34219030e-02   2.28541516e+05   5.78323364e-01   1.99680004e+01   3.39062065e-02   2.27789328e-01           27
257   6.92215562e-02   2.63434469e+05   5.77715755e-01   1.99680004e+01   2.01944858e-02   1.04151830e-01           27
258   6.46723658e-02   3.18696219e+05   5.78638852e-01   1.99680004e+01   2.48666778e-02   1.07935034e-01           27
259   7.00171888e-02   2.61046422e+05   5.76508641e-01   1.99680004e+01   1.79372653e-02   2.45888054e-01           26
260   6.57969490e-02   2.99487219e+05   5.78382373e-01   1.99680004e+01   1.93280187e-02   8.29880163e-02           24
261   7.46826530e-02   2.22863766e+05   5.77199638e-01   1.99680004e+01   1.01550967e-02   7.72650763e-02           28
262   8.36084858e-02   1.71656609e+05   5.78515232e-01   1.99680004e+01   1.93550289e-02   1.21948719e-01           27
263   7.37649724e-02   2.27768859e+05   5.78606665e-01   1.99680004e+01   1.93942171e-02   1.65343970e-01           26
264   7.42575899e-02   2.23650938e+05   5.78726113e-01   1.99680004e+01   2.19067223e-02   1.21537134e-01           30
265   6.98634759e-02   2.59159953e+05   5.78135967e-01   1.99680004e+01   2.18006074e-02   1.15721151e-01           29
266   6.85764179e-02   2.73735906e+05   5.78605413e-01   1.99680004e+01   2.82751676e-02   2.38806665e-01           23
267   6.76823705e-02   2.80775562e+05   5.78346491e-01   1.99680004e+01   2.12071408e-02   2.03016385e-01           27
268   7.05893338e-02   2.53472031e+05   5.78411579e-01   1.99680004e+01   6.43787533e-03   9.83341262e-02           26
269   6.26380891e-02   3.36682438e+05   5.78566313e-01   1.99680004e+01   3.13279778e-02   6.05949201e-02           27
270   8.05169120e-02   1.84265859e+05   5.77893972e-01   1.99680004e+01   1.37399109e-02   5.81212528e-02           27
271   6.33826703e-02   3.27469562e+05   5.77312648e-01   1.99680004e+01   2.51633637e-02   1.18492901e-01           28
272   7.18406737e-02   2.42826281e+05   5.78273952e-01   1.99680004e+01   2.13246401e-02   9.62553844e-02           27
273   6.59336299e-02   3.00046500e+05   5.78506231e-01   1.99680004e+01   1.39931664e-02   2.18886435e-01           26
274   6.87451139e-02   2.69834281e+05   5.78444541e-01   1.99680004e+01   1.76174063e-02   1.19312055e-01           24
275   7.84709677e-02   1.95275500e+05   5.78731596e-01   1.99680004e+01   1.38355363e-02   1.40814483e-01           25
276   6.65265098e-02   2.96061969e+05   5.73957503e-01   1.99680004e+01   4.02887203e-02   1.17888510e-01           27
277   6.53504804e-02   3.05664812e+05   5.78229666e-01   1.99680004e+01   1.96259469e-02   6.86791986e-02           27
278   6.50287047e-02   3.09551062e+05   5.78600764e-01   1.99680004e+01   1.02618122e-02   1.49690107e-01           28
279   7.05921873e-02   2.59901938e+05   5.78328013e-01   1.99680004e+01   3.90750952e-02   2.75589645e-01           29
280   7.09349513e-02   2.52641484e+05   5.75703681e-01   1.99680004e+01   2.81297546e-02   9.39238891e-02           28
281   7.83463269e-02   1.96601984e+05   5.77609122e-01   1.99680004e+01   2.69878935e-02   7.74632916e-02           27
282   6.65943474e-02   2.93378094e+05   5.78666031e-01   1.99680004e+01   1.87919252e-02   8.73733014e-02           29
283   6.74380288e-02   2.80044188e+05   5.78564942e-01   1.99680004e+01   1.75794289e-02   9.88956988e-02           24
284   6.90932572e-02   2.66837250e+05   5.77218831e-01   1.99680004e+01   2.91249156e-02   2.85018384e-01           26
285   7.31776431e-02   2.31388281e+05   5.77997625e-01   1.99680004e+01   1.46846799e-02   7.18702555e-01           25
286   6.63290173e-02   2.93410062e+05   5.78519285e-01   1.99680004e+01   1.87014416e-02   9.84636024e-02           27
287   6.95467666e-02   2.63210750e+05   5.78267634e-01   1.99680004e+01   2.34796628e-02   1.03693537e-01           24
288   7.58025646e-02   2.13231562e+05   5.78389943e-01   1.99680004e+01   2.04506945e-02   1.33463398e-01           26
289   6.28041923e-02   3.33431250e+05   5.78592896e-01   1.99680004e+01   2.48157978e-02   1.89942211e-01           25
290   6.75490871e-02   2.83290656e+05   5.78364193e-01   1.99680004e+01   4.26326459e-03   1.90562472e-01           26
291   6.94917738e-02   2.62873781e+05   5.78506231e-01   1.99680004e+01   3.15192342e-02   6.29246980e-02           25
292   7.00439662e-02   2.60079469e+05   5.77497125e-01   1.99680004e+01   1.55068263e-02   1.76888645e-01           29
293   6.92646950e-02   2.65505750e+05   5.78710616e-01   1.99680004e+01   2.13290174e-02   1.04684778e-01           28
294   7.14637712e-02   2.44482297e+05   5.78342915e-01   1.99680004e+01   1.05088884e-02   2.19073310e-01           26
295   6.92306608e-02   2.64258312e+05   5.78261316e-01   1.99680004e+01   3.03844605e-02   1.89728677e-01           24
296   6.60797134e-02   2.96074375e+05   5.78381836e-01   1.99680004e+01   2.87884939e-02   1.45354077e-01           28
297   7.51786307e-02   2.19003766e+05   5.78328013e-01   1.99680004e+01   6.40202500e-03   2.72440851e-01           26
298   7.04932436e-02   2.54902953e+05   5.78446746e-01   1.99680004e+01   1.40539128e-02   9.94063392e-02           30
299   7.44300038e-02   2.22185484e+05   5.78549206e-01   1.99680004e+01   2.89970040e-02   3.26050311e-01           24
300   7.52782822e-02   4.66014188e+05   5.78038573e-01   4.29389992e+01   1.23353796e-02   1.15609199e-01           27
301   7.42051899e-02   4.79546375e+05   5.78697622e-01   4.29389992e+01   2.00999286e-02   8.81368816e-02           26
302   7.40433037e-02   4.82010906e+05   5.78596711e-01   4.29389992e+01   2.43267938e-02   1.00224137e-01           28
303   7.49845058e-02   4.69131031e+05   5.78229666e-01   4.29389992e+01   1.90095231e-02   1.28779784e-01           28
304   7.38703385e-02   4.87080844e+05   5.78268051e-01   4.29389992e+01   1.44682033e-02   6.75340518e-02           27
305   7.16767311e-02   5.24113281e+05   5.78431845e-01   4.29389992e+01   1.55302780e-02   1.74576268e-01           29
306   7.38818273e-02   4.84408688e+05   5.78221560e-01   4.29389992e+01   2.11743806e-02   7.25211054e-02           25
307   7.05931336e-02   5.42244562e+05   5.78140438e-01   4.29389992e+01   1.63517352e-02   1.45340666e-01           28
308   7.57981241e-02   4.55248781e+05   5.78242838e-01   4.29389992e+01   2.25010496e-02   6.27385974e-02           27
309   7.64520839e-02   4.44285062e+05   5.78352571e-01   4.29389992e+01   1.77075118e-02   1.61966980e-01           26
310   7.42047727e-02   4.82387781e+05   5.78416407e-01   4.29389992e+01   6.23367867e-03   9.41281617e-02           30
311   7.55754933e-02   4.59364875e+05   5.78538775e-01   4.29389992e+01   2.75675748e-02   8.49301219e-02           29
312   7.21634999e-02   5.15109812e+05   5.78702927e-01   4.29389992e+01   2.35553067e-02   2.18155071e-01           28
313   7.09546655e-02   5.36363062e+05   5.78604758e-01   4.29389992e+01   2.44694911e-02   1.48484096e-01           28
314   6.78383559e-02   5.98616625e+05   5.78635216e-01   4.29389992e+01   1.63130034e-02   8.55790302e-02           28
315   7.67358169e-02   4.42463094e+05   5.78656435e-01   4.29389992e+01   1.31633691e-02   1.87328398e-01           27
316   7.51961768e-02   4.63977406e+05   5.78477144e-01   4.29389992e+01   2.29507871e-02   1.23286933e-01           26
317   7.13892356e-02   5.25868062e+05   5.78600764e-01   4.29389992e+01   1.80073474e-02   1.09627254e-01           26
318   7.57473111e-02   4.52880281e+05   5.78487694e-01   4.29389992e+01   2.23439857e-02   3.80705707e-02           22
319   7.06346557e-02   5.40219688e+05   5.78661323e-01   4.29389992e+01   2.35469788e-02   2.04415411e-01           26
320   7.58635700e-02   4.55366688e+05   5.78661025e-01   4.29389992e+01   2.75213607e-02   1.58486813e-01           26
321   7.39020780e-02   4.85314250e+05   5.78346491e-01   4.29389992e+01   2.50966400e-02   4.06271182e-02           29
322   7.79482946e-02   4.25570219e+05   5.78435659e-01   4.29389992e+01   2.04195231e-02   8.42635930e-02           29
323   7.53973797e-02   4.67354906e+05   5.78155339e-01   4.29389992e+01   1.59379691e-02   2.24525332e-01           27
324   7.45009109e-02   4.76250406e+05   5.78542769e-01   4.29389992e+01   1.75259952e-02   1.05642512e-01           28
325   7.17237815e-02   5.21096969e+05   5.76743603e-01   4.29389992e+01   2.16203500e-02   1.44902602e-01           26
326   7.72511289e-02   4.37212812e+05   5.78546107e-01   4.29389992e+01   1.59520861e-02   1.46468103e-01           27
327   7.29333386e-02   5.00447812e+05   5.78756750e-01   4.29389992e+01   2.19215471e-02   4.95471619e-02           28
328   7.25111365e-02   5.10619062e+05   5.78362703e-01   4.29389992e+01   3.13965306e-02   1.07477024e-01           29
329   7.30102360e-02   5.00885750e+05   5.78564942e-01   4.29389992e+01   1.69514809e-02   1.26649484e-01           28
330   7.73213357e-02   4.37748844e+05   5.78519642e-01   4.29389992e+01   1.78516004e-02   1.90253749e-01           28
331   6.95417896e-02   5.64106562e+05   5.78519285e-01   4.29389992e+01   2.00879239e-02   7.21802935e-02           29
332   8.49017054e-02   3.48395250e+05   5.78174174e-01   4.29389992e+01   2.13464275e-02   6.21320829e-02           28
333   6.62467107e-02   6.33303438e+05   5.77817202e-01   4.29389992e+01   9.12237167e-03   5.55139743e-02           26
334   7.01576769e-02   5.46617562e+05   5.78566313e-01   4.29389992e+01   1.89361311e-02   1.61215559e-01           25
335   7.46722221e-02   4.74455094e+05   5.78393638e-01   4.29389992e+01   1.54422102e-02   1.44940242e-01           30
336   7.64024481e-02   4.45190875e+05   5.78541517e-01   4.29389992e+01   1.60978641e-02   1.15565114e-01           24
337   7.55307302e-02   4.59932625e+05   5.77366173e-01   4.29389992e+01   1.51245128e-02   7.88493827e-02           28
338   7.43722841e-02   4.76340719e+05   5.78756750e-01   4.29389992e+01   2.34224815e-02   1.43631354e-01           26
339   7.83714652e-02   4.20230656e+05   5.78701019e-01   4.29389992e+01   2.06959117e-02   9.92753208e-02           27
340   7.29723126e-02   5.01947750e+05   5.78647256e-01   4.29389992e+01   2.41722334e-02   5.67738526e-02           27
341   7.00189918e-02   5.55887938e+05   5.78527927e-01   4.29389992e+01   1.97255444e-02   1.68863788e-01           30
342   7.43273348e-02   4.80565844e+05   5.78605413e-01   4.29389992e+01   2.54163835e-02   2.09398866e-01           27
343   7.43702501e-02   4.79857656e+05   5.78710616e-01   4.29389992e+01   1.65633317e-02   8.55218545e-02           28
344   7.38571584e-02   4.83457719e+05   5.78298867e-01   4.29389992e+01   1.11946343e-02   4.93555032e-02           26
345   7.58237243e-02   4.56643188e+05   5.78694880e-01   4.29389992e+01   2.00311746e-02   1.39089480e-01           27
346   7.13173747e-02   5.30006062e+05   5.78609884e-01   4.29389992e+01   8.22850224e-03   3.38867337e-01           27
347   7.06865266e-02   5.37171125e+05   5.78291357e-01   4.29389992e+01   9.61579569e-03   7.65982330e-01           24
348   7.18037561e-02   5.20371594e+05   5.78548074e-01   4.29389992e+01   1.86408181e-02   1.14890940e-01           26
349   7.22223222e-02   5.15177719e+05   5.78519642e-01   4.29389992e+01   1.45276077e-02   1.22551113e-01           29
350   7.97079504e-02   4.04931312e+05   5.78694880e-01   4.29389992e+01   1.00444285e-02   7.22141117e-02           27
351   7.35534057e-02   4.91675344e+05   5.78756750e-01   4.29389992e+01   1.65520497e-02   1.36825636e-01           28
352   7.78843313e-02   4.29470500e+05   5.78133643e-01   4.29389992e+01   1.53075224e-02   1.41855150e-01           28
353   6.85248524e-02   5.82452875e+05   5.78041792e-01   4.29389992e+01   1.85357071e-02   1.77971900e-01           27
354   7.19958022e-02   5.17637938e+05   5.78307152e-01   4.29389992e+01   2.46766116e-02   1.03177831e-01           27
355   7.30643049e-02   4.97194438e+05   5.78736067e-01   4.29389992e+01   1.24997124e-02   2.92042732e-01           25
356   7.45317861e-02   4.73491719e+05   5.78505397e-01   4.29389992e+01   1.41011700e-02   6.51912168e-02           28
357   7.33042806e-02   4.98165719e+05   5.78607142e-01   4.29389992e+01   1.79602411e-02   1.67390957e-01           27
358   7.12094456e-02   5.29844188e+05   5.78264356e-01   4.29389992e+01   2.05632094e-02   1.15403242e-01           30
359   7.24150091e-02   5.09846781e+05   5.78546047e-01   4.29389992e+01   2.35764775e-02   1.68403760e-01           28
360   7.63506740e-02   4.51451219e+05   5.78328133e-01   4.29389992e+01   2.49490738e-02   6.79586753e-02           29
361   6.79769814e-02   5.90689750e+05   5.78747988e-01   4.29389992e+01   2.36646384e-02   1.39399871e-01           28
362   6.76557198e-02   6.01469000e+05   5.78638852e-01   4.29389992e+01   2.01106723e-02   4.33535166e-02           28
363   7.62986243e-02   4.47620375e+05   5.78023911e-01   4.29389992e+01   1.26848100e-02   7.18109161e-02           21
364   7.02433884e-02   5.51040000e+05   5.78623176e-01   4.29389992e+01   1.95566919e-02   1.21408537e-01           29
365   7.38126114e-02   4.88727969e+05   5.78607142e-01   4.29389992e+01   2.28894930e-02   2.05876350e-01           27
366   7.20617324e-02   5.19009688e+05   5.77866673e-01   4.29389992e+01   1.13720745e-02   1.66834339e-01           29
367   7.30133131e-02   5.00843156e+05   5.78446925e-01   4.29389992e+01   7.88807869e-03   5.37073873e-02           28
368   6.97126240e-02   5.57821312e+05   5.78531802e-01   4.29389992e+01   1.99654903e-02   4.29426283e-02           29
369   7.37803653e-02   4.86124906e+05   5.78618407e-01   4.29389992e+01   2.18434166e-02   1.39671609e-01           25
370   7.40505978e-02   4.82073688e+05   5.78666031e-01   4.29389992e+01   1.96846891e-02   5.40459119e-02           28
371   7.40484372e-02   4.80764562e+05   5.78755140e-01   4.29389992e+01   1.49145378e-02   6.95934519e-02           30
372   7.18857944e-02   5.18004469e+05   5.78554153e-01   4.29389992e+01   2.32166126e-02   1.39350042e-01           27
373   7.28113651e-02   5.00215406e+05   5.78709662e-01   4.29389992e+01   1.93546638e-02   1.90698147e-01           28
374   6.96857572e-02   5.61420625e+05   5.78710616e-01   4.29389992e+01   1.96973141e-02   7.32497498e-02           29
375   7.53476545e-02   4.63628094e+05   5.78652859e-01   4.29389992e+01   1.78643670e-02   1.06839098e-01           27
376   7.61377215e-02   4.48034812e+05   5.78330815e-01   4.29389992e+01   2.38548703e-02   9.58072767e-02           27
377   7.13740587e-02   5.23813594e+05   5.78638852e-01   4.29389992e+01   1.89757142e-02   6.73576817e-02           25
378   7.20578432e-02   5.17068750e+05   5.78465462e-01   4.29389992e+01   2.00583320e-02   7.78832883e-02           29
379   7.50691742e-02   4.65442469e+05   5.78471005e-01   4.29389992e+01   1.65641736e-02   1.41332969e-01           28
380   6.98285326e-02   5.54133812e+05   5.78517139e-01   4.29389992e+01   3.29810157e-02   1.61067337e-01           24
381   8.33240077e-02   3.64573469e+05   5.78696012e-01   4.29389992e+01   2.84318253e-02   6.31786585e-02           29
382   6.82095140e-02   5.87183000e+05   5.78539073e-01   4.29389992e+01   1.86710786e-02   7.04514012e-02           25
383   7.55282715e-02   4.60398562e+05   5.78461707e-01   4.29389992e+01   1.87474731e-02   9.37336981e-02           27
384   6.98572397e-02   5.56438750e+05   5.77153325e-01   4.29389992e+01   2.50873435e-02   7.09358156e-02           28
385   7.72787035e-02   4.37628062e+05   5.78656733e-01   4.29389992e+01   1.92940552e-02   7.43453205e-02           29
386   7.60233253e-02   4.53112906e+05   5.78710616e-01   4.29389992e+01   1.72512103e-02   1.03695236e-01           29
387   7.12466985e-02   5.29722188e+05   5.78589678e-01   4.29389992e+01   2.46290527e-02   8.43885168e-02           29
388   7.98200145e-02   4.02494406e+05   5.78471005e-01   4.29389992e+01   7.42762629e-03   1.59508646e-01           27
389   6.88536838e-02   5.77373250e+05   5.78244984e-01   4.29389992e+01   9.45861638e-03   1.82583213e-01           27
390   7.25353584e-02   5.08516812e+05   5.78277409e-01   4.29389992e+01   1.71195921e-02   1.04992136e-01           30
391   7.37462416e-02   4.87773250e+05   5.78676522e-01   4.29389992e+01   2.17870325e-02   6.57868534e-02           27
392   7.46208206e-02   4.72976875e+05   5.78676522e-01   4.29389992e+01   1.33260060e-02   1.48608550e-01           29
393   7.48095959e-02   4.71017562e+05   5.78534603e-01   4.29389992e+01   1.97469965e-02   1.43861920e-01           30
394   7.09088966e-02   5.36748062e+05   5.78429997e-01   4.29389992e+01   2.18339581e-02   7.85372555e-02           27
395   7.36453459e-02   4.83673750e+05   5.78638852e-01   4.29389992e+01   1.76837668e-02   1.48145020e-01           27
396   7.32495040e-02   4.94944844e+05   5.78444541e-01   4.29389992e+01   2.18374506e-02   1.13001950e-01           24
397   7.16686621e-02   5.21347281e+05   5.78605413e-01   4.29389992e+01   1.62141491e-02   2.44163305e-01           23
398   7.60954022e-02   4.52745562e+05   5.78468800e-01   4.29389992e+01   1.72999725e-02   8.49397779e-02           29
399   7.45951012e-02   4.77485062e+05   5.78731596e-01   4.29389992e+01   2.24644337e-02   1.04599468e-01           29
400   7.59491399e-02   1.00440100e+06   5.78666091e-01   9.54329987e+01   2.19640415e-02   4.41326536e-02           26
401   7.51012489e-02   1.03157481e+06   5.78562081e-01   9.54329987e+01   1.68305095e-02   8.95309448e-02           26
402   7.17220157e-02   1.15340112e+06   5.78633189e-01   9.54329987e+01   1.38244843e-02   4.52240892e-02           27
403   7.33682439e-02   1.09261862e+06   5.78702927e-01   9.54329987e+01   1.76716130e-02   7.40817040e-02           27
404   7.43042454e-02   1.06270362e+06   5.78726113e-01   9.54329987e+01   1.65071543e-02   1.63285732e-01           29
405   7.65482858e-02   9.89138250e+05   5.78697622e-01   9.54329987e+01   1.99399851e-02   6.36842549e-02           25
406   7.22004697e-02   1.13325488e+06   5.78606129e-01   9.54329987e+01   2.04669815e-02   1.37125269e-01           27
407   7.32229650e-02   1.09761125e+06   5.78382373e-01   9.54329987e+01   1.63560119e-02   1.17017336e-01           27
408   7.50705600e-02   1.04029744e+06   5.78647256e-01   9.54329987e+01   2.19209455e-02   4.85235825e-02           30
409   7.28944987e-02   1.11601112e+06   5.78731596e-01   9.54329987e+01   1.03348289e-02   1.00430377e-01           28
410   7.24660456e-02   1.12607688e+06   5.78731596e-01   9.54329987e+01   2.89303493e-02   4.95488942e-02           29
411   7.55406246e-02   1.01861125e+06   5.78702927e-01   9.54329987e+01   1.94403734e-02   8.77941847e-02           28
412   7.17261285e-02   1.14677675e+06   5.78592420e-01   9.54329987e+01   2.17261314e-02   2.49825671e-01           25
413   7.36811981e-02   1.07890038e+06   5.78735232e-01   9.54329987e+01   2.16578525e-02   2.14345157e-01           29
414   7.71662816e-02   9.68206875e+05   5.78747451e-01   9.54329987e+01   1.84828807e-02   9.37319323e-02           29
415   7.79390112e-02   9.45255125e+05   5.78443229e-01   9.54329987e+01   2.15897802e-02   6.06484562e-02           27
416   7.56122395e-02   1.02149712e+06   5.78468800e-01   9.54329987e+01   1.60252471e-02   7.10267797e-02           29
417   7.29721040e-02   1.10704112e+06   5.78607142e-01   9.54329987e+01   1.52631570e-02   5.44987842e-02           29
418   7.49204084e-02   1.04201744e+06   5.78726113e-01   9.54329987e+01   1.67731699e-02   3.54259908e-02           29
419   7.55339935e-02   1.02193181e+06   5.78670681e-01   9.54329987e+01   1.37322340e-02   5.09516783e-02           29
420   7.57359415e-02   1.01298606e+06   5.78469753e-01   9.54329987e+01   1.90607030e-02   8.34804699e-02           28
421   7.70603344e-02   9.74292188e+05   5.78756750e-01   9.54329987e+01   1.83599442e-02   3.97878140e-02           30
422   7.60984421e-02   1.00654462e+06   5.78726411e-01   9.54329987e+01   1.08691528e-02   7.39612654e-02           30
423   7.31130168e-02   1.10419662e+06   5.78618407e-01   9.54329987e+01   1.53182736e-02   3.74613144e-02           30
424   7.48552158e-02   1.04146431e+06   5.78466952e-01   9.54329987e+01   1.78431682e-02   9.37389284e-02           27
425   7.21590593e-02   1.13868038e+06   5.78429997e-01   9.54329987e+01   1.96910109e-02   1.16688184e-01           29
426   7.93728754e-02   9.09306625e+05   5.78401566e-01   9.54329987e+01   1.75731406e-02   9.40991566e-02           30
427   7.56356791e-02   1.01436038e+06   5.78753710e-01   9.54329987e+01   2.18031518e-02   1.56890854e-01           25
428   7.70263448e-02   9.72980312e+05   5.78736067e-01   9.54329987e+01   1.51975593e-02   3.57015133e-02           30
429   7.53430724e-02   1.02720400e+06   5.78653455e-01   9.54329987e+01   2.01427881e-02   1.29309580e-01           30
430   7.28301033e-02   1.11231062e+06   5.78652859e-01   9.54329987e+01   1.84982475e-02   3.88946496e-02           27
431   7.64566436e-02   9.90133312e+05   5.78661025e-01   9.54329987e+01   2.22015735e-02   1.41373962e-01           27
432   7.66970366e-02   9.80231062e+05   5.78652859e-01   9.54329987e+01   1.26075493e-02   3.59695181e-02           23
433   7.35959783e-02   1.08393275e+06   5.78635216e-01   9.54329987e+01   2.06771307e-02   5.11567593e-02           26
434   7.72132725e-02   9.65990875e+05   5.78429997e-01   9.54329987e+01   2.05074698e-02   5.09128347e-02           28
435   7.52795190e-02   1.03124356e+06   5.78726113e-01   9.54329987e+01   2.05263905e-02   1.35358438e-01           28
436   7.31689036e-02   1.09925850e+06   5.78656733e-01   9.54329987e+01   1.44155305e-02   6.89603165e-02           29
437   7.22058043e-02   1.13389838e+06   5.78747451e-01   9.54329987e+01   1.66994091e-02   1.03981696e-01           27
438   7.34129399e-02   1.08946700e+06   5.78628421e-01   9.54329987e+01   1.57900937e-02   8.63016993e-02           28
439   7.51026571e-02   1.03356450e+06   5.78701019e-01   9.54329987e+01   1.97600015e-02   1.17252007e-01           27
440   7.59746358e-02   1.00814106e+06   5.78726411e-01   9.54329987e+01   2.00134180e-02   1.23723961e-01           29
441   7.50588477e-02   1.03714575e+06   5.78701019e-01   9.54329987e+01   2.00824086e-02   1.20564669e-01           27
442   7.46583790e-02   1.04327650e+06   5.78747451e-01   9.54329987e+01   1.83873773e-02   1.09178171e-01           26
443   7.77433589e-02   9.51928938e+05   5.78718722e-01   9.54329987e+01   1.70093086e-02   8.05257559e-02           28
444   7.47308135e-02   1.04219975e+06   5.78694880e-01   9.54329987e+01   1.51139302e-02   5.61291836e-02           26
445   7.89572522e-02   9.21613125e+05   5.78702927e-01   9.54329987e+01   1.74672436e-02   4.40349132e-02           29
446   6.77597150e-02   1.32077800e+06   5.78609884e-01   9.54329987e+01   1.95537247e-02   1.02536835e-01           30
447   7.44367689e-02   1.05063900e+06   5.78472376e-01   9.54329987e+01   1.81910638e-02   1.66969046e-01           26
448   7.33397976e-02   1.09960425e+06   5.78702927e-01   9.54329987e+01   1.49802854e-02   4.00731005e-02           28
449   7.26148039e-02   1.12159262e+06   5.78661025e-01   9.54329987e+01   1.70118492e-02   1.39037132e-01           28
450   7.42792562e-02   1.06320575e+06   5.78549206e-01   9.54329987e+01   1.92930624e-02   9.19399709e-02           27
451   7.53626898e-02   1.02001531e+06   5.78710616e-01   9.54329987e+01   2.02326085e-02   2.99405068e-01           25
452   7.54459351e-02   1.02106081e+06   5.78676522e-01   9.54329987e+01   1.91822778e-02   7.47499391e-02           28
453   7.39089623e-02   1.07601225e+06   5.78756750e-01   9.54329987e+01   2.15998329e-02   9.59290117e-02           28
454   7.30707943e-02   1.10548625e+06   5.78676522e-01   9.54329987e+01   1.69232916e-02   9.18299183e-02           29
455   7.63688534e-02   9.92980688e+05   5.78694582e-01   9.54329987e+01   2.26474926e-02   6.25183657e-02           27
456   7.04640374e-02   1.20458262e+06   5.78539610e-01   9.54329987e+01   2.00134069e-02   4.45409603e-02           28
457   7.45539740e-02   1.04616406e+06   5.78706980e-01   9.54329987e+01   1.63498148e-02   2.25222390e-02           22
458   7.17793554e-02   1.15495962e+06   5.78623176e-01   9.54329987e+01   1.75207406e-02   7.38234296e-02           28
459   7.12888092e-02   1.17547262e+06   5.78546107e-01   9.54329987e+01   2.01649908e-02   9.59891602e-02           29
460   7.32225254e-02   1.09644625e+06   5.78587532e-01   9.54329987e+01   1.42983301e-02   6.71774894e-02           28
461   7.76939467e-02   9.55769438e+05   5.78549206e-01   9.54329987e+01   2.51530129e-02   6.93747103e-02           29
462   7.46735781e-02   1.04811212e+06   5.78656733e-01   9.54329987e+01   2.20028665e-02   1.05424695e-01           29
463   7.31664971e-02   1.10661688e+06   5.78592896e-01   9.54329987e+01   1.52943665e-02   8.72168764e-02           29
464   7.55081624e-02   1.02394344e+06   5.78589678e-01   9.54329987e+01   2.52765492e-02   4.35451008e-02           28
465   7.53994733e-02   1.02418012e+06   5.78747988e-01   9.54329987e+01   2.19262876e-02   1.11579515e-01           29
466   7.20975697e-02   1.14130300e+06   5.78749895e-01   9.54329987e+01   1.34757515e-02   9.94225815e-02           26
467   7.43730962e-02   1.05655688e+06   5.78623176e-01   9.54329987e+01   1.73877738e-02   7.90193230e-02           29
468   7.39731491e-02   1.07398738e+06   5.78531504e-01   9.54329987e+01   1.57720577e-02   1.36518195e-01           26
469   7.08067715e-02   1.18852525e+06   5.78549445e-01   9.54329987e+01   1.94650013e-02   9.08018425e-02           27
470   7.45610967e-02   1.04898400e+06   5.78725040e-01   9.54329987e+01   1.29326535e-02   6.83834404e-02           27
471   7.36468434e-02   1.07602588e+06   5.78633189e-01   9.54329987e+01   1.49249239e-02   1.12286933e-01           21
472   7.28384331e-02   1.11571288e+06   5.78656733e-01   9.54329987e+01   2.07394864e-02   9.95078236e-02           27
473   7.74330944e-02   9.58364562e+05   5.78682303e-01   9.54329987e+01   1.46088777e-02   3.31830353e-01           24
474   7.92008862e-02   9.11324375e+05   5.78393638e-01   9.54329987e+01   2.29199100e-02   3.88971679e-02           28
475   7.36981034e-02   1.07944238e+06   5.78506231e-01   9.54329987e+01   2.14593653e-02   7.65594617e-02           28
476   7.47997835e-02   1.04611588e+06   5.78633189e-01   9.54329987e+01   1.38392597e-02   1.52917728e-01           29
477   7.32437819e-02   1.10252038e+06   5.78710854e-01   9.54329987e+01   2.02537477e-02   2.19893694e-01           28
478   7.45931715e-02   1.05119425e+06   5.78701019e-01   9.54329987e+01   2.31061485e-02   3.75419743e-02           29
479   7.24585056e-02   1.12864462e+06   5.78709662e-01   9.54329987e+01   1.82548426e-02   7.04318583e-02           30
480   7.31989071e-02   1.10566625e+06   5.78505099e-01   9.54329987e+01   1.22879846e-02   9.11742300e-02           29
481   7.24174455e-02   1.13097000e+06   5.78696012e-01   9.54329987e+01   1.92326028e-02   5.00910208e-02           28
482   7.57569224e-02   1.01146194e+06   5.78556776e-01   9.54329987e+01   1.75707750e-02   3.73984538e-02           26
483   7.34234527e-02   1.09300825e+06   5.78696012e-01   9.54329987e+01   1.74829084e-02   6.62702844e-02           26
484   7.38935396e-02   1.07329625e+06   5.78661025e-01   9.54329987e+01   1.03071863e-02   1.49703860e-01           28
485   7.34397545e-02   1.08270725e+06   5.78647256e-01   9.54329987e+01   2.27090791e-02   2.48493850e-02           22
486   7.13460222e-02   1.16364425e+06   5.78710854e-01   9.54329987e+01   2.48647146e-02   1.53576910e-01           26
487   7.09847882e-02   1.18082175e+06   5.78515232e-01   9.54329987e+01   1.69875361e-02   1.76315814e-01           26
488   7.13105574e-02   1.17288700e+06   5.78731596e-01   9.54329987e+01   1.99041720e-02   9.84167531e-02           27
489   7.18937367e-02   1.14757275e+06   5.78567326e-01   9.54329987e+01   1.80469491e-02   1.20338328e-01           28
490   7.24362880e-02   1.12853250e+06   5.78433216e-01   9.54329987e+01   1.84767134e-02   5.81868887e-02           29
491   7.38350675e-02   1.08132850e+06   5.78702927e-01   9.54329987e+01   1.62093956e-02   4.82935049e-02           29
492   7.67969191e-02   9.78471312e+05   5.78735232e-01   9.54329987e+01   1.74888745e-02   5.72348684e-02           26
493   8.02761391e-02   8.84026375e+05   5.78633189e-01   9.54329987e+01   2.13414133e-02   1.22717969e-01           28
494   7.18412623e-02   1.15343888e+06   5.78581214e-01   9.54329987e+01   2.47724839e-02   5.77690639e-02           30
495   7.40736499e-02   1.06553525e+06   5.78749895e-01   9.54329987e+01   1.82925761e-02   1.60673887e-01           27
496   7.14979768e-02   1.16437250e+06   5.78382373e-01   9.54329987e+01   2.28958298e-02   6.55918941e-02           27
497   7.52919167e-02   1.02976594e+06   5.78697622e-01   9.54329987e+01   1.65524352e-02   7.78507516e-02           30
498   7.57319778e-02   1.01229131e+06   5.78656435e-01   9.54329987e+01   2.73467209e-02   3.75026539e-02           30
499   7.17120096e-02   1.15560975e+06   5.78710616e-01   9.54329987e+01   1.66053306e-02   3.34928110e-02           28
500   7.41135627e-02   2.38881450e+06   5.78710616e-01   2.14734009e+02   1.92397125e-02   8.78606141e-02           26
501   7.44074658e-02   2.37730425e+06   5.78709662e-01   2.14734009e+02   1.90808959e-02   6.99014887e-02           28
502   7.31137246e-02   2.47910825e+06   5.78710854e-01   2.14734009e+02   1.62468217e-02   1.34923279e-01           30
503   7.42490068e-02   2.39289275e+06   5.78718722e-01   2.14734009e+02   2.02335734e-02   3.48025598e-02           30
504   7.35511556e-02   2.42827625e+06   5.78682303e-01   2.14734009e+02   1.64768845e-02   1.12492189e-01           26
505   7.59562850e-02   2.26806900e+06   5.78756750e-01   2.14734009e+02   1.48485638e-02   6.38876632e-02           28
506   7.35757500e-02   2.43496275e+06   5.78756750e-01   2.14734009e+02   2.10696217e-02   3.51537541e-02           28
507   7.33586103e-02   2.46592200e+06   5.78694880e-01   2.14734009e+02   2.14572400e-02   1.60119027e-01           30
508   7.47308657e-02   2.33588875e+06   5.78725040e-01   2.14734009e+02   2.32512243e-02   9.80066285e-02           24
509   7.27498159e-02   2.51021325e+06   5.78735232e-01   2.14734009e+02   1.76642947e-02   7.83164427e-02           29
510   7.43007213e-02   2.37837725e+06   5.78749895e-01   2.14734009e+02   1.70008559e-02   5.65929487e-02           28
511   7.41808116e-02   2.38863700e+06   5.78710854e-01   2.14734009e+02   1.86421908e-02   9.90759730e-02           28
512   7.35051110e-02   2.43292075e+06   5.78710854e-01   2.14734009e+02   1.70256905e-02   1.18040502e-01           28
513   7.46845752e-02   2.34999875e+06   5.78753710e-01   2.14734009e+02   1.72558669e-02   1.18316777e-01           29
514   7.52291903e-02   2.31773125e+06   5.78710616e-01   2.14734009e+02   1.89678296e-02   7.21293315e-02           28
515   7.36906305e-02   2.43336750e+06   5.78676522e-01   2.14734009e+02   1.86424162e-02   5.28657548e-02           28
516   7.41245449e-02   2.40036150e+06   5.78756750e-01   2.14734009e+02   1.25152022e-02   7.89154842e-02           28
517   7.42875189e-02   2.36494975e+06   5.78656435e-01   2.14734009e+02   1.75902080e-02   4.28378552e-01           24
518   7.50225410e-02   2.33314975e+06   5.78706980e-01   2.14734009e+02   1.80146080e-02   5.24168946e-02           26
519   7.57281780e-02   2.27994150e+06   5.78606665e-01   2.14734009e+02   1.83906946e-02   5.83152436e-02           29
520   7.36198649e-02   2.42445875e+06   5.78656435e-01   2.14734009e+02   2.06096377e-02   9.83674601e-02           26
521   7.31200352e-02   2.45827175e+06   5.78277111e-01   2.14734009e+02   1.94492638e-02   2.78678089e-01           24
522   7.81677365e-02   2.10405900e+06   5.78756750e-01   2.14734009e+02   1.79238301e-02   1.75366893e-01           27
523   7.68016726e-02   2.19728800e+06   5.78731596e-01   2.14734009e+02   1.82981510e-02   7.61596113e-02           29
524   7.54495040e-02   2.30715725e+06   5.78734934e-01   2.14734009e+02   1.98788960e-02   2.13737682e-01           30
525   7.30562359e-02   2.48615650e+06   5.78606129e-01   2.14734009e+02   1.60980262e-02   5.94337694e-02           28
526   7.53717795e-02   2.30100600e+06   5.78666031e-01   2.14734009e+02   2.01049820e-02   6.46178499e-02           28
527   7.40063563e-02   2.40525125e+06   5.78749895e-01   2.14734009e+02   1.81334149e-02   8.77884701e-02           28
528   7.23356754e-02   2.53852450e+06   5.78676522e-01   2.14734009e+02   1.91650465e-02   6.19444065e-02           29
529   7.66447634e-02   2.21527100e+06   5.78656435e-01   2.14734009e+02   1.99358277e-02   9.85967442e-02           30
530   7.69556761e-02   2.18978725e+06   5.78710854e-01   2.14734009e+02   1.64990295e-02   4.32589054e-02           28
531   7.26559609e-02   2.50534850e+06   5.78735232e-01   2.14734009e+02   1.67657565e-02   3.79712023e-02           26
532   7.53094032e-02   2.30387050e+06   5.78726411e-01   2.14734009e+02   2.06547845e-02   8.52151066e-02           28
533   7.49618709e-02   2.32891125e+06   5.78753710e-01   2.14734009e+02   2.16357950e-02   8.47260952e-02           29
534   7.15871453e-02   2.60441275e+06   5.78726411e-01   2.14734009e+02   1.86512414e-02   4.74762022e-02           27
535   7.17404112e-02   2.58834400e+06   5.78710616e-01   2.14734009e+02   2.05099862e-02   8.99081007e-02           29
536   7.60444477e-02   2.25108125e+06   5.78734934e-01   2.14734009e+02   1.43637042e-02   5.71531244e-02           27
537   7.31430799e-02   2.46784200e+06   5.78587532e-01   2.14734009e+02   1.65582038e-02   9.01759490e-02           27
538   7.54797906e-02   2.30149225e+06   5.78676522e-01   2.14734009e+02   2.12191343e-02   8.71639475e-02           30
539   7.29992166e-02   2.48308975e+06   5.78676522e-01   2.14734009e+02   1.96695253e-02   9.61397663e-02           29
540   7.60247484e-02   2.25474350e+06   5.78702927e-01   2.14734009e+02   2.05324441e-02   5.47595061e-02           28
541   7.32774585e-02   2.46331375e+06   5.78747988e-01   2.14734009e+02   1.69660598e-02   1.66542009e-01           29
542   7.35139549e-02   2.44032375e+06   5.78670681e-01   2.14734009e+02   1.74942855e-02   8.64259154e-02           26
543   7.49458522e-02   2.33345950e+06   5.78676522e-01   2.14734009e+02   2.06698664e-02   4.17151675e-02           28
544   7.43562281e-02   2.37990575e+06   5.78734934e-01   2.14734009e+02   1.37289651e-02   9.74660441e-02           28
545   7.37025589e-02   2.42738375e+06   5.78756750e-01   2.14734009e+02   1.88660957e-02   1.64743870e-01           28
546   7.48554915e-02   2.34155500e+06   5.78755140e-01   2.14734009e+02   1.63334254e-02   8.86104628e-02           28
547   7.55950212e-02   2.27935725e+06   5.78753710e-01   2.14734009e+02   1.89375859e-02   3.19798142e-02           26
548   7.57812411e-02   2.27163300e+06   5.78653455e-01   2.14734009e+02   1.95458271e-02   1.00968935e-01           28
549   7.27806762e-02   2.49738400e+06   5.78756750e-01   2.14734009e+02   1.46098938e-02   5.24737574e-02           27
550   7.25159273e-02   2.51736450e+06   5.78701019e-01   2.14734009e+02   1.90904606e-02   1.00158855e-01           25
551   7.36213475e-02   2.42844900e+06   5.78756750e-01   2.14734009e+02   1.59074068e-02   8.17618519e-02           28
552   7.19761848e-02   2.57191775e+06   5.78753710e-01   2.14734009e+02   1.80272162e-02   8.80994722e-02           29
553   7.60827586e-02   2.24622900e+06   5.78753710e-01   2.14734009e+02   1.59407072e-02   6.28166720e-02           26
554   7.45857954e-02   2.36681450e+06   5.78710854e-01   2.14734009e+02   1.77500732e-02   2.97714695e-02           30
555   7.37817883e-02   2.42914000e+06   5.78755140e-01   2.14734009e+02   1.82507336e-02   9.35629308e-02           30
556   7.76673779e-02   2.13981250e+06   5.78692317e-01   2.14734009e+02   1.39861032e-02   1.83815360e-01           27
557   7.44984299e-02   2.36081100e+06   5.78755140e-01   2.14734009e+02   2.08367761e-02   5.18027097e-02           26
558   7.37716705e-02   2.41276050e+06   5.78666031e-01   2.14734009e+02   1.81407537e-02   1.39844164e-01           24
559   7.41838440e-02   2.38097350e+06   5.78756750e-01   2.14734009e+02   1.49292415e-02   8.73158798e-02           27
560   7.40240812e-02   2.38990125e+06   5.78756750e-01   2.14734009e+02   1.82126109e-02   8.14908221e-02           26
561   7.68236369e-02   2.20694025e+06   5.78749895e-01   2.14734009e+02   1.61786396e-02   6.84058517e-02           30
562   7.56233260e-02   2.28197325e+06   5.78661621e-01   2.14734009e+02   1.93467923e-02   3.08497455e-02           27
563   7.54049495e-02   2.29461825e+06   5.78564942e-01   2.14734009e+02   1.81262940e-02   5.09339161e-02           27
564   7.25551918e-02   2.51931350e+06   5.78747451e-01   2.14734009e+02   1.85746532e-02   6.60539940e-02           28
565   7.56150633e-02   2.28819600e+06   5.78755140e-01   2.14734009e+02   1.91592220e-02   6.07626811e-02           29
566   7.36837834e-02   2.42108425e+06   5.78749895e-01   2.14734009e+02   1.53809870e-02   1.83238521e-01           26
567   7.34009594e-02   2.45466400e+06   5.78756750e-01   2.14734009e+02   2.11636648e-02   5.96822239e-02           27
568   7.38892481e-02   2.41196375e+06   5.78735232e-01   2.14734009e+02   1.67242587e-02   1.84659496e-01           27
569   7.48830885e-02   2.33981350e+06   5.78656435e-01   2.14734009e+02   1.91447362e-02   8.96152928e-02           29
570   7.29243383e-02   2.49052925e+06   5.78718722e-01   2.14734009e+02   1.82108507e-02   4.27771769e-02           29
571   7.49872625e-02   2.33320525e+06   5.78666031e-01   2.14734009e+02   2.02789791e-02   7.49764442e-02           28
572   7.69153833e-02   2.19642000e+06   5.78618407e-01   2.14734009e+02   1.71220955e-02   4.67773937e-02           30
573   7.39263967e-02   2.40998650e+06   5.78633726e-01   2.14734009e+02   1.42540615e-02   4.46652807e-02           27
574   7.48958141e-02   2.32803200e+06   5.78734934e-01   2.14734009e+02   1.84680000e-02   1.68357655e-01           27
575   7.22035542e-02   2.54997375e+06   5.78749895e-01   2.14734009e+02   2.10866090e-02   1.22425206e-01           26
576   7.57559687e-02   2.25943900e+06   5.78755140e-01   2.14734009e+02   1.71480849e-02   3.04866910e-01           25
577   7.41761625e-02   2.39040275e+06   5.78725040e-01   2.14734009e+02   2.25491356e-02   9.07150060e-02           28
578   7.15118125e-02   2.60456875e+06   5.78734934e-01   2.14734009e+02   1.84863675e-02   4.82955240e-02           29
579   7.29719251e-02   2.48511250e+06   5.78753710e-01   2.14734009e+02   1.71837807e-02   7.36966580e-02           28
580   7.37284422e-02   2.42288525e+06   5.78753710e-01   2.14734009e+02   2.03530379e-02   1.81058243e-01           26
581   7.62814879e-02   2.23311900e+06   5.78734934e-01   2.14734009e+02   1.96208116e-02   7.50056803e-02           27
582   7.39687756e-02   2.40088450e+06   5.78756750e-01   2.14734009e+02   2.26506237e-02   1.18672244e-01           26
583   7.31854737e-02   2.47842225e+06   5.78718722e-01   2.14734009e+02   1.86888743e-02   4.72366773e-02           28
584   7.28355423e-02   2.50040000e+06   5.78596711e-01   2.14734009e+02   2.15116888e-02   2.63212584e-02           27
585   7.61627108e-02   2.24295050e+06   5.78661025e-01   2.14734009e+02   1.86217763e-02   2.94174701e-02           28
586   7.27970451e-02   2.49535050e+06   5.78701019e-01   2.14734009e+02   1.77626200e-02   2.60479569e-01           26
587   7.46574402e-02   2.36021150e+06   5.78718722e-01   2.14734009e+02   1.78682487e-02   9.25165340e-02           28
588   7.22801536e-02   2.54427275e+06   5.78756750e-01   2.14734009e+02   2.08905898e-02   9.75414738e-02           27
589   7.48440474e-02   2.33856025e+06   5.78706980e-01   2.14734009e+02   1.81499254e-02   6.74092099e-02           27
590   7.13683441e-02   2.61686750e+06   5.78731596e-01   2.14734009e+02   1.53157571e-02   5.67071997e-02           26
591   7.64229447e-02   2.22074050e+06   5.78676522e-01   2.14734009e+02   1.77920144e-02   6.78723976e-02           26
592   7.54628852e-02   2.29495175e+06   5.78710616e-01   2.14734009e+02   1.36816744e-02   1.80061802e-01           28
593   7.74390176e-02   2.15689125e+06   5.78735232e-01   2.14734009e+02   1.67822223e-02   5.63830920e-02           28
594   7.75697827e-02   2.15235675e+06   5.78576446e-01   2.14734009e+02   1.80142969e-02   1.74734429e-01           29
595   7.63125345e-02   2.23328425e+06   5.78747451e-01   2.14734009e+02   1.75126791e-02   5.64076118e-02           28
596   7.43668526e-02   2.37958075e+06   5.78755140e-01   2.14734009e+02   1.68259423e-02   3.14174704e-02           28
597   7.41752684e-02   2.38516425e+06   5.78607142e-01   2.14734009e+02   1.82141904e-02   1.40332863e-01           27
598   7.19944760e-02   2.56673850e+06   5.78735232e-01   2.14734009e+02   1.95332412e-02   6.44124821e-02           28
599   7.70322084e-02   2.18347300e+06   5.78725040e-01   2.14734009e+02   1.69646423e-02   5.49462065e-02           28
600   7.14983046e-02   5.19279000e+06   5.78731596e-01   4.29468018e+02   1.65206008e-02   1.97828606e-01           26
601   7.39838108e-02   4.81073450e+06   5.78670681e-01   4.29468018e+02   1.70249734e-02   9.93983075e-02           27
602   7.37281591e-02   4.83670000e+06   5.78694582e-01   4.29468018e+02   1.77859180e-02   2.09822908e-01           29
603   7.27862343e-02   4.99115100e+06   5.78749895e-01   4.29468018e+02   1.83385592e-02   1.63846061e-01           29
604   7.41759911e-02   4.77168050e+06   5.78726411e-01   4.29468018e+02   1.98405478e-02   1.53713346e-01           29
605   7.12996274e-02   5.21811050e+06   5.78710616e-01   4.29468018e+02   1.91662423e-02   1.14225589e-01           24
606   7.33858794e-02   4.88219200e+06   5.78656733e-01   4.29468018e+02   1.80923175e-02   6.68767393e-02           24
607   7.36467838e-02   4.87091100e+06   5.78756750e-01   4.29468018e+02   1.97641328e-02   5.15855029e-02           28
608   7.41216242e-02   4.76266250e+06   5.78755140e-01   4.29468018e+02   1.83313806e-02   1.97734252e-01           27
609   7.32384101e-02   4.91121900e+06   5.78736067e-01   4.29468018e+02   1.75411440e-02   2.25678608e-01           27
610   7.40734264e-02   4.78808250e+06   5.78747988e-01   4.29468018e+02   1.72904246e-02   7.97792375e-02           30
611   7.50685707e-02   4.64299800e+06   5.78753710e-01   4.29468018e+02   2.02262327e-02   8.13379809e-02           28
612   7.46635497e-02   4.70009300e+06   5.78755140e-01   4.29468018e+02   1.71431899e-02   1.63357183e-01           28
613   7.47090280e-02   4.68026050e+06   5.78747451e-01   4.29468018e+02   1.83577985e-02   1.27497986e-01           27
614   7.50869811e-02   4.60299350e+06   5.78749895e-01   4.29468018e+02   1.79609768e-02   1.37930989e-01           24
615   7.47262910e-02   4.68436700e+06   5.78736067e-01   4.29468018e+02   2.20505539e-02   5.45621328e-02           26
616   7.40054771e-02   4.79201300e+06   5.78747988e-01   4.29468018e+02   1.65944509e-02   1.71299413e-01           25
617   7.44208321e-02   4.72722150e+06   5.78736067e-01   4.29468018e+02   1.74741186e-02   1.14191771e-01           27
618   7.23321885e-02   5.05166400e+06   5.78747988e-01   4.29468018e+02   1.71744712e-02   5.22581525e-02           24
619   7.36686364e-02   4.85461600e+06   5.78735232e-01   4.29468018e+02   1.58467200e-02   4.60943319e-02           28
620   7.54628032e-02   4.59165000e+06   5.78710854e-01   4.29468018e+02   1.89843569e-02   8.52992162e-02           28
621   7.46765807e-02   4.70110300e+06   5.78756750e-01   4.29468018e+02   1.69959906e-02   1.25726208e-01           29
622   7.22585544e-02   5.09480400e+06   5.78747451e-01   4.29468018e+02   2.11344268e-02   2.72315413e-01           28
623   7.54018798e-02   4.58987200e+06   5.78756750e-01   4.29468018e+02   1.58211011e-02   3.92111465e-02           28
624   7.38841519e-02   4.80497400e+06   5.78725040e-01   4.29468018e+02   1.82822440e-02   2.62775451e-01           25
625   7.56211057e-02   4.55796800e+06   5.78718722e-01   4.29468018e+02   1.93830058e-02   1.23507388e-01           28
626   7.53834546e-02   4.59898700e+06   5.78735232e-01   4.29468018e+02   1.76297911e-02   1.53004438e-01           28
627   7.45316148e-02   4.71151750e+06   5.78756750e-01   4.29468018e+02   1.87442638e-02   1.89193919e-01           29
628   7.54729584e-02   4.58060700e+06   5.78731596e-01   4.29468018e+02   1.79839134e-02   2.64848340e-02           27
629   7.41983652e-02   4.76694500e+06   5.78736067e-01   4.29468018e+02   1.98098905e-02   1.90944880e-01           29
630   7.55741522e-02   4.55933850e+06   5.78756750e-01   4.29468018e+02   1.76694766e-02   1.51208937e-01           27
631   7.35356361e-02   4.87228700e+06   5.78747988e-01   4.29468018e+02   1.57096051e-02   1.81232363e-01           28
632   7.19615743e-02   5.11935050e+06   5.78756750e-01   4.29468018e+02   2.01975089e-02   4.53565493e-02           26
633   7.63023943e-02   4.46686550e+06   5.78734934e-01   4.29468018e+02   1.79044046e-02   9.85400453e-02           29
634   7.35122859e-02   4.86816700e+06   5.78736067e-01   4.29468018e+02   1.63834114e-02   7.05770180e-02           28
635   7.44148716e-02   4.74883700e+06   5.78666091e-01   4.29468018e+02   1.58678275e-02   9.28387791e-02           30
636   7.52349794e-02   4.60719750e+06   5.78756750e-01   4.29468018e+02   1.73815489e-02   1.89765811e-01           28
637   7.38585517e-02   4.81799450e+06   5.78632295e-01   4.29468018e+02   2.12195069e-02   7.21542537e-02           27
638   7.24058524e-02   5.06256800e+06   5.78736067e-01   4.29468018e+02   1.78605169e-02   1.20886266e-01           29
639   7.38564208e-02   4.81775500e+06   5.78756750e-01   4.29468018e+02   1.59127600e-02   7.55823702e-02           27
640   7.49781504e-02   4.66016450e+06   5.78755140e-01   4.29468018e+02   1.98475085e-02   9.58966985e-02           30
641   7.34051913e-02   4.88660750e+06   5.78736067e-01   4.29468018e+02   1.76836997e-02   2.58863181e-01           27
642   7.29483664e-02   4.95855400e+06   5.78666091e-01   4.29468018e+02   1.64635722e-02   8.08910504e-02           27
643   7.41617456e-02   4.75607000e+06   5.78749895e-01   4.29468018e+02   1.74414758e-02   1.96179330e-01           26
644   7.38859624e-02   4.83185900e+06   5.78701019e-01   4.29468018e+02   1.70445032e-02   1.50990769e-01           29
645   7.47743025e-02   4.70321450e+06   5.78736067e-01   4.29468018e+02   1.88850891e-02   1.12649225e-01           29
646   7.34091550e-02   4.89906800e+06   5.78756750e-01   4.29468018e+02   1.82070807e-02   9.79524553e-02           27
647   7.28982463e-02   4.97780000e+06   5.78747988e-01   4.29468018e+02   1.81055609e-02   1.32963374e-01           28
648   7.51049742e-02   4.63994550e+06   5.78747451e-01   4.29468018e+02   1.67519599e-02   1.98029071e-01           28
649   7.62495920e-02   4.47444650e+06   5.78756750e-01   4.29468018e+02   1.75475776e-02   1.69398114e-01           29
650   7.29701668e-02   4.95262750e+06   5.78735232e-01   4.29468018e+02   1.86084323e-02   1.22676298e-01           28
651   7.33459294e-02   4.90183950e+06   5.78731596e-01   4.29468018e+02   2.05312036e-02   6.31442443e-02           29
652   7.54070655e-02   4.58875400e+06   5.78747451e-01   4.29468018e+02   2.03303397e-02   2.42068619e-02           27
653   7.43288919e-02   4.74564500e+06   5.78747451e-01   4.29468018e+02   1.61035415e-02   1.71226189e-01           28
654   7.26235956e-02   5.01421200e+06   5.78736067e-01   4.29468018e+02   2.11571380e-02   7.30630159e-02           27
655   7.47960433e-02   4.68251550e+06   5.78611791e-01   4.29468018e+02   1.99457072e-02   5.48328385e-02           27
656   7.48086348e-02   4.64756100e+06   5.78710854e-01   4.29468018e+02   1.47672519e-02   1.50838017e-01           25
657   7.46747255e-02   4.68927150e+06   5.78710616e-01   4.29468018e+02   1.73105765e-02   9.40496475e-02           27
658   7.40441084e-02   4.78664350e+06   5.78756750e-01   4.29468018e+02   1.94251426e-02   2.28799522e-01           26
659   7.59338215e-02   4.50700750e+06   5.78749895e-01   4.29468018e+02   1.65720060e-02   1.43068418e-01           27
660   7.36720636e-02   4.85216650e+06   5.78726411e-01   4.29468018e+02   1.36880977e-02   5.10604642e-02           26
661   7.52230734e-02   4.61411550e+06   5.78747988e-01   4.29468018e+02   1.99246891e-02   1.21138804e-01           27
662   7.54641965e-02   4.55634550e+06   5.78747451e-01   4.29468018e+02   2.09904201e-02   1.49697125e-01           25
663   7.23429397e-02   5.06191300e+06   5.78753710e-01   4.29468018e+02   1.87617913e-02   6.35912940e-02           27
664   7.47975037e-02   4.68141400e+06   5.78749895e-01   4.29468018e+02   2.10007969e-02   5.25546335e-02           30
665   7.30473250e-02   4.92863600e+06   5.78747451e-01   4.29468018e+02   1.88358761e-02   2.23440602e-01           25
666   7.49579147e-02   4.66260350e+06   5.78756750e-01   4.29468018e+02   1.68170799e-02   1.76465020e-01           29
667   7.45130554e-02   4.71619800e+06   5.78731596e-01   4.29468018e+02   2.00988259e-02   2.13021673e-02           27
668   7.40418062e-02   4.77968300e+06   5.78725040e-01   4.29468018e+02   1.73906628e-02   3.03401738e-01           28
669   7.55836144e-02   4.56799050e+06   5.78731596e-01   4.29468018e+02   1.60243697e-02   3.92678007e-02           27
670   7.27788359e-02   4.99914600e+06   5.78756750e-01   4.29468018e+02   1.77947916e-02   1.34047195e-01           28
671   7.41635859e-02   4.77436800e+06   5.78735232e-01   4.29468018e+02   1.98995955e-02   1.73910052e-01           27
672   7.26934895e-02   4.99795000e+06   5.78756750e-01   4.29468018e+02   1.56406630e-02   2.34447941e-01           29
673   7.22676590e-02   5.07198750e+06   5.78718722e-01   4.29468018e+02   1.53509714e-02   2.16698989e-01           27
674   7.30439499e-02   4.95026150e+06   5.78734934e-01   4.29468018e+02   1.62222553e-02   1.22600779e-01           28
675   7.60391578e-02   4.50760250e+06   5.78749895e-01   4.29468018e+02   1.95424873e-02   2.12587878e-01           30
676   7.37235025e-02   4.81289700e+06   5.78756750e-01   4.29468018e+02   1.96171496e-02   1.54458910e-01           25
677   7.35639408e-02   4.85303750e+06   5.78694582e-01   4.29468018e+02   2.22640559e-02   1.14944957e-01           24
678   7.32617229e-02   4.90242550e+06   5.78718722e-01   4.29468018e+02   1.38530536e-02   9.08494368e-02           25
679   7.52558857e-02   4.60366100e+06   5.78709662e-01   4.29468018e+02   1.70738734e-02   8.13198760e-02           27
680   7.60447532e-02   4.50983850e+06   5.78749895e-01   4.29468018e+02   2.08780318e-02   3.85704711e-02           30
681   7.43198916e-02   4.76112850e+06   5.78756750e-01   4.29468018e+02   1.86710972e-02   1.33703813e-01           28
682   7.67128170e-02   4.40390950e+06   5.78710616e-01   4.29468018e+02   2.05318965e-02   7.72672370e-02           30
683   7.70219266e-02   4.36083800e+06   5.78755140e-01   4.29468018e+02   2.23771129e-02   9.44147781e-02           29
684   7.49249980e-02   4.65751400e+06   5.78726411e-01   4.29468018e+02   1.79396905e-02   5.59635013e-02           26
685   7.35566691e-02   4.87335650e+06   5.78694582e-01   4.29468018e+02   1.76384132e-02   1.98516279e-01           28
686   7.46320412e-02   4.68275700e+06   5.78734934e-01   4.29468018e+02   1.50086265e-02   2.29750484e-01           26
687   7.49422088e-02   4.63712350e+06   5.78756750e-01   4.29468018e+02   1.80877708e-02   2.36148000e-01           25
688   7.50446394e-02   4.64891950e+06   5.78726411e-01   4.29468018e+02   1.71469469e-02   4.79195155e-02           28
689   7.34088346e-02   4.90050550e+06   5.78749895e-01   4.29468018e+02   1.65267270e-02   7.48002678e-02           28
690   7.52987638e-02   4.58700750e+06   5.78734934e-01   4.29468018e+02   1.90460011e-02   8.22611526e-02           23
691   7.44134784e-02   4.74014850e+06   5.78735232e-01   4.29468018e+02   1.72997229e-02   6.23270273e-02           27
692   7.38323927e-02   4.81538750e+06   5.78756750e-01   4.29468018e+02   1.81820635e-02   3.62692624e-02           27
693   7.35003501e-02   4.85581400e+06   5.78747451e-01   4.29468018e+02   2.13879887e-02   5.27472124e-02           26
694   7.30747283e-02   4.94182150e+06   5.78747451e-01   4.29468018e+02   1.57864001e-02   5.51812313e-02           28
695   7.23870769e-02   5.04665200e+06   5.78706980e-01   4.29468018e+02   1.80023350e-02   6.76555708e-02           26
696   7.35198259e-02   4.88695050e+06   5.78749895e-01   4.29468018e+02   1.75751355e-02   8.43365863e-02           29
697   7.39145875e-02   4.80907200e+06   5.78710854e-01   4.29468018e+02   1.47056011e-02   9.62440446e-02           29
698   7.39091486e-02   4.80168500e+06   5.78749895e-01   4.29468018e+02   1.64505355e-02   1.22827910e-01           27
699   7.67456666e-02   4.39323500e+06   5.78735232e-01   4.29468018e+02   1.71619505e-02   1.20669313e-01           27
