#ID, Rs, Dc, R200, Mvir, xoff, rho_rms, niter
000   7.68357217e-02   5.34799297e+04   6.14908874e-01   5.18700027e+00   3.84915844e-02   3.35375607e-01           28
001   8.31092447e-02   4.42580508e+04   6.12980306e-01   5.18700027e+00   1.98063049e-02   1.32858649e-01           25
002   7.38254264e-02   5.84625195e+04   6.15726888e-01   5.18700027e+00   6.48915842e-02   2.19867080e-01           25
003   9.83678475e-02   2.94902930e+04   6.15482748e-01   5.18700027e+00   2.31497064e-02   2.31762886e-01           26
004   9.14780498e-02   3.49290898e+04   6.11890078e-01   5.18700027e+00   3.76498438e-02   8.67279097e-02           27
005   1.06591582e-01   2.49702051e+04   6.02916598e-01   5.18700027e+00   1.91690400e-02   2.03368843e-01           24
006   1.05321869e-01   2.52966777e+04   6.16267979e-01   5.18700027e+00   4.50871028e-02   4.90664780e-01           26
007   9.22563672e-02   3.42399219e+04   6.13213539e-01   5.18700027e+00   3.74179855e-02   1.16240069e-01           22
008   8.82399008e-02   3.79614062e+04   6.15272284e-01   5.18700027e+00   5.39813675e-02   1.08545579e-01           28
009   9.04180631e-02   3.62966094e+04   6.11604095e-01   5.18700027e+00   6.22723773e-02   1.30235866e-01           29
010   8.62972513e-02   4.00973828e+04   6.13248348e-01   5.18700027e+00   3.93733084e-02   1.80208668e-01           27
011   8.50910768e-02   4.24472422e+04   6.11285031e-01   5.18700027e+00   4.19103056e-02   1.55122012e-01           27
012   8.57590213e-02   4.02957891e+04   6.16363525e-01   5.18700027e+00   3.64766158e-02   1.58890083e-01           27
013   8.19503516e-02   4.61578320e+04   6.16090953e-01   5.18700027e+00   3.98507491e-02   1.69365004e-01           23
014   6.78806156e-02   7.07219453e+04   6.16017103e-01   5.18700027e+00   3.60049233e-02   2.04165295e-01           24
015   1.03456199e-01   2.66208984e+04   6.16393387e-01   5.18700027e+00   4.80751023e-02   1.99626207e-01           24
016   9.95651111e-02   2.82914746e+04   6.15906835e-01   5.18700027e+00   2.88406443e-02   1.52060181e-01           25
017   7.36668557e-02   5.97925430e+04   6.15722299e-01   5.18700027e+00   3.37668881e-02   1.78403363e-01           24
018   1.00505196e-01   2.84121738e+04   6.10596538e-01   5.18700027e+00   1.64220203e-02   1.63845614e-01           27
019   1.06649816e-01   2.42858203e+04   6.14611745e-01   5.18700027e+00   2.52972897e-02   2.34756619e-01           20
020   7.82480612e-02   5.01539609e+04   6.14497662e-01   5.18700027e+00   2.77619213e-02   1.94395676e-01           27
021   8.10157806e-02   4.65516875e+04   6.13588750e-01   5.18700027e+00   5.55479005e-02   2.73082882e-01           26
022   1.08803153e-01   2.35041016e+04   6.11152947e-01   5.18700027e+00   4.44651954e-02   6.47479296e-01           22
023   7.80597851e-02   5.16028477e+04   6.15105569e-01   5.18700027e+00   5.04640825e-02   4.10277188e-01           25
024   8.74881968e-02   3.90006914e+04   6.14198923e-01   5.18700027e+00   3.30803469e-02   2.26538584e-01           25
025   9.49053243e-02   3.21029590e+04   6.15244985e-01   5.18700027e+00   2.79436857e-02   1.19057603e-01           24
026   8.08653980e-02   4.65411367e+04   6.16043925e-01   5.18700027e+00   3.72738726e-02   1.48832873e-01           30
027   9.13940892e-02   3.50109219e+04   6.16389990e-01   5.18700027e+00   1.84424706e-02   1.66184157e-01           29
028   1.00610808e-01   2.76540723e+04   6.16367459e-01   5.18700027e+00   3.69247161e-02   2.29990005e-01           26
029   7.30399936e-02   6.03139453e+04   6.15138829e-01   5.18700027e+00   3.72900777e-02   1.57767534e-01           28
030   1.09680377e-01   2.25922188e+04   6.15770459e-01   5.18700027e+00   1.82740465e-02   1.70206934e-01           27
031   7.65627027e-02   5.44548945e+04   6.16225541e-01   5.18700027e+00   3.39543968e-02   1.40505999e-01           25
032   9.31509659e-02   3.35283242e+04   6.14869237e-01   5.18700027e+00   4.43604849e-02   1.47836611e-01           20
033   8.39902982e-02   4.30313867e+04   6.15643799e-01   5.18700027e+00   4.77843843e-02   3.03146273e-01           24
034   8.38051066e-02   4.35814922e+04   6.05180502e-01   5.18700027e+00   5.60670868e-02   4.15842682e-01           23
035   8.34417418e-02   4.33981758e+04   6.16036534e-01   5.18700027e+00   2.88867038e-02   1.29884064e-01           28
036   9.08612385e-02   3.58537695e+04   6.16090953e-01   5.18700027e+00   4.33142222e-02   8.81763518e-01           23
037   8.19804966e-02   4.62798047e+04   6.16492093e-01   5.18700027e+00   3.65687050e-02   1.90228015e-01           29
038   9.98284668e-02   2.86304160e+04   6.12946749e-01   5.18700027e+00   4.45990227e-02   1.53574631e-01           27
039   8.60005319e-02   4.03743984e+04   6.15226746e-01   5.18700027e+00   3.69682424e-02   3.05472910e-01           25
040   7.18137696e-02   6.34710234e+04   6.06064022e-01   5.18700027e+00   1.77193061e-02   1.77947372e-01           28
041   8.11473653e-02   4.74783203e+04   6.08340323e-01   5.18700027e+00   4.91397679e-02   2.21806765e-01           22
042   9.45254192e-02   3.18383281e+04   6.15666747e-01   5.18700027e+00   4.24803197e-02   1.33437917e-01           22
043   8.73121619e-02   3.91882383e+04   6.12179101e-01   5.18700027e+00   2.04143636e-02   1.85566932e-01           28
044   1.02546632e-01   2.66857852e+04   6.16470337e-01   5.18700027e+00   4.18724753e-02   2.82775730e-01           24
045   1.10316843e-01   2.26145625e+04   6.16363525e-01   5.18700027e+00   3.49020921e-02   1.73244372e-01           27
046   8.74408931e-02   3.97124297e+04   6.16201162e-01   5.18700027e+00   4.87086177e-02   2.77071148e-01           26
047   8.45857710e-02   4.22131406e+04   6.15917981e-01   5.18700027e+00   2.71072704e-02   1.43892199e-01           25
048   9.62731093e-02   3.08764102e+04   6.15924537e-01   5.18700027e+00   6.45158589e-02   1.97090894e-01           25
049   7.01029003e-02   6.80230156e+04   6.15878046e-01   5.18700027e+00   2.80066356e-02   3.97721469e-01           23
050   8.03849176e-02   4.75572109e+04   6.15895212e-01   5.18700027e+00   2.90022213e-02   3.68909270e-01           24
051   8.87099579e-02   3.81538945e+04   6.13852084e-01   5.18700027e+00   6.18020892e-02   1.59630150e-01           25
052   9.73275974e-02   3.02188633e+04   6.13820434e-01   5.18700027e+00   3.22030634e-02   2.17561036e-01           25
053   7.89698511e-02   4.90194570e+04   6.15937769e-01   5.18700027e+00   5.86934686e-02   2.05006123e-01           27
054   9.80894640e-02   2.99125234e+04   6.15169525e-01   5.18700027e+00   3.33277397e-02   1.89828068e-01           28
055   1.03521883e-01   2.64825605e+04   6.15738750e-01   5.18700027e+00   6.43006191e-02   2.65224069e-01           29
056   8.08231235e-02   4.74816406e+04   6.15937412e-01   5.18700027e+00   5.27727157e-02   2.79195338e-01           27
057   7.99908862e-02   4.88316562e+04   6.15983725e-01   5.18700027e+00   3.34323682e-02   1.93270206e-01           29
058   8.05199817e-02   4.78974453e+04   6.14357889e-01   5.18700027e+00   5.87740354e-02   2.46220484e-01           28
059   6.82412535e-02   7.26747500e+04   6.15502656e-01   5.18700027e+00   5.12390174e-02   3.76655579e-01           24
060   7.24858865e-02   6.10951523e+04   6.12624645e-01   5.18700027e+00   3.44653018e-02   1.75874829e-01           24
061   7.71738365e-02   5.51737734e+04   6.08047068e-01   5.18700027e+00   1.91427227e-02   3.78716767e-01           29
062   7.41308406e-02   5.91587344e+04   6.08658195e-01   5.18700027e+00   4.37947325e-02   3.28687340e-01           23
063   9.64493006e-02   3.09907461e+04   6.16005659e-01   5.18700027e+00   4.06538472e-02   2.04678699e-01           23
064   8.52228478e-02   4.15203203e+04   6.15471005e-01   5.18700027e+00   2.20013577e-02   2.58390874e-01           24
065   1.06277689e-01   2.44087715e+04   6.16244137e-01   5.18700027e+00   4.15120944e-02   1.32624477e-01           27
066   8.18244517e-02   4.55377500e+04   6.13160729e-01   5.18700027e+00   2.67241038e-02   4.06188458e-01           23
067   8.07767883e-02   4.79227852e+04   6.14573479e-01   5.18700027e+00   2.95076780e-02   3.06545079e-01           28
068   9.53931212e-02   3.21462812e+04   6.13727093e-01   5.18700027e+00   5.99659383e-02   2.55918711e-01           22
069   7.31037930e-02   5.90248984e+04   6.13941371e-01   5.18700027e+00   5.20161130e-02   1.59061581e-01           25
070   8.09681341e-02   4.74310039e+04   6.14611745e-01   5.18700027e+00   5.33121265e-02   2.59013742e-01           23
071   8.76320004e-02   3.92761797e+04   6.15912080e-01   5.18700027e+00   4.68338579e-02   1.95044264e-01           27
072   1.21741869e-01   1.77110840e+04   6.16253972e-01   5.18700027e+00   4.43268791e-02   1.26922593e-01           26
073   8.21973830e-02   4.66768320e+04   6.13383114e-01   5.18700027e+00   3.15949023e-02   4.37745273e-01           25
074   1.03583902e-01   2.62454414e+04   6.11418843e-01   5.18700027e+00   2.63913628e-02   1.11020871e-01           27
075   7.59130716e-02   5.54277305e+04   6.16467297e-01   5.18700027e+00   3.47382203e-02   2.52180785e-01           30
076   9.09215361e-02   3.54253555e+04   6.16328418e-01   5.18700027e+00   1.81525461e-02   9.81446207e-02           25
077   9.18461531e-02   3.53518242e+04   6.10928535e-01   5.18700027e+00   2.63283588e-02   1.76393032e-01           26
078   7.35646486e-02   5.88768672e+04   6.15583897e-01   5.18700027e+00   4.96341810e-02   1.04717441e-01           28
079   1.00652039e-01   2.82602637e+04   6.13029540e-01   5.18700027e+00   6.06723465e-02   1.63433641e-01           25
080   8.16043466e-02   4.54753711e+04   6.15696907e-01   5.18700027e+00   5.29371426e-02   2.09516183e-01           24
081   7.29669929e-02   6.16813125e+04   6.11916065e-01   5.18700027e+00   4.01414335e-02   4.06707555e-01           23
082   7.08235130e-02   6.56392656e+04   6.14081740e-01   5.18700027e+00   4.61472459e-02   1.69844508e-01           28
083   1.01838715e-01   2.74442344e+04   6.15286708e-01   5.18700027e+00   3.61354761e-02   1.97827652e-01           27
084   9.45143625e-02   3.24973926e+04   6.15650177e-01   5.18700027e+00   2.73042433e-02   1.37952700e-01           24
085   8.17517489e-02   4.66751289e+04   6.14920616e-01   5.18700027e+00   4.87962402e-02   3.73505920e-01           24
086   8.79086629e-02   3.81857656e+04   6.13924086e-01   5.18700027e+00   4.65336889e-02   1.77283823e-01           25
087   7.33184144e-02   6.03709648e+04   6.15794599e-01   5.18700027e+00   2.75735408e-02   2.30822086e-01           27
088   9.06652659e-02   3.58405859e+04   6.15851521e-01   5.18700027e+00   4.63256612e-02   2.38780126e-01           24
089   9.15447697e-02   3.53440586e+04   6.13355935e-01   5.18700027e+00   3.64997014e-02   2.68215567e-01           24
090   7.78602213e-02   5.21069766e+04   6.15361691e-01   5.18700027e+00   1.80064831e-02   2.52556652e-01           25
091   8.05287957e-02   4.98342656e+04   6.14653766e-01   5.18700027e+00   4.61375304e-02   2.36454621e-01           27
092   7.10761547e-02   6.36763438e+04   6.15277588e-01   5.18700027e+00   1.55789927e-02   1.37862772e-01           26
093   8.28108490e-02   4.38722500e+04   6.16452515e-01   5.18700027e+00   4.24382538e-02   2.16122881e-01           23
094   6.00357056e-02   9.67428047e+04   6.16393387e-01   5.18700027e+00   1.65435895e-02   1.92501247e-01           26
095   7.72329643e-02   5.16836172e+04   6.16321206e-01   5.18700027e+00   3.13152559e-02   1.33447915e-01           22
096   9.94284824e-02   2.87452441e+04   6.09468162e-01   5.18700027e+00   6.05446696e-02   2.19653457e-01           26
097   7.61388615e-02   5.59159023e+04   6.07924581e-01   5.18700027e+00   4.38231714e-02   2.27748871e-01           28
098   8.22691396e-02   4.55056289e+04   6.08222663e-01   5.18700027e+00   3.61485295e-02   1.46197662e-01           26
099   8.68964270e-02   4.03106641e+04   6.16076767e-01   5.18700027e+00   2.90894583e-02   1.47738025e-01           25
100   1.01503722e-01   5.79754766e+04   6.14967406e-01   1.12840004e+01   4.29961272e-02   1.75414696e-01           24
101   9.82606113e-02   6.27760391e+04   6.14595294e-01   1.12840004e+01   3.42096277e-02   5.31819105e-01           24
102   8.92220661e-02   8.01129141e+04   6.16112947e-01   1.12840004e+01   4.11712155e-02   1.61489934e-01           28
103   1.12074278e-01   4.64287188e+04   6.16080284e-01   1.12840004e+01   1.35389417e-02   1.04278162e-01           28
104   1.04688533e-01   5.59694805e+04   6.16436899e-01   1.12840004e+01   4.63699587e-02   2.31059164e-01           27
105   1.01617448e-01   5.83663945e+04   6.15354598e-01   1.12840004e+01   2.36461945e-02   2.07820654e-01           24
106   9.11062732e-02   7.50566484e+04   6.16093457e-01   1.12840004e+01   2.97146104e-02   1.09113581e-01           25
107   8.70926157e-02   8.33863984e+04   6.12657189e-01   1.12840004e+01   5.00029363e-02   6.56362772e-02           24
108   1.02293365e-01   5.84330703e+04   6.16448700e-01   1.12840004e+01   4.23861146e-02   1.56349912e-01           29
109   1.06218249e-01   5.30735508e+04   6.10969365e-01   1.12840004e+01   3.27699706e-02   1.09310143e-01           28
110   8.80747661e-02   8.28219766e+04   6.15736127e-01   1.12840004e+01   3.70822921e-02   1.37958303e-01           25
111   9.20071527e-02   7.40399766e+04   6.15452409e-01   1.12840004e+01   4.09161784e-02   1.92973047e-01           28
112   7.97420442e-02   1.04449062e+05   6.15380824e-01   1.12840004e+01   2.94784009e-02   1.50093719e-01           29
113   9.82249305e-02   6.35388281e+04   6.15353644e-01   1.12840004e+01   1.83219258e-02   2.26160660e-01           27
114   9.23584476e-02   7.21544609e+04   6.14041865e-01   1.12840004e+01   4.96111214e-02   2.64786184e-01           26
115   9.75784361e-02   6.38289727e+04   6.15973115e-01   1.12840004e+01   1.04738753e-02   1.60823554e-01           25
116   8.15117955e-02   9.82544688e+04   6.15683556e-01   1.12840004e+01   3.80069762e-02   1.08362325e-01           24
117   8.31026211e-02   9.52978125e+04   6.16005123e-01   1.12840004e+01   1.73574630e-02   1.80705592e-01           25
118   9.64920893e-02   6.65072656e+04   6.16453290e-01   1.12840004e+01   4.34051417e-02   1.98797628e-01           27
119   1.03215061e-01   5.58931641e+04   6.14439368e-01   1.12840004e+01   2.93207597e-02   1.47552550e-01           27
120   8.45013484e-02   8.88460859e+04   6.15941882e-01   1.12840004e+01   5.03616668e-02   2.90840745e-01           24
121   1.00125380e-01   6.09091133e+04   6.15442455e-01   1.12840004e+01   1.77473575e-02   2.64150947e-01           27
122   8.50796551e-02   8.95168281e+04   6.15138829e-01   1.12840004e+01   2.97949165e-02   2.11516112e-01           26
123   8.06516036e-02   1.03662773e+05   6.15396380e-01   1.12840004e+01   2.75111720e-02   2.87656248e-01           28
124   1.02453582e-01   5.71500117e+04   6.13298953e-01   1.12840004e+01   1.83107294e-02   1.13309674e-01           27
125   1.01575814e-01   5.80360781e+04   6.14541888e-01   1.12840004e+01   1.50553146e-02   2.35069185e-01           25
126   7.73686022e-02   1.11969125e+05   6.16052628e-01   1.12840004e+01   2.98448205e-02   2.15848580e-01           29
127   9.59982201e-02   6.64868281e+04   6.15909219e-01   1.12840004e+01   3.69826965e-02   1.62619993e-01           25
128   1.01640694e-01   5.79001836e+04   6.14248514e-01   1.12840004e+01   3.31351198e-02   1.91269949e-01           27
129   7.94567093e-02   1.05148375e+05   6.16084099e-01   1.12840004e+01   3.13688405e-02   1.24571048e-01           28
130   9.89751443e-02   6.28558867e+04   6.15891755e-01   1.12840004e+01   5.04968651e-02   1.51232779e-01           25
131   7.76515901e-02   1.10424641e+05   6.16519034e-01   1.12840004e+01   2.86121685e-02   1.72241181e-01           26
132   1.09396547e-01   4.96446523e+04   6.16150022e-01   1.12840004e+01   3.82617563e-02   1.97883263e-01           29
133   7.69735873e-02   1.13011320e+05   6.15178287e-01   1.12840004e+01   3.12235523e-02   6.32126033e-02           25
134   8.90700594e-02   7.91880781e+04   6.16289139e-01   1.12840004e+01   2.85773296e-02   2.08113730e-01           25
135   9.99469161e-02   6.06471250e+04   6.16468966e-01   1.12840004e+01   2.64331866e-02   1.07287839e-01           25
136   1.07525438e-01   5.13839688e+04   6.16284072e-01   1.12840004e+01   5.06652817e-02   2.53305465e-01           28
137   9.57154334e-02   6.79289531e+04   6.16439819e-01   1.12840004e+01   3.94433662e-02   2.32880488e-01           26
138   1.11778773e-01   4.67762383e+04   6.14395261e-01   1.12840004e+01   4.13696095e-02   1.33084759e-01           26
139   7.30671212e-02   1.29927320e+05   6.14722848e-01   1.12840004e+01   5.51658273e-02   1.88990980e-01           25
140   9.12086368e-02   7.75085312e+04   6.15442455e-01   1.12840004e+01   1.84979923e-02   1.71345562e-01           28
141   9.00410563e-02   7.75505156e+04   6.14087880e-01   1.12840004e+01   3.74768190e-02   1.34954855e-01           26
142   7.79072046e-02   1.10216062e+05   6.16358578e-01   1.12840004e+01   3.41164321e-02   1.78915679e-01           27
143   7.90042654e-02   1.07179719e+05   6.15121007e-01   1.12840004e+01   2.55294759e-02   1.70806378e-01           28
144   9.96530727e-02   6.05924961e+04   6.16129577e-01   1.12840004e+01   3.40950899e-02   9.05795097e-02           27
145   9.58586335e-02   6.75176875e+04   6.16058648e-01   1.12840004e+01   1.71224345e-02   1.98981315e-01           27
146   9.51469541e-02   6.79293828e+04   6.16431653e-01   1.12840004e+01   3.74241322e-02   1.79811940e-01           26
147   8.30987021e-02   9.44741953e+04   6.16134763e-01   1.12840004e+01   1.38938399e-02   2.69425303e-01           27
148   1.08152807e-01   5.01512891e+04   6.16342604e-01   1.12840004e+01   2.86380555e-02   7.20075145e-02           25
149   9.19840410e-02   7.34204219e+04   6.14679337e-01   1.12840004e+01   2.60818861e-02   2.12485150e-01           24
150   9.93685946e-02   6.13183047e+04   6.14131153e-01   1.12840004e+01   5.04717007e-02   1.31547645e-01           28
151   7.13318214e-02   1.35616312e+05   6.16175532e-01   1.12840004e+01   4.57258336e-02   1.40416950e-01           26
152   8.69673714e-02   8.34621172e+04   6.15381539e-01   1.12840004e+01   3.90127413e-02   5.55654824e-01           24
153   1.06144376e-01   5.30898320e+04   6.16225541e-01   1.12840004e+01   5.26051931e-02   3.72021019e-01           28
154   8.21554735e-02   9.59510078e+04   6.15585268e-01   1.12840004e+01   2.84700152e-02   8.36608335e-02           27
155   1.00027375e-01   6.03968945e+04   6.15824699e-01   1.12840004e+01   3.01590357e-02   7.20471367e-02           19
156   9.35958773e-02   7.03515625e+04   6.14879012e-01   1.12840004e+01   6.21203426e-03   6.69365302e-02           26
157   1.02463014e-01   5.68305664e+04   6.15946889e-01   1.12840004e+01   2.83111576e-02   8.14071745e-02           27
158   8.65746364e-02   8.63886719e+04   6.16025925e-01   1.12840004e+01   2.63094436e-02   1.43827483e-01           27
159   1.09339863e-01   5.03592734e+04   6.15797877e-01   1.12840004e+01   2.62696277e-02   1.99223667e-01           25
160   8.73453617e-02   8.27081172e+04   6.15184605e-01   1.12840004e+01   2.77542640e-02   1.08075999e-01           24
161   8.65480751e-02   8.54086016e+04   6.15837216e-01   1.12840004e+01   3.96106243e-02   2.26060256e-01           25
162   8.83033425e-02   8.17814062e+04   6.16133094e-01   1.12840004e+01   4.76360731e-02   4.60218459e-01           27
163   8.45494494e-02   9.14346484e+04   6.16186678e-01   1.12840004e+01   5.12184538e-02   1.29036129e-01           27
164   1.07424319e-01   5.14416328e+04   6.15310669e-01   1.12840004e+01   1.83968954e-02   1.20367303e-01           26
165   7.90060833e-02   1.04631109e+05   6.16094410e-01   1.12840004e+01   5.06068543e-02   2.89416045e-01           28
166   9.28774029e-02   7.29921016e+04   6.15405381e-01   1.12840004e+01   9.30524245e-03   1.51121125e-01           27
167   8.33550543e-02   9.27490938e+04   6.16180480e-01   1.12840004e+01   3.44690159e-02   1.28567070e-01           27
168   8.76109079e-02   8.46577500e+04   6.15778446e-01   1.12840004e+01   3.67783345e-02   2.13611081e-01           30
169   8.98285732e-02   7.98408203e+04   6.14522934e-01   1.12840004e+01   2.67079845e-02   1.55094057e-01           29
170   8.29205960e-02   9.49188438e+04   6.14601314e-01   1.12840004e+01   1.56140151e-02   1.00838490e-01           24
171   9.77666751e-02   6.46130859e+04   6.15488589e-01   1.12840004e+01   3.81032638e-02   1.64488450e-01           30
172   9.23862904e-02   7.29663203e+04   6.15991533e-01   1.12840004e+01   3.36814113e-02   2.21268743e-01           27
173   8.13567415e-02   9.86873125e+04   6.15309000e-01   1.12840004e+01   2.56293491e-02   9.87793356e-02           25
174   1.11279108e-01   4.77921445e+04   6.16338849e-01   1.12840004e+01   4.02148925e-02   1.54504582e-01           30
175   9.34537426e-02   7.19378359e+04   6.16169035e-01   1.12840004e+01   3.26301716e-02   4.01857555e-01           28
176   8.41569155e-02   9.14602812e+04   6.16301060e-01   1.12840004e+01   2.08622720e-02   1.74833909e-01           26
177   7.26886392e-02   1.30285578e+05   6.15571618e-01   1.12840004e+01   2.68462691e-02   2.11923853e-01           30
178   7.95830712e-02   1.04777086e+05   6.16227508e-01   1.12840004e+01   1.88822988e-02   1.55699253e-01           30
179   1.16869047e-01   4.22515234e+04   6.16253972e-01   1.12840004e+01   3.30009460e-02   1.36187211e-01           27
180   9.42233503e-02   6.97546094e+04   6.16296411e-01   1.12840004e+01   3.06950919e-02   7.49851316e-02           27
181   7.96110407e-02   1.04452984e+05   6.15891755e-01   1.12840004e+01   3.48605737e-02   3.48021388e-01           27
182   9.96649712e-02   6.04052891e+04   6.16313159e-01   1.12840004e+01   3.61426771e-02   1.18494980e-01           26
183   1.00474209e-01   6.00357383e+04   6.16076767e-01   1.12840004e+01   4.57108654e-02   1.90151468e-01           29
184   8.98163021e-02   7.87324609e+04   6.14851356e-01   1.12840004e+01   2.36838274e-02   2.36057177e-01           24
185   9.08885151e-02   7.55967734e+04   6.15433693e-01   1.12840004e+01   2.45122183e-02   1.13342375e-01           26
186   8.19246396e-02   9.77863906e+04   6.16251171e-01   1.12840004e+01   4.63333018e-02   1.84430286e-01           24
187   9.04312432e-02   7.80256953e+04   6.16277158e-01   1.12840004e+01   3.81548181e-02   1.30247876e-01           27
188   9.24049392e-02   7.38308906e+04   6.16058171e-01   1.12840004e+01   1.98320728e-02   1.30900890e-01           29
189   1.00778535e-01   5.93217188e+04   6.16359115e-01   1.12840004e+01   2.33958568e-02   2.65997708e-01           22
190   9.87651944e-02   6.30656523e+04   6.14574194e-01   1.12840004e+01   4.17652838e-02   1.40177101e-01           29
191   9.00708735e-02   7.70158984e+04   6.13827527e-01   1.12840004e+01   2.89377794e-02   5.91697469e-02           28
192   7.98523575e-02   1.02032195e+05   6.16069078e-01   1.12840004e+01   3.13969404e-02   2.72109747e-01           25
193   1.11691430e-01   4.63303867e+04   6.15475416e-01   1.12840004e+01   3.95663977e-02   1.51203200e-01           24
194   9.74318385e-02   6.42178711e+04   6.16363525e-01   1.12840004e+01   3.14255022e-02   1.63576290e-01           28
195   7.38133118e-02   1.27863133e+05   6.14719331e-01   1.12840004e+01   4.44407165e-02   1.66097850e-01           25
196   8.88785794e-02   7.99143516e+04   6.16327345e-01   1.12840004e+01   3.50542478e-02   1.64721802e-01           26
197   9.25767124e-02   7.24866953e+04   6.16252720e-01   1.12840004e+01   2.06740685e-02   1.32892221e-01           28
198   9.73824188e-02   6.37540742e+04   6.15912437e-01   1.12840004e+01   1.53496331e-02   9.75758284e-02           26
199   1.06392376e-01   5.35418125e+04   6.15639150e-01   1.12840004e+01   3.95344794e-02   1.34763613e-01           28
200   9.12857056e-02   1.60939891e+05   6.16445541e-01   2.41410007e+01   2.58549750e-02   2.02783689e-01           30
201   1.06603295e-01   1.10670164e+05   6.15978539e-01   2.41410007e+01   4.18289304e-02   1.24384657e-01           26
202   9.04199556e-02   1.61598938e+05   6.16253972e-01   2.41410007e+01   3.83830704e-02   1.29959300e-01           23
203   9.72341374e-02   1.36209219e+05   6.16515756e-01   2.41410007e+01   3.38696390e-02   6.69572428e-02           28
204   1.02166504e-01   1.22841062e+05   6.16433501e-01   2.41410007e+01   3.18207741e-02   1.25610188e-01           30
205   8.91929120e-02   1.67948781e+05   6.16201162e-01   2.41410007e+01   4.84276861e-02   1.04603060e-01           27
206   9.69782844e-02   1.38372391e+05   6.15863919e-01   2.41410007e+01   4.43507619e-02   1.80365220e-01           26
207   1.04684301e-01   1.14361969e+05   6.16088271e-01   2.41410007e+01   4.11036126e-02   2.25052923e-01           26
208   9.32009742e-02   1.53305625e+05   6.15964353e-01   2.41410007e+01   2.48953812e-02   1.22729927e-01           30
209   9.92632881e-02   1.30459812e+05   6.16160750e-01   2.41410007e+01   3.51304524e-02   8.39265063e-02           27
210   9.95794684e-02   1.29196461e+05   6.16470635e-01   2.41410007e+01   2.10058466e-02   1.14866599e-01           26
211   9.37458426e-02   1.49571922e+05   6.16410434e-01   2.41410007e+01   4.17657867e-02   6.73937798e-02           29
212   9.82613787e-02   1.32325500e+05   6.16323233e-01   2.41410007e+01   2.82349400e-02   2.11242869e-01           24
213   8.96710530e-02   1.67436531e+05   6.16337478e-01   2.41410007e+01   3.27844322e-02   1.86072096e-01           27
214   8.95766467e-02   1.67104906e+05   6.16451740e-01   2.41410007e+01   2.81121582e-02   1.12172619e-01           26
215   8.92931968e-02   1.66767734e+05   6.16277277e-01   2.41410007e+01   3.83297503e-02   5.21338023e-02           26
216   9.72901285e-02   1.36651656e+05   6.16128802e-01   2.41410007e+01   2.51732506e-02   1.14387907e-01           24
217   8.64094496e-02   1.81233078e+05   6.15606606e-01   2.41410007e+01   3.46021280e-02   5.82417510e-02           27
218   9.01530012e-02   1.63414203e+05   6.16346359e-01   2.41410007e+01   4.03152592e-02   6.79306835e-02           24
219   9.14394036e-02   1.59387328e+05   6.15246654e-01   2.41410007e+01   2.83276159e-02   1.23027056e-01           27
220   8.73337314e-02   1.76868703e+05   6.16313159e-01   2.41410007e+01   3.70738283e-02   2.19121426e-01           27
221   9.99924019e-02   1.27740289e+05   6.16284192e-01   2.41410007e+01   2.73399837e-02   1.64519086e-01           26
222   1.01737075e-01   1.22749820e+05   6.16108775e-01   2.41410007e+01   3.97561267e-02   1.77723333e-01           27
223   1.02330409e-01   1.21308398e+05   6.16496861e-01   2.41410007e+01   3.54616232e-02   9.16580707e-02           27
224   9.57746208e-02   1.41955297e+05   6.16510868e-01   2.41410007e+01   2.94703096e-02   1.03963844e-01           29
225   9.06864554e-02   1.61048828e+05   6.16381466e-01   2.41410007e+01   2.58202963e-02   1.17943943e-01           28
226   1.02717750e-01   1.20137797e+05   6.15974486e-01   2.41410007e+01   4.32963409e-02   1.12177856e-01           28
227   8.54328796e-02   1.86264031e+05   6.16404474e-01   2.41410007e+01   4.13806550e-02   2.15805322e-01           25
228   9.75351483e-02   1.37171719e+05   6.16461396e-01   2.41410007e+01   1.94353312e-02   1.16183288e-01           29
229   8.71143043e-02   1.78032422e+05   6.15936875e-01   2.41410007e+01   3.39084640e-02   1.63082138e-01           25
230   9.67176855e-02   1.39649094e+05   6.16091728e-01   2.41410007e+01   4.30009775e-02   1.54307649e-01           28
231   9.83760208e-02   1.34052750e+05   6.16257250e-01   2.41410007e+01   3.43671665e-02   1.84622571e-01           29
232   1.02132738e-01   1.23052438e+05   6.16320133e-01   2.41410007e+01   1.86355170e-02   1.90338865e-01           26
233   1.03853293e-01   1.17807523e+05   6.16396725e-01   2.41410007e+01   3.20761651e-02   2.96000332e-01           24
234   9.91732627e-02   1.31266344e+05   6.16227508e-01   2.41410007e+01   3.44188958e-02   8.54665413e-02           27
235   9.88207310e-02   1.31780984e+05   6.15831673e-01   2.41410007e+01   2.21518278e-02   1.03360884e-01           30
236   9.18161944e-02   1.56952188e+05   6.16393387e-01   2.41410007e+01   5.23454808e-02   7.07390904e-02           26
237   1.01490669e-01   1.24591430e+05   6.16298437e-01   2.41410007e+01   2.74244882e-02   1.03588112e-01           28
238   9.56769064e-02   1.42758328e+05   6.16097510e-01   2.41410007e+01   2.47177780e-02   1.15369126e-01           28
239   8.80384371e-02   1.73773719e+05   6.15970016e-01   2.41410007e+01   3.26720513e-02   1.05573982e-01           30
240   9.89651531e-02   1.30972344e+05   6.16481364e-01   2.41410007e+01   2.82887425e-02   2.14398831e-01           27
241   1.00965016e-01   1.24771211e+05   6.16406441e-01   2.41410007e+01   2.53691208e-02   8.08318034e-02           25
242   9.54220295e-02   1.43049969e+05   6.15907431e-01   2.41410007e+01   3.49120125e-02   1.18321434e-01           29
243   9.36797559e-02   1.50182453e+05   6.16335928e-01   2.41410007e+01   3.00296135e-02   7.30229989e-02           26
244   9.30489972e-02   1.51942781e+05   6.16500795e-01   2.41410007e+01   3.90606746e-02   1.46381989e-01           26
245   8.76927301e-02   1.75132219e+05   6.16080284e-01   2.41410007e+01   2.37415787e-02   1.21224180e-01           27
246   1.07114293e-01   1.10243039e+05   6.16313159e-01   2.41410007e+01   3.10891736e-02   7.40355849e-02           27
247   9.10277069e-02   1.60155312e+05   6.16323352e-01   2.41410007e+01   3.30979899e-02   7.32870549e-02           26
248   1.05627663e-01   1.12123039e+05   6.16005659e-01   2.41410007e+01   4.14577313e-02   1.16170056e-01           27
249   8.51625130e-02   1.87102641e+05   6.16079152e-01   2.41410007e+01   2.96791978e-02   3.39156181e-01           25
250   9.31477249e-02   1.51541609e+05   6.16515756e-01   2.41410007e+01   3.32095772e-02   1.65002316e-01           27
251   9.86548513e-02   1.31701922e+05   6.16163254e-01   2.41410007e+01   3.33314873e-02   1.01061419e-01           28
252   1.00401960e-01   1.26722664e+05   6.16106570e-01   2.41410007e+01   2.89139096e-02   2.01893762e-01           24
253   1.04326524e-01   1.16026164e+05   6.16510987e-01   2.41410007e+01   2.27792431e-02   2.13318229e-01           24
254   1.04913987e-01   1.15890703e+05   6.16347551e-01   2.41410007e+01   3.81431691e-02   1.15731195e-01           29
255   9.39096138e-02   1.48213594e+05   6.16114855e-01   2.41410007e+01   4.20694090e-02   2.09667802e-01           25
256   8.95613730e-02   1.66343297e+05   6.16354644e-01   2.41410007e+01   2.97333058e-02   1.21125154e-01           27
257   9.98798311e-02   1.29362641e+05   6.16293192e-01   2.41410007e+01   3.45523022e-02   1.32612541e-01           28
258   9.18184072e-02   1.56728234e+05   6.14965916e-01   2.41410007e+01   3.69061343e-02   5.69276810e-02           26
259   1.03699580e-01   1.18529266e+05   6.16436899e-01   2.41410007e+01   1.99543908e-02   1.72175676e-01           30
260   9.45684984e-02   1.45736219e+05   6.16348326e-01   2.41410007e+01   3.72266062e-02   1.96460053e-01           27
261   1.00175001e-01   1.27882039e+05   6.16109610e-01   2.41410007e+01   3.35426219e-02   1.10194035e-01           26
262   9.03999731e-02   1.62281625e+05   6.16157711e-01   2.41410007e+01   2.39272211e-02   1.06626607e-01           27
263   9.52399448e-02   1.43571219e+05   6.15769386e-01   2.41410007e+01   1.85844731e-02   2.10259080e-01           28
264   9.35372561e-02   1.49216391e+05   6.16224885e-01   2.41410007e+01   3.62916850e-02   1.93292707e-01           26
265   9.29741636e-02   1.53313344e+05   6.16514862e-01   2.41410007e+01   3.56510095e-02   2.19625786e-01           27
266   8.42614397e-02   1.92028172e+05   6.16202354e-01   2.41410007e+01   3.48329283e-02   3.00127208e-01           25
267   1.16758086e-01   8.96896797e+04   6.16106570e-01   2.41410007e+01   2.73533370e-02   1.83813468e-01           27
268   1.10554509e-01   1.02141938e+05   6.16128802e-01   2.41410007e+01   4.22658250e-02   1.57276645e-01           28
269   8.58242437e-02   1.82459344e+05   6.16149426e-01   2.41410007e+01   3.39657776e-02   4.42284234e-02           23
270   9.27271619e-02   1.53422484e+05   6.16098464e-01   2.41410007e+01   3.58512178e-02   1.92369118e-01           26
271   8.97282958e-02   1.63961297e+05   6.16338849e-01   2.41410007e+01   3.90277281e-02   3.00038457e-01           25
272   9.07909349e-02   1.60398062e+05   6.16504312e-01   2.41410007e+01   4.19888794e-02   7.48888701e-02           25
273   1.05579451e-01   1.12584578e+05   6.16296411e-01   2.41410007e+01   2.44739279e-02   1.57498509e-01           26
274   1.03331223e-01   1.18134609e+05   6.16441429e-01   2.41410007e+01   3.23346183e-02   6.12591319e-02           25
275   9.92632359e-02   1.30228945e+05   6.15806758e-01   2.41410007e+01   3.08817923e-02   1.18889280e-01           28
276   9.35273096e-02   1.50374062e+05   6.15991533e-01   2.41410007e+01   3.42856348e-02   9.16037709e-02           27
277   1.03648566e-01   1.17581016e+05   6.16180480e-01   2.41410007e+01   1.99641250e-02   2.38538191e-01           25
278   9.75577235e-02   1.35994562e+05   6.15726888e-01   2.41410007e+01   3.22121270e-02   9.60351750e-02           27
279   9.59349200e-02   1.40428219e+05   6.16314530e-01   2.41410007e+01   2.61909999e-02   1.12798735e-01           25
280   9.00415257e-02   1.63531359e+05   6.15805447e-01   2.41410007e+01   3.20602618e-02   9.47324857e-02           27
281   9.73521173e-02   1.36027734e+05   6.16265059e-01   2.41410007e+01   3.24872062e-02   8.22955072e-02           27
282   9.15794894e-02   1.59139547e+05   6.16277277e-01   2.41410007e+01   4.05871011e-02   1.11857645e-01           28
283   1.05483219e-01   1.12421820e+05   6.15574718e-01   2.41410007e+01   1.97127331e-02   1.61291227e-01           23
284   9.18193012e-02   1.58873219e+05   6.14482820e-01   2.41410007e+01   1.21217202e-02   1.52907580e-01           28
285   1.04107939e-01   1.16036148e+05   6.16363525e-01   2.41410007e+01   2.18955874e-02   1.97778791e-01           25
286   9.51410085e-02   1.44324562e+05   6.15452409e-01   2.41410007e+01   3.25321555e-02   2.32089996e-01           25
287   9.38337520e-02   1.50110844e+05   6.16445541e-01   2.41410007e+01   3.18555534e-02   9.62532088e-02           29
288   9.90014970e-02   1.30383703e+05   6.16182387e-01   2.41410007e+01   3.44429091e-02   2.38973483e-01           25
289   9.46523324e-02   1.46847797e+05   6.15779221e-01   2.41410007e+01   3.45045701e-02   1.93869650e-01           27
290   9.94891375e-02   1.29980453e+05   6.15256131e-01   2.41410007e+01   3.36784646e-02   2.07792804e-01           29
291   9.63963270e-02   1.39226406e+05   6.16298437e-01   2.41410007e+01   2.37303674e-02   7.40867481e-02           28
292   1.04015447e-01   1.17310625e+05   6.16431653e-01   2.41410007e+01   2.66294498e-02   8.09161663e-02           29
293   9.24830288e-02   1.52267984e+05   6.16314530e-01   2.41410007e+01   3.72785851e-02   4.43647206e-02           25
294   8.96063372e-02   1.65478547e+05   6.16362691e-01   2.41410007e+01   2.51792409e-02   6.67037666e-02           25
295   9.05185714e-02   1.62628500e+05   6.15564346e-01   2.41410007e+01   2.27250773e-02   1.14702597e-01           29
296   9.28910300e-02   1.52070297e+05   6.15973115e-01   2.41410007e+01   2.10622381e-02   2.46130228e-01           28
297   9.13862512e-02   1.58577375e+05   6.16235197e-01   2.41410007e+01   2.30268687e-02   1.16042979e-01           26
298   9.92157608e-02   1.30510852e+05   6.16324127e-01   2.41410007e+01   2.95725055e-02   2.09407300e-01           29
299   8.60357657e-02   1.83062703e+05   6.15780592e-01   2.41410007e+01   2.05765069e-02   8.51613805e-02           27
300   1.02014609e-01   2.60510734e+05   6.16149426e-01   5.19090004e+01   3.07602230e-02   1.09691978e-01           24
301   1.00796126e-01   2.68606906e+05   6.16341293e-01   5.19090004e+01   2.68905666e-02   4.79829423e-02           28
302   9.79499146e-02   2.88177656e+05   6.16446316e-01   5.19090004e+01   3.48338298e-02   1.39375359e-01           28
303   1.01380847e-01   2.65086938e+05   6.16450071e-01   5.19090004e+01   2.61604618e-02   7.40401074e-02           27
304   1.03264511e-01   2.55099297e+05   6.16486132e-01   5.19090004e+01   3.57772037e-02   1.51482344e-01           26
305   9.65529159e-02   2.97447281e+05   6.16377652e-01   5.19090004e+01   2.79923417e-02   4.34240885e-02           28
306   9.36912745e-02   3.19362688e+05   6.15985155e-01   5.19090004e+01   2.21465714e-02   1.44813806e-01           26
307   1.00980006e-01   2.67482938e+05   6.16492927e-01   5.19090004e+01   2.97759529e-02   7.47916177e-02           26
308   9.76445451e-02   2.92095938e+05   6.16214216e-01   5.19090004e+01   3.68156470e-02   4.13094871e-02           29
309   9.15581807e-02   3.37069156e+05   6.16418302e-01   5.19090004e+01   4.28418331e-02   5.27032949e-02           27
310   9.67533886e-02   2.95605000e+05   6.16327345e-01   5.19090004e+01   2.50651930e-02   5.77397905e-02           26
311   9.87626687e-02   2.83493531e+05   6.16201162e-01   5.19090004e+01   2.10719928e-02   1.05670780e-01           27
312   9.25926864e-02   3.24864094e+05   6.16393387e-01   5.19090004e+01   2.36064978e-02   1.31937549e-01           22
313   1.02834202e-01   2.56333312e+05   6.16407812e-01   5.19090004e+01   2.42925342e-02   8.50423276e-02           29
314   1.00202948e-01   2.71987281e+05   6.16460443e-01   5.19090004e+01   3.27492617e-02   1.36758551e-01           25
315   9.86959189e-02   2.84129125e+05   6.16510868e-01   5.19090004e+01   3.27776931e-02   1.16109245e-01           27
316   1.01204269e-01   2.64677812e+05   6.16351843e-01   5.19090004e+01   2.53967773e-02   6.33865669e-02           24
317   9.53802690e-02   3.05245969e+05   6.16390228e-01   5.19090004e+01   3.47249471e-02   9.96991694e-02           25
318   9.79920924e-02   2.88313812e+05   6.16432488e-01   5.19090004e+01   2.42269579e-02   8.13799500e-02           27
319   9.95405391e-02   2.77087781e+05   6.16316497e-01   5.19090004e+01   3.49802412e-02   4.91484925e-02           28
320   1.07098371e-01   2.33917375e+05   6.16088271e-01   5.19090004e+01   3.62969153e-02   7.55226538e-02           25
321   8.86438265e-02   3.63372375e+05   6.16393387e-01   5.19090004e+01   2.92341411e-02   1.32796019e-01           27
322   9.64873806e-02   2.97765781e+05   6.16058648e-01   5.19090004e+01   2.17739008e-02   6.90223932e-01           24
323   9.38534215e-02   3.20248250e+05   6.16486073e-01   5.19090004e+01   2.69419309e-02   1.76283941e-01           30
324   9.98116955e-02   2.76309844e+05   6.16359115e-01   5.19090004e+01   2.96840537e-02   6.63992018e-02           26
325   1.00271896e-01   2.72974688e+05   6.16297007e-01   5.19090004e+01   3.23057435e-02   7.34832734e-02           28
326   9.05340239e-02   3.46489500e+05   6.16268456e-01   5.19090004e+01   2.45499723e-02   9.24020931e-02           27
327   9.75614265e-02   2.91394812e+05   6.16316497e-01   5.19090004e+01   2.99511179e-02   6.49787709e-02           27
328   9.35806930e-02   3.19728219e+05   6.16265059e-01   5.19090004e+01   3.24177593e-02   1.24001600e-01           28
329   9.40034389e-02   3.15052375e+05   6.16434991e-01   5.19090004e+01   2.19356865e-02   1.48206145e-01           22
330   1.00295067e-01   2.73503469e+05   6.16342604e-01   5.19090004e+01   3.47558632e-02   9.14477259e-02           28
331   9.83190760e-02   2.85332969e+05   6.16291225e-01   5.19090004e+01   3.34111154e-02   1.12803064e-01           27
332   9.71065238e-02   2.94609531e+05   6.16492927e-01   5.19090004e+01   4.05184180e-02   6.41723052e-02           27
333   9.43369567e-02   3.14010094e+05   6.16244137e-01   5.19090004e+01   3.31467837e-02   7.79298693e-02           28
334   9.47227404e-02   3.12173062e+05   6.16468966e-01   5.19090004e+01   3.56651433e-02   7.29697570e-02           29
335   9.56768915e-02   3.03476188e+05   6.16267979e-01   5.19090004e+01   3.68705317e-02   1.47321686e-01           25
336   1.00223705e-01   2.72628312e+05   6.16362691e-01   5.19090004e+01   2.49239020e-02   1.78181142e-01           28
337   9.85886529e-02   2.82207219e+05   6.16500795e-01   5.19090004e+01   2.82846615e-02   7.00160190e-02           27
338   1.01472929e-01   2.66251219e+05   6.16052687e-01   5.19090004e+01   2.71573588e-02   1.83663920e-01           28
339   9.82210338e-02   2.86589531e+05   6.16284072e-01   5.19090004e+01   3.44457626e-02   9.80247781e-02           29
340   9.66279656e-02   2.98283938e+05   6.16496861e-01   5.19090004e+01   3.38047594e-02   6.90050870e-02           26
341   9.46242437e-02   3.10067531e+05   6.15864098e-01   5.19090004e+01   2.45509520e-02   9.44124386e-02           24
342   1.00655980e-01   2.71408156e+05   6.16363525e-01   5.19090004e+01   3.40255648e-02   8.86032879e-02           30
343   9.62899178e-02   3.00131938e+05   6.16214216e-01   5.19090004e+01   2.02844068e-02   7.16359764e-02           29
344   9.68518555e-02   2.95038375e+05   6.16441429e-01   5.19090004e+01   2.13321298e-02   7.02832118e-02           27
345   9.56663564e-02   3.02191406e+05   6.16329372e-01   5.19090004e+01   2.56202873e-02   1.21672332e-01           27
346   9.20496061e-02   3.34312875e+05   6.16211176e-01   5.19090004e+01   3.85620780e-02   2.13596418e-01           27
347   1.05025664e-01   2.45217172e+05   6.16149426e-01   5.19090004e+01   3.64725925e-02   8.02932605e-02           28
348   9.40157846e-02   3.16643188e+05   6.16470635e-01   5.19090004e+01   3.36593837e-02   7.13509545e-02           29
349   1.05461948e-01   2.42125906e+05   6.16486132e-01   5.19090004e+01   3.46943289e-02   4.05926369e-02           25
350   9.64568481e-02   2.97254219e+05   6.16368830e-01   5.19090004e+01   3.41276750e-02   6.16292432e-02           27
351   9.10191312e-02   3.44234656e+05   6.16341889e-01   5.19090004e+01   2.79496610e-02   7.01564327e-02           29
352   9.98454243e-02   2.76210375e+05   6.16445541e-01   5.19090004e+01   3.99512425e-02   9.79097486e-02           29
353   9.14633274e-02   3.37810938e+05   6.16461396e-01   5.19090004e+01   4.08487432e-02   1.14489444e-01           24
354   9.59739313e-02   3.04405656e+05   6.15204513e-01   5.19090004e+01   2.41938885e-02   1.02724619e-01           29
355   9.53637883e-02   3.07305062e+05   6.16338849e-01   5.19090004e+01   3.43167372e-02   7.20070750e-02           27
356   9.25010443e-02   3.28773438e+05   6.16226554e-01   5.19090004e+01   2.82550994e-02   1.02740958e-01           26
357   9.84141976e-02   2.86778562e+05   6.16134763e-01   5.19090004e+01   2.97405347e-02   1.53590083e-01           29
358   9.60589722e-02   3.00417812e+05   6.16436899e-01   5.19090004e+01   3.27084884e-02   1.48573667e-01           26
359   1.00415625e-01   2.70760750e+05   6.16407812e-01   5.19090004e+01   3.20178233e-02   6.66283667e-02           26
360   9.96071324e-02   2.74756844e+05   6.16452515e-01   5.19090004e+01   2.81047393e-02   2.28843123e-01           27
361   1.00757219e-01   2.69152688e+05   6.16453290e-01   5.19090004e+01   3.22780088e-02   1.30994603e-01           28
362   8.96402821e-02   3.55276875e+05   6.15455449e-01   5.19090004e+01   2.67415643e-02   4.81406674e-02           30
363   9.70363915e-02   2.93724344e+05   6.16466463e-01   5.19090004e+01   3.15390117e-02   1.03551365e-01           29
364   1.02935269e-01   2.55310688e+05   6.16438031e-01   5.19090004e+01   3.48574035e-02   6.21105507e-02           28
365   9.74153951e-02   2.93346938e+05   6.16287947e-01   5.19090004e+01   2.20168568e-02   4.61696312e-02           29
366   9.88238603e-02   2.81836562e+05   6.16460443e-01   5.19090004e+01   3.74758802e-02   1.04763724e-01           28
367   1.01053193e-01   2.66964875e+05   6.16436422e-01   5.19090004e+01   3.20755243e-02   8.40741917e-02           27
368   9.33821797e-02   3.23577188e+05   6.15961552e-01   5.19090004e+01   3.19020972e-02   8.16398934e-02           25
369   9.32600573e-02   3.24037594e+05   6.16510987e-01   5.19090004e+01   2.95193102e-02   7.84480125e-02           29
370   1.00693628e-01   2.68991812e+05   6.16258860e-01   5.19090004e+01   3.79106887e-02   8.34747255e-02           25
371   1.01917915e-01   2.62042234e+05   6.16339922e-01   5.19090004e+01   3.53062227e-02   7.31761977e-02           26
372   9.87888351e-02   2.83097000e+05   6.16404474e-01   5.19090004e+01   2.52231583e-02   2.32986525e-01           28
373   9.18678120e-02   3.34970562e+05   6.16407812e-01   5.19090004e+01   4.30441201e-02   6.30683377e-02           28
374   9.32927206e-02   3.20994406e+05   6.16439819e-01   5.19090004e+01   2.85712034e-02   1.56579420e-01           25
375   9.92165208e-02   2.81564906e+05   6.15875900e-01   5.19090004e+01   3.15206125e-02   1.49985075e-01           30
376   9.74152461e-02   2.91687219e+05   6.16466463e-01   5.19090004e+01   2.98391264e-02   9.72770303e-02           26
377   9.70829278e-02   2.92494562e+05   6.16419137e-01   5.19090004e+01   3.34352478e-02   1.43534228e-01           26
378   1.01829678e-01   2.62757562e+05   6.16467297e-01   5.19090004e+01   3.38032991e-02   1.13457076e-01           29
379   9.79214236e-02   2.89167094e+05   6.16268456e-01   5.19090004e+01   3.29023898e-02   1.30739987e-01           27
380   9.15924758e-02   3.36353219e+05   6.16268098e-01   5.19090004e+01   2.93330029e-02   9.70355049e-02           27
381   9.40400064e-02   3.18113688e+05   6.16390228e-01   5.19090004e+01   4.26612943e-02   6.38171211e-02           29
382   9.91993174e-02   2.78171875e+05   6.16417706e-01   5.19090004e+01   2.76380256e-02   2.36765459e-01           26
383   1.10920146e-01   2.15374547e+05   6.15936875e-01   5.19090004e+01   3.51411104e-02   4.73478027e-02           27
384   1.00446045e-01   2.70853219e+05   6.16267979e-01   5.19090004e+01   3.04311644e-02   4.20224778e-02           24
385   9.95700732e-02   2.77952438e+05   6.16496861e-01   5.19090004e+01   2.70672012e-02   5.21437638e-02           28
386   9.48556960e-02   3.08825812e+05   6.16314530e-01   5.19090004e+01   2.92024799e-02   1.14959873e-01           27
387   9.29967314e-02   3.25249062e+05   6.16504192e-01   5.19090004e+01   3.27229574e-02   7.07704201e-02           28
388   9.50100869e-02   3.10365875e+05   6.16400182e-01   5.19090004e+01   3.42359133e-02   7.83815235e-02           27
389   9.79029611e-02   2.88865375e+05   6.16453290e-01   5.19090004e+01   2.44043823e-02   6.49733692e-02           30
390   9.23463851e-02   3.29459156e+05   6.16486132e-01   5.19090004e+01   2.98895389e-02   8.96128342e-02           28
391   1.00246027e-01   2.71639031e+05   6.16354644e-01   5.19090004e+01   3.46861035e-02   1.53003246e-01           25
392   9.91383716e-02   2.81239000e+05   6.16448700e-01   5.19090004e+01   3.18708420e-02   1.51386753e-01           26
393   9.16559994e-02   3.38162531e+05   6.16362691e-01   5.19090004e+01   3.18703316e-02   3.23993117e-01           23
394   1.01499386e-01   2.64259281e+05   6.15798831e-01   5.19090004e+01   3.06264721e-02   6.70543537e-02           25
395   9.62811261e-02   2.97018250e+05   6.16351843e-01   5.19090004e+01   3.30209881e-02   3.76356579e-02           21
396   1.00811511e-01   2.72552062e+05   6.15958571e-01   5.19090004e+01   3.52276973e-02   1.44812018e-01           29
397   9.94814411e-02   2.78026281e+05   6.16150022e-01   5.19090004e+01   2.50038840e-02   1.29755422e-01           27
398   9.58895013e-02   3.04648344e+05   6.16339922e-01   5.19090004e+01   2.63173264e-02   8.28267112e-02           28
399   9.88167077e-02   2.83668312e+05   6.16393387e-01   5.19090004e+01   3.37618552e-02   1.11508906e-01           29
400   9.90594253e-02   6.22736438e+05   6.16406560e-01   1.15362000e+02   3.04797683e-02   6.12271950e-02           29
401   1.01328924e-01   5.87305562e+05   6.16500795e-01   1.15362000e+02   3.28765847e-02   5.17291799e-02           25
402   9.24511105e-02   7.29237500e+05   6.16404474e-01   1.15362000e+02   2.98365597e-02   8.20556879e-02           28
403   9.49103981e-02   6.87382062e+05   6.16492927e-01   1.15362000e+02   3.21826823e-02   5.16670793e-02           29
404   9.96591747e-02   6.11099312e+05   6.16450071e-01   1.15362000e+02   3.29305641e-02   4.60046455e-02           28
405   9.73677337e-02   6.49798000e+05   6.16504312e-01   1.15362000e+02   2.68500298e-02   7.12995008e-02           28
406   1.00714825e-01   5.97274562e+05   6.16500795e-01   1.15362000e+02   2.93342713e-02   9.69875902e-02           27
407   9.83563364e-02   6.29102812e+05   6.16450071e-01   1.15362000e+02   3.21699604e-02   8.32586288e-02           27
408   9.81646180e-02   6.33531375e+05   6.16363525e-01   1.15362000e+02   2.59728115e-02   7.24616349e-02           26
409   9.79822800e-02   6.36854562e+05   6.16406560e-01   1.15362000e+02   3.55813093e-02   3.96882445e-02           27
410   9.39839333e-02   7.04493875e+05   6.16519034e-01   1.15362000e+02   3.15108038e-02   1.08640715e-01           30
411   9.76095572e-02   6.43500875e+05   6.16461396e-01   1.15362000e+02   2.78183352e-02   4.52340916e-02           28
412   1.03809834e-01   5.58114250e+05   6.16198480e-01   1.15362000e+02   3.70143242e-02   1.14402071e-01           30
413   1.03025243e-01   5.67319500e+05   6.16358578e-01   1.15362000e+02   3.29120308e-02   8.75213966e-02           28
414   1.00572973e-01   6.00197750e+05   6.16417706e-01   1.15362000e+02   3.34420614e-02   1.11311309e-01           30
415   9.35740843e-02   7.04948688e+05   6.16492927e-01   1.15362000e+02   2.94343866e-02   1.00300431e-01           22
416   9.97863039e-02   6.11759562e+05   6.16448700e-01   1.15362000e+02   2.17454843e-02   5.81168383e-02           29
417   9.57512110e-02   6.71720188e+05   6.16390228e-01   1.15362000e+02   3.27378847e-02   2.55482923e-02           24
418   9.65392739e-02   6.60511062e+05   6.16410434e-01   1.15362000e+02   3.11451778e-02   5.97016178e-02           27
419   9.67024341e-02   6.56725375e+05   6.16514862e-01   1.15362000e+02   2.32967678e-02   6.00749590e-02           26
420   9.65195149e-02   6.60217188e+05   6.16342604e-01   1.15362000e+02   3.33455279e-02   3.71283591e-02           27
421   1.04363643e-01   5.51331562e+05   6.16486132e-01   1.15362000e+02   3.30895931e-02   1.03650905e-01           30
422   9.93762761e-02   6.21123000e+05   6.16498291e-01   1.15362000e+02   3.50012854e-02   1.05685033e-01           30
423   9.88888144e-02   6.22628875e+05   6.16404474e-01   1.15362000e+02   2.95926239e-02   7.13232160e-02           29
424   9.49571729e-02   6.84496062e+05   6.16468966e-01   1.15362000e+02   2.74570677e-02   4.98466790e-02           24
425   1.02913499e-01   5.67674562e+05   6.16294265e-01   1.15362000e+02   3.53960842e-02   1.70262456e-01           27
426   9.83338654e-02   6.30025125e+05   6.16441429e-01   1.15362000e+02   3.36563364e-02   1.05009422e-01           30
427   9.69488919e-02   6.50241688e+05   6.16434991e-01   1.15362000e+02   3.61765809e-02   2.54630059e-01           25
428   9.71396044e-02   6.51523562e+05   6.16213143e-01   1.15362000e+02   2.51572561e-02   6.16016462e-02           26
429   9.59287211e-02   6.67901688e+05   6.16492093e-01   1.15362000e+02   2.99663600e-02   1.79143652e-01           25
430   9.46911424e-02   6.90057375e+05   6.16504192e-01   1.15362000e+02   3.18737626e-02   4.30697426e-02           25
431   1.01152308e-01   5.90031312e+05   6.16338730e-01   1.15362000e+02   3.50981466e-02   1.86387926e-01           28
432   9.62640047e-02   6.61330625e+05   6.16446316e-01   1.15362000e+02   3.27024832e-02   1.04895316e-01           26
433   9.92841199e-02   6.15975562e+05   6.16439819e-01   1.15362000e+02   3.21491845e-02   1.56341851e-01           26
434   1.00317478e-01   6.02213688e+05   6.16515756e-01   1.15362000e+02   3.22368033e-02   9.73431170e-02           29
435   1.02669984e-01   5.68185938e+05   6.16444051e-01   1.15362000e+02   2.71256473e-02   4.15468700e-02           25
436   9.87568349e-02   6.25890312e+05   6.16433501e-01   1.15362000e+02   3.65111604e-02   1.03295729e-01           26
437   9.78663489e-02   6.36387625e+05   6.16453290e-01   1.15362000e+02   2.37346236e-02   7.22333491e-02           25
438   1.01368628e-01   5.88759312e+05   6.16492093e-01   1.15362000e+02   3.29405963e-02   2.15804413e-01           27
439   9.44111943e-02   6.94992062e+05   6.16406560e-01   1.15362000e+02   2.51644701e-02   9.65052173e-02           26
440   9.84017998e-02   6.29544625e+05   6.16444051e-01   1.15362000e+02   3.28316130e-02   5.93291260e-02           29
441   1.00640617e-01   5.98632250e+05   6.16406441e-01   1.15362000e+02   3.13085243e-02   6.25597984e-02           26
442   9.38813612e-02   7.02775938e+05   6.16277158e-01   1.15362000e+02   3.11764851e-02   1.67166233e-01           27
443   1.02138214e-01   5.74419000e+05   6.16406441e-01   1.15362000e+02   2.96278633e-02   2.62860715e-01           23
444   9.55053195e-02   6.76206688e+05   6.16444051e-01   1.15362000e+02   2.70730071e-02   3.06187749e-01           26
445   1.04314826e-01   5.50894438e+05   6.16451740e-01   1.15362000e+02   2.51438152e-02   7.67853335e-02           26
446   9.51002464e-02   6.83886188e+05   6.16510868e-01   1.15362000e+02   2.70038582e-02   4.13908735e-02           25
447   9.53293219e-02   6.77298625e+05   6.16386831e-01   1.15362000e+02   2.83569209e-02   6.53069168e-02           28
448   9.52256098e-02   6.81781500e+05   6.16448700e-01   1.15362000e+02   2.73274146e-02   2.26416409e-01           27
449   1.00915872e-01   5.96105500e+05   6.16434991e-01   1.15362000e+02   2.69172471e-02   4.81827930e-02           29
450   1.02483340e-01   5.76783000e+05   6.16460443e-01   1.15362000e+02   3.10644992e-02   8.49368870e-02           29
451   9.63942111e-02   6.57174062e+05   6.16470635e-01   1.15362000e+02   3.16868909e-02   2.62321029e-02           26
452   9.86695960e-02   6.25059188e+05   6.16418302e-01   1.15362000e+02   2.89429631e-02   9.43672583e-02           26
453   9.44962576e-02   6.93211000e+05   6.16466463e-01   1.15362000e+02   3.22127715e-02   1.37656763e-01           27
454   1.00187041e-01   6.03783812e+05   6.16436899e-01   1.15362000e+02   2.86027119e-02   8.07258114e-02           27
455   9.84251648e-02   6.29312312e+05   6.16451740e-01   1.15362000e+02   2.75731534e-02   2.17746362e-01           28
456   9.58249867e-02   6.72304250e+05   6.16338730e-01   1.15362000e+02   2.99098324e-02   1.40705630e-01           29
457   1.02137759e-01   5.79847562e+05   6.16449893e-01   1.15362000e+02   3.76779437e-02   8.01903158e-02           29
458   1.01247072e-01   5.90575250e+05   6.16453290e-01   1.15362000e+02   2.73485687e-02   8.27864110e-02           29
459   9.58438292e-02   6.67503000e+05   6.16486073e-01   1.15362000e+02   2.93491557e-02   1.78985208e-01           21
460   9.68708694e-02   6.54776625e+05   6.16406560e-01   1.15362000e+02   3.59930918e-02   6.42927364e-02           29
461   9.66829658e-02   6.58792875e+05   6.16327345e-01   1.15362000e+02   2.32398156e-02   7.70438910e-02           30
462   1.00167163e-01   6.05884062e+05   6.16338849e-01   1.15362000e+02   3.24290320e-02   9.23132449e-02           28
463   1.00156538e-01   6.07121188e+05   6.16470635e-01   1.15362000e+02   3.07369828e-02   1.85856551e-01           29
464   1.07115015e-01   5.17584906e+05   6.16504312e-01   1.15362000e+02   2.46385634e-02   3.04820780e-02           28
465   9.52366516e-02   6.86181188e+05   6.16258860e-01   1.15362000e+02   3.31373662e-02   1.09745592e-01           30
466   9.86386761e-02   6.27410312e+05   6.16436422e-01   1.15362000e+02   2.59012226e-02   6.48614913e-02           30
467   1.01514883e-01   5.87637812e+05   6.16515756e-01   1.15362000e+02   3.67503799e-02   1.06329709e-01           29
468   1.01018809e-01   5.91059875e+05   6.16418302e-01   1.15362000e+02   3.23990993e-02   5.35136014e-02           29
469   9.79882777e-02   6.38865438e+05   6.16390228e-01   1.15362000e+02   3.01758181e-02   6.80862740e-02           29
470   1.01162501e-01   5.94871500e+05   6.16500795e-01   1.15362000e+02   3.06359604e-02   9.36882570e-02           29
471   9.23672244e-02   7.32997438e+05   6.16449893e-01   1.15362000e+02   2.70022936e-02   5.83294928e-02           29
472   1.01180114e-01   5.93211188e+05   6.16496861e-01   1.15362000e+02   2.66358703e-02   6.41430616e-02           29
473   9.95393470e-02   6.17264875e+05   6.16510868e-01   1.15362000e+02   4.34348471e-02   5.56924865e-02           29
474   9.49080884e-02   6.86672125e+05   6.16378129e-01   1.15362000e+02   2.86231413e-02   3.08405608e-02           27
475   9.73352045e-02   6.50050938e+05   6.16450071e-01   1.15362000e+02   3.02416794e-02   9.24079120e-02           27
476   9.42980126e-02   6.98221000e+05   6.16451740e-01   1.15362000e+02   3.04039214e-02   1.07715562e-01           27
477   9.86610502e-02   6.23305375e+05   6.16432488e-01   1.15362000e+02   2.93317195e-02   7.22358152e-02           24
478   9.68177393e-02   6.55084938e+05   6.16097510e-01   1.15362000e+02   3.33676822e-02   1.33977607e-01           30
479   9.90952253e-02   6.19673938e+05   6.16436422e-01   1.15362000e+02   3.29954922e-02   3.04284710e-02           29
480   1.03216715e-01   5.63236438e+05   6.16510868e-01   1.15362000e+02   3.48723903e-02   9.25555304e-02           28
481   9.77016687e-02   6.40620812e+05   6.16486132e-01   1.15362000e+02   3.22357900e-02   6.99443296e-02           29
482   9.72613692e-02   6.47698500e+05   6.16467297e-01   1.15362000e+02   3.47749703e-02   3.28425802e-02           28
483   9.97882262e-02   6.10883688e+05   6.16400182e-01   1.15362000e+02   3.35315391e-02   9.58863199e-02           29
484   9.69605744e-02   6.51455562e+05   6.16417706e-01   1.15362000e+02   3.11835743e-02   5.35865277e-02           27
485   9.76650119e-02   6.41520750e+05   6.16406441e-01   1.15362000e+02   2.74515506e-02   7.43553564e-02           27
486   9.62872431e-02   6.65785812e+05   6.16514862e-01   1.15362000e+02   3.04966792e-02   6.22600876e-02           30
487   9.99780968e-02   6.05669000e+05   6.16407812e-01   1.15362000e+02   2.53300630e-02   3.98719646e-02           26
488   1.03015587e-01   5.63586250e+05   6.16257548e-01   1.15362000e+02   2.99403463e-02   7.21339732e-02           26
489   9.48398933e-02   6.85617750e+05   6.16492927e-01   1.15362000e+02   2.58950908e-02   8.33537728e-02           27
490   9.50835794e-02   6.86282438e+05   6.16386831e-01   1.15362000e+02   3.47681232e-02   1.04371607e-01           29
491   1.03591233e-01   5.59669250e+05   6.16470635e-01   1.15362000e+02   3.19533832e-02   2.30737671e-01           29
492   9.79513153e-02   6.37040562e+05   6.16347671e-01   1.15362000e+02   2.86175627e-02   3.06917038e-02           27
493   9.69307348e-02   6.51010750e+05   6.16492927e-01   1.15362000e+02   3.20849121e-02   1.69082418e-01           23
494   9.85947922e-02   6.27914000e+05   6.16504312e-01   1.15362000e+02   2.97249034e-02   4.35667187e-02           26
495   9.39040557e-02   7.06249562e+05   6.16515756e-01   1.15362000e+02   2.63660159e-02   7.38643035e-02           29
496   9.98101234e-02   6.09227750e+05   6.16460443e-01   1.15362000e+02   2.81317364e-02   4.97308746e-02           26
497   9.84894782e-02   6.33088125e+05   6.16441429e-01   1.15362000e+02   3.11878305e-02   1.00308821e-01           29
498   1.00412808e-01   6.02776750e+05   6.16321146e-01   1.15362000e+02   2.90499330e-02   1.18507840e-01           29
499   9.79001597e-02   6.35368250e+05   6.16500795e-01   1.15362000e+02   2.64216457e-02   1.13412760e-01           25
500   9.63348225e-02   1.49131550e+06   6.16466463e-01   2.59558014e+02   3.47993895e-02   1.12449698e-01           30
501   9.91793945e-02   1.39276025e+06   6.16510987e-01   2.59558014e+02   2.89826002e-02   4.02724855e-02           30
502   9.85981524e-02   1.40857038e+06   6.16496861e-01   2.59558014e+02   3.35129239e-02   1.35146931e-01           28
503   1.00492924e-01   1.34394450e+06   6.16470635e-01   2.59558014e+02   2.87375692e-02   8.62860456e-02           25
504   9.93308127e-02   1.38533550e+06   6.16419137e-01   2.59558014e+02   3.03076860e-02   1.69394061e-01           28
505   9.91416648e-02   1.38431825e+06   6.16504192e-01   2.59558014e+02   3.24773863e-02   2.24615216e-01           25
506   9.56903398e-02   1.51013150e+06   6.16486132e-01   2.59558014e+02   2.80335788e-02   9.13237929e-02           27
507   9.81052592e-02   1.42374288e+06   6.16428077e-01   2.59558014e+02   3.07943802e-02   9.85031128e-02           25
508   1.00518323e-01   1.34476675e+06   6.16481364e-01   2.59558014e+02   3.28276902e-02   7.81045854e-02           30
509   9.63696316e-02   1.48319312e+06   6.16418302e-01   2.59558014e+02   2.61927396e-02   3.16231437e-02           25
510   9.93853956e-02   1.38365638e+06   6.16504192e-01   2.59558014e+02   3.29698138e-02   1.42040178e-01           28
511   9.83784497e-02   1.41554238e+06   6.16396725e-01   2.59558014e+02   3.05423755e-02   1.76047102e-01           26
512   9.85338390e-02   1.41284100e+06   6.16452515e-01   2.59558014e+02   3.00073028e-02   8.21778774e-02           28
513   9.84330103e-02   1.41226325e+06   6.16514862e-01   2.59558014e+02   2.62202956e-02   8.50831792e-02           26
514   9.68773216e-02   1.46690838e+06   6.16519034e-01   2.59558014e+02   3.13559398e-02   4.21235561e-02           28
515   9.91254523e-02   1.39385400e+06   6.16450071e-01   2.59558014e+02   3.02238446e-02   5.08242138e-02           27
516   9.72882062e-02   1.45411788e+06   6.16486132e-01   2.59558014e+02   3.16727832e-02   6.92665204e-02           27
517   1.00912534e-01   1.33531475e+06   6.16496861e-01   2.59558014e+02   2.83572096e-02   5.46165183e-02           29
518   1.05065152e-01   1.21894525e+06   6.16470337e-01   2.59558014e+02   3.29886228e-02   1.10850468e-01           30
519   9.83483791e-02   1.42122688e+06   6.16468966e-01   2.59558014e+02   3.39123905e-02   8.65357816e-02           27
520   1.00681365e-01   1.33705062e+06   6.16346359e-01   2.59558014e+02   3.19690369e-02   2.48790592e-01           25
521   9.58110616e-02   1.50618700e+06   6.16467297e-01   2.59558014e+02   3.16030085e-02   5.58579117e-02           27
522   9.70825553e-02   1.46675250e+06   6.16362691e-01   2.59558014e+02   2.78195813e-02   1.33405834e-01           30
523   9.95164663e-02   1.38015775e+06   6.16504312e-01   2.59558014e+02   2.81325169e-02   8.92533809e-02           27
524   1.01671167e-01   1.31291438e+06   6.16418302e-01   2.59558014e+02   3.34827043e-02   1.63113266e-01           28
525   1.00295030e-01   1.35658662e+06   6.16510868e-01   2.59558014e+02   3.19927782e-02   1.00291178e-01           29
526   9.77859572e-02   1.43752362e+06   6.16496861e-01   2.59558014e+02   2.94695571e-02   6.58905730e-02           29
527   9.75711644e-02   1.44834462e+06   6.16468966e-01   2.59558014e+02   3.31705660e-02   1.10007130e-01           28
528   9.81881246e-02   1.42676175e+06   6.16492927e-01   2.59558014e+02   2.69531105e-02   1.68278903e-01           29
529   9.85854417e-02   1.40451600e+06   6.16515756e-01   2.59558014e+02   3.07456739e-02   2.19384849e-01           25
530   1.00853145e-01   1.33362975e+06   6.16504312e-01   2.59558014e+02   2.85699274e-02   1.40082642e-01           27
531   9.84243155e-02   1.41520700e+06   6.16492927e-01   2.59558014e+02   3.01424898e-02   1.26417220e-01           27
532   9.71837416e-02   1.46166750e+06   6.16504192e-01   2.59558014e+02   2.85286978e-02   6.51482493e-02           29
533   9.49848741e-02   1.52673088e+06   6.16496861e-01   2.59558014e+02   2.91041210e-02   5.99137127e-01           23
534   1.01472899e-01   1.31723025e+06   6.16467297e-01   2.59558014e+02   2.85496712e-02   4.78969403e-02           28
535   9.98286307e-02   1.36952675e+06   6.16504192e-01   2.59558014e+02   2.80020125e-02   5.67838922e-02           28
536   1.00218236e-01   1.35973388e+06   6.16500795e-01   2.59558014e+02   2.86606234e-02   8.99945721e-02           30
537   9.56292301e-02   1.51561812e+06   6.16504192e-01   2.59558014e+02   3.07149012e-02   9.20057148e-02           29
538   9.74016562e-02   1.44864388e+06   6.16445541e-01   2.59558014e+02   3.28919925e-02   1.04816936e-01           28
539   9.93783176e-02   1.38690562e+06   6.16450071e-01   2.59558014e+02   3.00878379e-02   1.00292519e-01           28
540   1.03209302e-01   1.26661012e+06   6.16461396e-01   2.59558014e+02   2.94456165e-02   5.46551645e-02           28
541   1.01502761e-01   1.31746350e+06   6.16460443e-01   2.59558014e+02   3.40407714e-02   2.64927633e-02           28
542   1.02666348e-01   1.28275175e+06   6.16461396e-01   2.59558014e+02   3.03191785e-02   4.96928617e-02           29
543   9.68278944e-02   1.46645350e+06   6.16504312e-01   2.59558014e+02   3.03323828e-02   1.11291908e-01           28
544   9.49213654e-02   1.53964775e+06   6.16341293e-01   2.59558014e+02   2.79568769e-02   1.34481385e-01           28
545   1.01148926e-01   1.32983038e+06   6.16453290e-01   2.59558014e+02   3.08783166e-02   4.53707762e-02           30
546   9.70675573e-02   1.45940025e+06   6.16468966e-01   2.59558014e+02   2.74927095e-02   7.68214092e-02           27
547   9.89005789e-02   1.40087125e+06   6.16498291e-01   2.59558014e+02   2.98864618e-02   1.38405412e-01           29
548   9.36897695e-02   1.59051200e+06   6.16342247e-01   2.59558014e+02   2.84948088e-02   4.52136770e-02           28
549   9.57913995e-02   1.51025400e+06   6.16451740e-01   2.59558014e+02   2.89769918e-02   9.44373384e-02           29
550   9.47353542e-02   1.54060238e+06   6.16390228e-01   2.59558014e+02   2.61993390e-02   7.53302127e-02           27
551   9.87692103e-02   1.40463388e+06   6.16446316e-01   2.59558014e+02   3.39612253e-02   8.43645930e-02           27
552   9.69543085e-02   1.46514375e+06   6.16444051e-01   2.59558014e+02   2.95671783e-02   1.57609373e-01           25
553   9.56465155e-02   1.51476925e+06   6.16504312e-01   2.59558014e+02   3.16938125e-02   6.55963942e-02           28
554   9.62029994e-02   1.49611875e+06   6.16449893e-01   2.59558014e+02   2.62518153e-02   8.37765560e-02           30
555   9.69209969e-02   1.46922150e+06   6.16486073e-01   2.59558014e+02   2.91018710e-02   8.90686661e-02           29
556   1.00748055e-01   1.33991875e+06   6.16436422e-01   2.59558014e+02   2.79111713e-02   3.49302553e-02           26
557   9.72558782e-02   1.45715575e+06   6.16377652e-01   2.59558014e+02   2.61601098e-02   7.63751864e-02           29
558   1.00565441e-01   1.34392112e+06   6.16519034e-01   2.59558014e+02   3.05483975e-02   3.96945402e-02           26
559   9.55146700e-02   1.52332350e+06   6.16510987e-01   2.59558014e+02   2.90800110e-02   2.94202454e-02           29
560   9.89096686e-02   1.39821225e+06   6.16504312e-01   2.59558014e+02   3.20812687e-02   1.17144570e-01           27
561   1.03273958e-01   1.26462675e+06   6.16446316e-01   2.59558014e+02   3.05500925e-02   1.00372091e-01           29
562   1.00227915e-01   1.35794650e+06   6.16419137e-01   2.59558014e+02   3.00556440e-02   2.75982674e-02           28
563   9.66084525e-02   1.48284238e+06   6.16444051e-01   2.59558014e+02   3.00487150e-02   1.10821813e-01           30
564   9.87473801e-02   1.40666900e+06   6.16339922e-01   2.59558014e+02   2.95577236e-02   4.63927016e-02           28
565   9.99020860e-02   1.36557388e+06   6.16519034e-01   2.59558014e+02   2.79140286e-02   1.02090202e-01           26
566   9.80113298e-02   1.43334912e+06   6.16492927e-01   2.59558014e+02   2.86941938e-02   4.64092903e-02           29
567   1.01502270e-01   1.31776762e+06   6.16504192e-01   2.59558014e+02   3.18595618e-02   1.60309151e-01           28
568   1.01940684e-01   1.30462725e+06   6.16362691e-01   2.59558014e+02   2.80537102e-02   9.27428380e-02           27
569   1.01351447e-01   1.32051850e+06   6.16342247e-01   2.59558014e+02   3.31014059e-02   4.57735322e-02           27
570   9.87315923e-02   1.40916700e+06   6.16510868e-01   2.59558014e+02   3.11516300e-02   3.40833142e-02           30
571   1.00759991e-01   1.34177075e+06   6.16450071e-01   2.59558014e+02   3.36378962e-02   8.37617815e-02           29
572   9.97423828e-02   1.36957412e+06   6.16466463e-01   2.59558014e+02   3.26127782e-02   1.01932749e-01           26
573   1.01342835e-01   1.32261600e+06   6.16510987e-01   2.59558014e+02   2.86673345e-02   4.62926403e-02           30
574   9.96402726e-02   1.37459862e+06   6.16498291e-01   2.59558014e+02   3.17826644e-02   8.01961496e-02           29
575   1.00728676e-01   1.33870275e+06   6.16481364e-01   2.59558014e+02   2.77524982e-02   9.74070132e-02           27
576   1.01920508e-01   1.30350838e+06   6.16436899e-01   2.59558014e+02   3.13976519e-02   5.34263551e-02           28
577   9.91865396e-02   1.38793900e+06   6.16510868e-01   2.59558014e+02   3.23119126e-02   1.13514230e-01           27
578   9.65210497e-02   1.48248025e+06   6.16466463e-01   2.59558014e+02   2.95161512e-02   6.77758455e-02           27
579   9.97055769e-02   1.37526712e+06   6.16442382e-01   2.59558014e+02   2.90966462e-02   1.00292385e-01           29
580   9.62358788e-02   1.49173812e+06   6.16496861e-01   2.59558014e+02   3.16895582e-02   3.73212695e-02           28
581   9.77390409e-02   1.43878788e+06   6.16481364e-01   2.59558014e+02   3.06040421e-02   7.38514364e-02           30
582   9.80958045e-02   1.42091712e+06   6.16510987e-01   2.59558014e+02   2.92431414e-02   1.07214652e-01           27
583   9.86430272e-02   1.40568812e+06   6.16481364e-01   2.59558014e+02   2.66907103e-02   7.28128925e-02           24
584   9.74538699e-02   1.45142888e+06   6.16449893e-01   2.59558014e+02   3.23711969e-02   5.21780141e-02           30
585   1.00006551e-01   1.36090750e+06   6.16470337e-01   2.59558014e+02   2.83834655e-02   1.18446596e-01           26
586   9.98842642e-02   1.36856162e+06   6.16481364e-01   2.59558014e+02   3.28657366e-02   4.97692674e-02           29
587   9.68987867e-02   1.46290238e+06   6.16519034e-01   2.59558014e+02   3.08746696e-02   4.32904772e-02           25
588   9.72039998e-02   1.45336725e+06   6.16470337e-01   2.59558014e+02   2.88388673e-02   3.26731987e-02           28
589   9.74569023e-02   1.44974000e+06   6.16442382e-01   2.59558014e+02   3.11894529e-02   8.51204097e-02           29
590   9.83103439e-02   1.41670788e+06   6.16470635e-01   2.59558014e+02   2.90104430e-02   5.99065572e-02           27
591   9.94954035e-02   1.37912088e+06   6.16481364e-01   2.59558014e+02   3.60820815e-02   9.90559906e-02           28
592   9.65970457e-02   1.47589550e+06   6.16510868e-01   2.59558014e+02   3.22240554e-02   2.85909593e-01           27
593   9.83058512e-02   1.42001675e+06   6.16460443e-01   2.59558014e+02   3.23158503e-02   8.08605179e-02           29
594   9.87571478e-02   1.40312800e+06   6.16514862e-01   2.59558014e+02   3.60585786e-02   1.02985069e-01           28
595   9.65105817e-02   1.47856325e+06   6.16444051e-01   2.59558014e+02   3.43313701e-02   2.14625567e-01           26
596   9.86993387e-02   1.40381912e+06   6.16504312e-01   2.59558014e+02   3.41098942e-02   1.24060974e-01           27
597   1.00086369e-01   1.36421325e+06   6.16504192e-01   2.59558014e+02   2.85268240e-02   4.87110354e-02           29
598   9.78707969e-02   1.43634188e+06   6.16486073e-01   2.59558014e+02   2.89194677e-02   1.06783219e-01           28
599   9.56313536e-02   1.51357512e+06   6.16486073e-01   2.59558014e+02   3.14433463e-02   2.07531288e-01           26
600   9.62977558e-02   2.96752325e+06   6.16470337e-01   5.19129028e+02   2.95954030e-02   8.92277434e-02           27
601   9.84355137e-02   2.82436075e+06   6.16481364e-01   5.19129028e+02   2.96043810e-02   8.74856412e-02           26
602   1.00213714e-01   2.71442325e+06   6.16514862e-01   5.19129028e+02   3.13574709e-02   1.08981602e-01           29
603   9.93653312e-02   2.76442925e+06   6.16470635e-01   5.19129028e+02   3.10130734e-02   1.84015378e-01           27
604   9.55387056e-02   3.03645475e+06   6.16515756e-01   5.19129028e+02   3.04973610e-02   9.64874029e-02           28
605   9.84928682e-02   2.82421325e+06   6.16510868e-01   5.19129028e+02   3.08313873e-02   1.05028823e-01           28
606   9.87580344e-02   2.79395650e+06   6.16504312e-01   5.19129028e+02   3.26079987e-02   1.19698875e-01           25
607   1.00479767e-01   2.68733300e+06   6.16504312e-01   5.19129028e+02   3.08677312e-02   1.89866126e-01           26
608   9.96340513e-02   2.73895950e+06   6.16515756e-01   5.19129028e+02   3.06835864e-02   5.80315068e-02           26
609   9.83263701e-02   2.83199900e+06   6.16461396e-01   5.19129028e+02   3.11665460e-02   4.80750538e-02           27
610   1.00527719e-01   2.68994625e+06   6.16519034e-01   5.19129028e+02   2.75915172e-02   2.41299465e-01           29
611   9.73862559e-02   2.89417850e+06   6.16504192e-01   5.19129028e+02   3.18454653e-02   3.93478274e-02           26
612   1.00564256e-01   2.68723525e+06   6.16486073e-01   5.19129028e+02   3.09213605e-02   1.47507742e-01           28
613   1.00967489e-01   2.65157950e+06   6.16467297e-01   5.19129028e+02   3.10384110e-02   3.78501534e-01           27
614   1.02112442e-01   2.60068400e+06   6.16498291e-01   5.19129028e+02   3.40194479e-02   2.07364634e-01           30
615   9.79195163e-02   2.85533075e+06   6.16510987e-01   5.19129028e+02   3.27564962e-02   6.06201217e-02           29
616   1.00401387e-01   2.68812275e+06   6.16496861e-01   5.19129028e+02   3.11903097e-02   1.63354293e-01           27
617   9.81145650e-02   2.85316850e+06   6.16510987e-01   5.19129028e+02   2.92540062e-02   2.32367620e-01           28
618   9.59056094e-02   3.00994000e+06   6.16504192e-01   5.19129028e+02   3.15303691e-02   1.67168334e-01           28
619   9.89086032e-02   2.80190875e+06   6.16519034e-01   5.19129028e+02   2.91615855e-02   1.19150318e-01           29
620   9.86094996e-02   2.81791400e+06   6.16504312e-01   5.19129028e+02   2.83380207e-02   1.55489638e-01           30
621   9.64073241e-02   2.96743275e+06   6.16510868e-01   5.19129028e+02   3.17452438e-02   1.18719175e-01           28
622   9.87506956e-02   2.80636250e+06   6.16510868e-01   5.19129028e+02   3.11368182e-02   2.33327404e-01           29
623   9.92071480e-02   2.77805800e+06   6.16510987e-01   5.19129028e+02   3.31280865e-02   1.17199123e-01           28
624   9.73833576e-02   2.88634050e+06   6.16486132e-01   5.19129028e+02   2.98316479e-02   2.73873121e-01           26
625   9.98736992e-02   2.72124225e+06   6.16514862e-01   5.19129028e+02   3.03251185e-02   2.27147847e-01           27
626   9.87692997e-02   2.80611550e+06   6.16519034e-01   5.19129028e+02   3.43179032e-02   4.75017913e-02           28
627   1.00141577e-01   2.72119625e+06   6.16519034e-01   5.19129028e+02   2.73433495e-02   3.04166377e-01           30
628   1.02993309e-01   2.54384325e+06   6.16504312e-01   5.19129028e+02   3.23773064e-02   1.54088110e-01           29
629   9.95821729e-02   2.75876150e+06   6.16514862e-01   5.19129028e+02   3.09196822e-02   1.20980352e-01           27
630   9.95592400e-02   2.74713775e+06   6.16368830e-01   5.19129028e+02   3.39719877e-02   2.39078820e-01           27
631   9.83669460e-02   2.82753050e+06   6.16486132e-01   5.19129028e+02   2.91493293e-02   1.51147634e-01           25
632   9.58524793e-02   3.00564425e+06   6.16434991e-01   5.19129028e+02   2.77829021e-02   1.81648344e-01           27
633   9.76623967e-02   2.87519075e+06   6.16468966e-01   5.19129028e+02   3.15615274e-02   1.12263031e-01           26
634   9.94848311e-02   2.76097700e+06   6.16514862e-01   5.19129028e+02   2.89553981e-02   1.09858476e-01           28
635   9.95876417e-02   2.74799275e+06   6.16481364e-01   5.19129028e+02   3.36459689e-02   2.67021477e-01           28
636   1.00013681e-01   2.72520300e+06   6.16514862e-01   5.19129028e+02   2.90992893e-02   1.54374078e-01           30
637   9.66094956e-02   2.95181600e+06   6.16441429e-01   5.19129028e+02   2.88021192e-02   2.10021973e-01           27
638   1.00120358e-01   2.72461750e+06   6.16514862e-01   5.19129028e+02   2.94633340e-02   2.09579393e-01           30
639   9.81444642e-02   2.85003450e+06   6.16519034e-01   5.19129028e+02   3.10984142e-02   1.03247344e-01           29
640   1.02427728e-01   2.58568150e+06   6.16510987e-01   5.19129028e+02   3.01564541e-02   1.05299570e-01           30
641   9.90812182e-02   2.79161600e+06   6.16451740e-01   5.19129028e+02   3.03956140e-02   1.97677135e-01           30
642   1.02550365e-01   2.56736000e+06   6.16449893e-01   5.19129028e+02   3.10657509e-02   1.84607267e-01           28
643   9.91961807e-02   2.77995550e+06   6.16470635e-01   5.19129028e+02   3.10219042e-02   3.55135500e-02           29
644   9.58721861e-02   3.00511800e+06   6.16514862e-01   5.19129028e+02   3.13016102e-02   4.81105521e-02           28
645   9.81773436e-02   2.84513125e+06   6.16514862e-01   5.19129028e+02   2.66468562e-02   1.21045887e-01           28
646   9.94346216e-02   2.75061650e+06   6.16514862e-01   5.19129028e+02   3.07170153e-02   1.28061593e-01           26
647   9.72013995e-02   2.90165100e+06   6.16446316e-01   5.19129028e+02   2.88457610e-02   1.83343247e-01           26
648   9.84028727e-02   2.82672100e+06   6.16504312e-01   5.19129028e+02   2.80963313e-02   1.33371279e-01           28
649   9.89907980e-02   2.78593525e+06   6.16492927e-01   5.19129028e+02   3.04780919e-02   1.23281293e-01           27
650   9.87037197e-02   2.81075875e+06   6.16446316e-01   5.19129028e+02   2.87204329e-02   5.98821789e-02           29
651   9.77529734e-02   2.85363175e+06   6.16519034e-01   5.19129028e+02   3.01150326e-02   3.52894306e-01           24
652   9.93703902e-02   2.76618500e+06   6.16515756e-01   5.19129028e+02   3.17832045e-02   1.14068918e-01           30
653   1.00681774e-01   2.69579725e+06   6.16515756e-01   5.19129028e+02   2.82787457e-02   3.49950120e-02           30
654   9.95410755e-02   2.75516600e+06   6.16519034e-01   5.19129028e+02   3.06130294e-02   1.90043375e-01           30
655   9.98925641e-02   2.72284775e+06   6.16492927e-01   5.19129028e+02   3.25777158e-02   3.47105935e-02           26
656   9.79589447e-02   2.85363250e+06   6.16486132e-01   5.19129028e+02   3.10581289e-02   1.12785235e-01           26
657   9.63691771e-02   2.96293900e+06   6.16514862e-01   5.19129028e+02   3.08107268e-02   2.80820802e-02           24
658   9.64766145e-02   2.97210925e+06   6.16492927e-01   5.19129028e+02   3.02772298e-02   7.79584795e-02           27
659   9.75257903e-02   2.88171300e+06   6.16519034e-01   5.19129028e+02   3.14885266e-02   2.15183988e-01           27
660   9.66419503e-02   2.94859125e+06   6.16504312e-01   5.19129028e+02   2.90283374e-02   8.15824121e-02           27
661   9.70366448e-02   2.91986025e+06   6.16444051e-01   5.19129028e+02   2.98642777e-02   1.40785977e-01           29
662   9.85072777e-02   2.81977700e+06   6.16504192e-01   5.19129028e+02   3.29969376e-02   1.25274941e-01           28
663   9.69180390e-02   2.91665800e+06   6.16450071e-01   5.19129028e+02   2.99485568e-02   2.78175920e-01           26
664   9.54903886e-02   3.02686550e+06   6.16514862e-01   5.19129028e+02   2.99885813e-02   2.12303415e-01           28
665   9.85483676e-02   2.80857750e+06   6.16514862e-01   5.19129028e+02   2.83024739e-02   1.25683874e-01           28
666   9.94020849e-02   2.77035450e+06   6.16514862e-01   5.19129028e+02   3.31766978e-02   4.32487801e-02           27
667   9.92490202e-02   2.76478100e+06   6.16514862e-01   5.19129028e+02   3.22932974e-02   9.48941559e-02           26
668   1.00201622e-01   2.71392125e+06   6.16514862e-01   5.19129028e+02   2.75616664e-02   1.06405690e-01           29
669   9.81515497e-02   2.84698000e+06   6.16468966e-01   5.19129028e+02   3.09478268e-02   8.93803611e-02           27
670   9.99039710e-02   2.72839275e+06   6.16504312e-01   5.19129028e+02   3.17615941e-02   1.69554368e-01           26
671   9.79328156e-02   2.86535525e+06   6.16519034e-01   5.19129028e+02   3.03429216e-02   1.13841169e-01           27
672   1.00071900e-01   2.71802200e+06   6.16504192e-01   5.19129028e+02   2.98084263e-02   8.86035785e-02           28
673   1.00666188e-01   2.68539175e+06   6.16504192e-01   5.19129028e+02   2.81810481e-02   1.08396769e-01           29
674   9.94986296e-02   2.75403000e+06   6.16467297e-01   5.19129028e+02   2.79378705e-02   1.59521788e-01           28
675   9.95810106e-02   2.74686175e+06   6.16486073e-01   5.19129028e+02   3.21040452e-02   7.86673352e-02           28
676   9.67569724e-02   2.94802150e+06   6.16453290e-01   5.19129028e+02   2.86108069e-02   1.36124179e-01           30
677   9.93631929e-02   2.76219675e+06   6.16492927e-01   5.19129028e+02   3.02516166e-02   2.98228841e-02           27
678   9.81430709e-02   2.84738900e+06   6.16515756e-01   5.19129028e+02   3.04490719e-02   2.10195720e-01           27
679   9.92700309e-02   2.77953875e+06   6.16468966e-01   5.19129028e+02   2.99998410e-02   6.03123233e-02           30
680   9.97366384e-02   2.73425900e+06   6.16460443e-01   5.19129028e+02   3.33157964e-02   2.61451870e-01           27
681   9.90792960e-02   2.79375175e+06   6.16448700e-01   5.19129028e+02   3.07399929e-02   4.23068628e-02           29
682   1.00620605e-01   2.67360425e+06   6.16461396e-01   5.19129028e+02   2.99499072e-02   1.99731842e-01           28
683   9.75480080e-02   2.88745800e+06   6.16514862e-01   5.19129028e+02   2.89989989e-02   7.79885575e-02           28
684   9.98927206e-02   2.72761100e+06   6.16496861e-01   5.19129028e+02   3.20903845e-02   1.69617116e-01           27
685   9.89847258e-02   2.79169175e+06   6.16496861e-01   5.19129028e+02   3.08262091e-02   9.64290500e-02           28
686   9.85652059e-02   2.81202225e+06   6.16510868e-01   5.19129028e+02   2.88815312e-02   9.87210646e-02           25
687   9.92066711e-02   2.77869250e+06   6.16451740e-01   5.19129028e+02   3.12491469e-02   6.32381737e-02           26
688   9.94824171e-02   2.76124500e+06   6.16492927e-01   5.19129028e+02   3.08303721e-02   7.29646161e-02           27
689   9.76713225e-02   2.87720050e+06   6.16492927e-01   5.19129028e+02   2.97663976e-02   2.07492456e-01           28
690   1.00588918e-01   2.69048100e+06   6.16510868e-01   5.19129028e+02   3.08035836e-02   6.71698600e-02           29
691   9.77620929e-02   2.86386800e+06   6.16510868e-01   5.19129028e+02   2.58278064e-02   1.39525577e-01           24
692   9.81737897e-02   2.84388100e+06   6.16519034e-01   5.19129028e+02   2.68289018e-02   6.16525151e-02           29
693   9.95702818e-02   2.74920675e+06   6.16496861e-01   5.19129028e+02   3.12677845e-02   5.82561791e-02           28
694   9.98785421e-02   2.72945275e+06   6.16515756e-01   5.19129028e+02   3.00721265e-02   1.15370944e-01           29
695   9.99204069e-02   2.72713175e+06   6.16492927e-01   5.19129028e+02   3.38357501e-02   1.40811995e-01           28
696   9.90831181e-02   2.78331250e+06   6.16504192e-01   5.19129028e+02   2.93228980e-02   3.82621065e-02           29
697   1.02518968e-01   2.57600925e+06   6.16519034e-01   5.19129028e+02   3.04106157e-02   9.28053334e-02           29
698   1.00607693e-01   2.67393325e+06   6.16492927e-01   5.19129028e+02   2.95322593e-02   1.39128581e-01           27
699   1.00810111e-01   2.67644900e+06   6.16504192e-01   5.19129028e+02   3.07311118e-02   6.36050403e-02           30
