#ID, Rs, Dc, R200, Mvir, xoff, rho_rms, niter
000   1.78216591e-01   1.11095186e+04   7.33692467e-01   8.74900055e+00   6.36842400e-02   3.26183349e-01           22
001   1.84743315e-01   1.04427354e+04   7.28805304e-01   8.74900055e+00   5.91878854e-02   9.01196897e-01           24
002   1.66256994e-01   1.29461338e+04   7.33502865e-01   8.74900055e+00   7.10156858e-02   2.40952224e-01           27
003   1.92639917e-01   9.33513281e+03   7.33503163e-01   8.74900055e+00   4.77662869e-02   3.08877319e-01           27
004   2.27629334e-01   6.61602002e+03   7.33296573e-01   8.74900055e+00   7.49552771e-02   2.76510298e-01           29
005   1.87394187e-01   1.00362480e+04   7.33675778e-01   8.74900055e+00   7.50108957e-02   4.62625086e-01           25
006   1.43410742e-01   1.82904531e+04   7.33597696e-01   8.74900055e+00   5.77317588e-02   3.85617226e-01           26
007   1.95886031e-01   9.06316797e+03   7.33659804e-01   8.74900055e+00   4.46508899e-02   2.34142289e-01           29
008   1.78542584e-01   1.11750156e+04   7.33772457e-01   8.74900055e+00   6.09487072e-02   1.12093449e+00           26
009   1.75767660e-01   1.15075361e+04   7.31563270e-01   8.74900055e+00   7.21842498e-02   2.99789041e-01           25
010   2.05098405e-01   8.12619043e+03   7.30491698e-01   8.74900055e+00   6.43690154e-02   5.34104943e-01           24
011   1.74671099e-01   1.18623359e+04   7.33908892e-01   8.74900055e+00   7.30291083e-02   4.43845123e-01           26
012   2.03563720e-01   8.35283105e+03   7.33280778e-01   8.74900055e+00   5.66394590e-02   4.20396984e-01           21
013   1.64588094e-01   1.34074053e+04   7.33472407e-01   8.74900055e+00   4.79419976e-02   5.78594267e-01           25
014   1.55454904e-01   1.53991758e+04   7.33437240e-01   8.74900055e+00   7.72528276e-02   4.70757753e-01           25
015   1.65613040e-01   1.29523750e+04   7.31878161e-01   8.74900055e+00   6.01056479e-02   5.31102359e-01           25
016   1.89100623e-01   9.66987012e+03   7.33344078e-01   8.74900055e+00   4.30636927e-02   1.93231717e-01           24
017   1.97248295e-01   8.72008203e+03   7.32625484e-01   8.74900055e+00   8.47161934e-02   2.76575297e-01           25
018   1.67672604e-01   1.27703398e+04   7.33272731e-01   8.74900055e+00   6.22352548e-02   3.93411249e-01           25
019   2.02875674e-01   8.30355566e+03   7.32791603e-01   8.74900055e+00   7.01658726e-02   1.81353152e-01           24
020   1.75049350e-01   1.16084746e+04   7.33201504e-01   8.74900055e+00   7.28530586e-02   2.56396800e-01           26
021   1.35659382e-01   2.13347969e+04   7.32469261e-01   8.74900055e+00   5.68308197e-02   4.87876654e-01           25
022   1.87883481e-01   1.00436758e+04   7.32916474e-01   8.74900055e+00   7.64218867e-02   4.47639108e-01           26
023   1.83928236e-01   1.06607295e+04   7.33594060e-01   8.74900055e+00   7.63333440e-02   3.57667208e-01           27
024   1.48732781e-01   1.67538906e+04   7.31407225e-01   8.74900055e+00   7.18253925e-02   5.90701938e-01           28
025   1.64643586e-01   1.30632764e+04   7.33150542e-01   8.74900055e+00   5.93542196e-02   4.07093287e-01           24
026   1.97289884e-01   9.05576172e+03   7.32641459e-01   8.74900055e+00   7.04642162e-02   2.35218346e-01           29
027   2.33420610e-01   6.25604150e+03   7.33503163e-01   8.74900055e+00   7.30305165e-02   2.95122802e-01           28
028   1.65255994e-01   1.32133740e+04   7.33640254e-01   8.74900055e+00   7.85692334e-02   6.45854890e-01           27
029   1.51118100e-01   1.65280742e+04   7.33696699e-01   8.74900055e+00   5.89297041e-02   1.27763283e+00           26
030   1.86352089e-01   1.00087490e+04   7.33623445e-01   8.74900055e+00   6.40235469e-02   2.59321213e-01           25
031   1.82252005e-01   1.05787793e+04   7.33245373e-01   8.74900055e+00   5.71964830e-02   4.33366686e-01           24
032   1.96705684e-01   9.05983008e+03   7.31591463e-01   8.74900055e+00   4.28552330e-02   2.18575776e-01           25
033   1.49294674e-01   1.65139102e+04   7.33794451e-01   8.74900055e+00   8.66638273e-02   5.81708431e-01           27
034   1.88159838e-01   1.02324971e+04   7.32259095e-01   8.74900055e+00   6.50994852e-02   1.05487394e+00           25
035   1.85918674e-01   1.02750010e+04   7.32726157e-01   8.74900055e+00   5.59208319e-02   1.97542459e-01           27
036   1.86460316e-01   1.01211777e+04   7.32311428e-01   8.74900055e+00   6.41928315e-02   2.89560139e-01           25
037   1.95684269e-01   9.02032715e+03   7.29966760e-01   8.74900055e+00   3.03832553e-02   2.58324236e-01           28
038   1.94125652e-01   9.35820215e+03   7.31380820e-01   8.74900055e+00   5.54971620e-02   2.87047744e-01           26
039   1.76003978e-01   1.17578838e+04   7.33536124e-01   8.74900055e+00   7.43815377e-02   4.76773977e-01           25
040   1.82965457e-01   1.04424033e+04   7.33562589e-01   8.74900055e+00   5.70974313e-02   5.21600902e-01           25
041   1.54270560e-01   1.55737549e+04   7.29563415e-01   8.74900055e+00   8.35214853e-02   3.56046021e-01           25
042   1.68449119e-01   1.28946650e+04   7.33431339e-01   8.74900055e+00   5.89580908e-02   6.71624899e-01           26
043   1.85126722e-01   1.03116406e+04   7.33592510e-01   8.74900055e+00   9.10730287e-02   4.38241243e-01           23
044   1.63782075e-01   1.38907568e+04   7.33560979e-01   8.74900055e+00   4.42094542e-02   3.54707539e-01           25
045   1.99319631e-01   8.67871191e+03   7.33606517e-01   8.74900055e+00   4.53864150e-02   2.52772361e-01           24
046   1.70621589e-01   1.20781953e+04   7.33733356e-01   8.74900055e+00   7.82696009e-02   2.46603370e-01           23
047   1.90193936e-01   9.76210938e+03   7.33125150e-01   8.74900055e+00   8.23071301e-02   3.49137455e-01           27
048   2.11102709e-01   7.81897754e+03   7.31057346e-01   8.74900055e+00   7.35475719e-02   2.45523036e-01           24
049   1.41446531e-01   1.90850469e+04   7.31861830e-01   8.74900055e+00   7.31400773e-02   3.12235564e-01           28
050   1.72763765e-01   1.18485605e+04   7.33296573e-01   8.74900055e+00   9.47110802e-02   4.93520081e-01           25
051   1.75125748e-01   1.15994277e+04   7.33870864e-01   8.74900055e+00   7.53786936e-02   2.99928486e-01           24
052   1.62935466e-01   1.36344082e+04   7.33212531e-01   8.74900055e+00   8.81735831e-02   4.59365964e-01           25
053   2.02245325e-01   8.45278711e+03   7.33920753e-01   8.74900055e+00   4.81372811e-02   1.37127146e-01           26
054   1.78660080e-01   1.09921123e+04   7.33321548e-01   8.74900055e+00   4.79426682e-02   1.56780154e-01           26
055   1.84063777e-01   1.04471738e+04   7.32309163e-01   8.74900055e+00   7.75111169e-02   5.35669923e-01           22
056   1.91003948e-01   9.81876855e+03   7.32787251e-01   8.74900055e+00   7.23835081e-02   7.62412071e-01           24
057   1.77859887e-01   1.10059863e+04   7.33743072e-01   8.74900055e+00   5.35143018e-02   5.85021853e-01           23
058   2.23355457e-01   6.90729932e+03   7.33232975e-01   8.74900055e+00   5.06793559e-02   3.11322719e-01           25
059   2.58333653e-01   5.10766650e+03   7.31913745e-01   8.74900055e+00   8.11156780e-02   2.53747910e-01           27
060   2.06179097e-01   8.15955859e+03   7.32781231e-01   8.74900055e+00   7.64696300e-02   2.22836465e-01           27
061   1.67857632e-01   1.26137676e+04   7.32439756e-01   8.74900055e+00   6.40309080e-02   5.88000119e-01           25
062   1.48013473e-01   1.71284062e+04   7.32413471e-01   8.74900055e+00   6.72298744e-02   1.35786283e+00           23
063   1.51248246e-01   1.61961172e+04   7.33720720e-01   8.74900055e+00   4.81277481e-02   8.67905200e-01           22
064   1.75807253e-01   1.14647100e+04   7.33292043e-01   8.74900055e+00   6.28590137e-02   3.77000690e-01           25
065   1.76665351e-01   1.11771348e+04   7.33925581e-01   8.74900055e+00   6.34361878e-02   3.76103133e-01           24
066   1.80083200e-01   1.10293926e+04   7.33683467e-01   8.74900055e+00   8.03736970e-02   6.25859439e-01           28
067   2.09546641e-01   7.90253271e+03   7.33099818e-01   8.74900055e+00   8.24648142e-02   4.81526196e-01           25
068   1.91718116e-01   9.56353516e+03   7.33077645e-01   8.74900055e+00   6.44464865e-02   6.93469822e-01           24
069   1.85305119e-01   1.01091865e+04   7.32632220e-01   8.74900055e+00   9.90741104e-02   5.35399377e-01           20
070   1.96408421e-01   9.23925586e+03   7.33763754e-01   8.74900055e+00   8.40699002e-02   3.95103604e-01           28
071   1.53632820e-01   1.55823555e+04   7.33638346e-01   8.74900055e+00   6.56358525e-02   5.53390026e-01           27
072   2.13943496e-01   7.42009521e+03   7.32679725e-01   8.74900055e+00   6.24683760e-02   4.68095005e-01           22
073   1.63319707e-01   1.38004668e+04   7.33286619e-01   8.74900055e+00   7.43027404e-02   6.76827073e-01           22
074   1.99977949e-01   8.58676270e+03   7.33821929e-01   8.74900055e+00   5.99572025e-02   5.26887834e-01           24
075   2.28677362e-01   6.31935498e+03   7.33520448e-01   8.74900055e+00   5.04798777e-02   1.80216476e-01           26
076   2.15047657e-01   7.29277295e+03   7.32586920e-01   8.74900055e+00   6.85611963e-02   2.23786160e-01           25
077   1.74264371e-01   1.19360068e+04   7.33374298e-01   8.74900055e+00   5.68724126e-02   1.15566707e+00           23
078   1.79851413e-01   1.09495234e+04   7.33461916e-01   8.74900055e+00   5.75349666e-02   3.40261608e-01           24
079   1.95779175e-01   9.14466602e+03   7.33275712e-01   8.74900055e+00   6.87998235e-02   3.22070509e-01           25
080   1.47086516e-01   1.71968613e+04   7.33177662e-01   8.74900055e+00   3.85022238e-02   9.39870477e-01           23
081   1.86122134e-01   1.01277100e+04   7.33527064e-01   8.74900055e+00   8.39525834e-02   2.97893584e-01           28
082   2.16796115e-01   7.43644629e+03   7.32493818e-01   8.74900055e+00   6.34008124e-02   6.02417111e-01           26
083   2.06779674e-01   8.03191797e+03   7.33720720e-01   8.74900055e+00   6.04301691e-02   3.58799428e-01           28
084   1.92835838e-01   9.24081934e+03   7.33492613e-01   8.74900055e+00   8.09810534e-02   2.51162142e-01           24
085   1.70325235e-01   1.24468662e+04   7.33374834e-01   8.74900055e+00   7.84525350e-02   4.26483750e-01           25
086   2.11204886e-01   7.79956836e+03   7.33616829e-01   8.74900055e+00   8.45218524e-02   3.59369934e-01           23
087   1.74262792e-01   1.19058408e+04   7.33734846e-01   8.74900055e+00   7.18414262e-02   5.58871984e-01           26
088   2.30906427e-01   6.34132227e+03   7.32419789e-01   8.74900055e+00   8.90731066e-02   7.25613236e-01           26
089   1.20383374e-01   2.75223828e+04   7.32582808e-01   8.74900055e+00   5.09289131e-02   1.01823390e+00           25
090   1.74181551e-01   1.17936260e+04   7.33617365e-01   8.74900055e+00   6.80197552e-02   3.38397801e-01           26
091   2.01032281e-01   8.61930273e+03   7.33937800e-01   8.74900055e+00   5.90058751e-02   3.94033283e-01           28
092   1.78781882e-01   1.11442354e+04   7.33736396e-01   8.74900055e+00   4.83963937e-02   4.55452263e-01           28
093   1.68050990e-01   1.27238311e+04   7.33869314e-01   8.74900055e+00   6.59919977e-02   1.54192880e-01           29
094   2.08214477e-01   7.87464795e+03   7.33684838e-01   8.74900055e+00   4.18530665e-02   2.59059042e-01           24
095   1.95611790e-01   9.06710645e+03   7.32945859e-01   8.74900055e+00   8.21499228e-02   1.62374035e-01           25
096   2.31130287e-01   6.23402686e+03   7.32750416e-01   8.74900055e+00   2.84941159e-02   5.02139807e-01           22
097   1.89262718e-01   9.63539355e+03   7.33824968e-01   8.74900055e+00   8.23834538e-02   8.72132123e-01           23
098   1.55161276e-01   1.54088799e+04   7.32360542e-01   8.74900055e+00   6.45348206e-02   8.72085273e-01           26
099   1.68985367e-01   1.24303906e+04   7.31822908e-01   8.74900055e+00   5.71344011e-02   2.69379437e-01           23
100   2.04928204e-01   1.76681016e+04   7.33736396e-01   1.90319996e+01   5.71523942e-02   3.35410923e-01           27
101   2.02394262e-01   1.81307559e+04   7.33732164e-01   1.90319996e+01   5.76012544e-02   6.69895887e-01           27
102   1.78178146e-01   2.38718477e+04   7.33938575e-01   1.90319996e+01   5.91802932e-02   1.63273707e-01           28
103   1.81755096e-01   2.28471367e+04   7.33280897e-01   1.90319996e+01   4.97848988e-02   1.86160982e+00           26
104   2.06801340e-01   1.70851680e+04   7.33744681e-01   1.90319996e+01   6.16126321e-02   5.43156743e-01           26
105   1.88691199e-01   2.13025469e+04   7.33078659e-01   1.90319996e+01   8.22153315e-02   7.48402655e-01           24
106   2.09413946e-01   1.69656328e+04   7.33087242e-01   1.90319996e+01   7.56050646e-02   2.66369402e-01           28
107   1.74979478e-01   2.48065000e+04   7.32056797e-01   1.90319996e+01   5.05740680e-02   1.79733813e-01           26
108   1.77542090e-01   2.42558887e+04   7.33931124e-01   1.90319996e+01   6.92047402e-02   2.80051202e-01           26
109   1.69565335e-01   2.70121621e+04   7.32376158e-01   1.90319996e+01   9.38202217e-02   4.51967537e-01           23
110   2.07463533e-01   1.74937324e+04   7.33610630e-01   1.90319996e+01   5.69059364e-02   2.48130500e-01           30
111   1.85149997e-01   2.22800918e+04   7.33389676e-01   1.90319996e+01   6.43062666e-02   2.22572342e-01           27
112   2.10854858e-01   1.67786953e+04   7.33482242e-01   1.90319996e+01   7.48405755e-02   2.83695757e-01           26
113   1.98448539e-01   1.89978105e+04   7.33579814e-01   1.90319996e+01   6.88649863e-02   2.04859361e-01           28
114   1.92721322e-01   2.00867500e+04   7.32774317e-01   1.90319996e+01   7.30857477e-02   2.96814680e-01           25
115   1.91938192e-01   2.02203340e+04   7.33831227e-01   1.90319996e+01   6.46546558e-02   4.14344877e-01           24
116   1.85730338e-01   2.20009727e+04   7.33065784e-01   1.90319996e+01   6.17788993e-02   2.22831100e-01           28
117   1.76755145e-01   2.44122715e+04   7.33474612e-01   1.90319996e+01   7.35039636e-02   5.16296923e-01           27
118   1.79813147e-01   2.36662539e+04   7.33442008e-01   1.90319996e+01   6.38815612e-02   7.66706288e-01           29
119   1.82892770e-01   2.28642480e+04   7.33883381e-01   1.90319996e+01   6.36162907e-02   9.68048751e-01           26
120   1.70977205e-01   2.62429434e+04   7.33705521e-01   1.90319996e+01   7.09689185e-02   4.17525232e-01           28
121   1.79243639e-01   2.36563477e+04   7.33162165e-01   1.90319996e+01   7.65283778e-02   4.35065180e-01           29
122   1.82448119e-01   2.27935059e+04   7.33080566e-01   1.90319996e+01   5.05809784e-02   5.00001132e-01           28
123   1.75340384e-01   2.49035723e+04   7.33172476e-01   1.90319996e+01   7.62404352e-02   4.13807899e-01           26
124   2.07149193e-01   1.71692129e+04   7.33800650e-01   1.90319996e+01   6.76329508e-02   4.94445354e-01           28
125   1.59620091e-01   3.07355566e+04   7.33837366e-01   1.90319996e+01   7.20985830e-02   5.08881807e-01           27
126   1.96967646e-01   1.92555820e+04   7.33444273e-01   1.90319996e+01   5.50401956e-02   4.04576659e-01           26
127   1.75528839e-01   2.50789062e+04   7.33747244e-01   1.90319996e+01   7.33554959e-02   5.39444447e-01           27
128   1.96213782e-01   1.92241367e+04   7.33118236e-01   1.90319996e+01   7.12591708e-02   7.44410038e-01           25
129   1.88099042e-01   2.12952129e+04   7.33834803e-01   1.90319996e+01   6.92766309e-02   3.39965492e-01           27
130   2.03415424e-01   1.83388750e+04   7.32659638e-01   1.90319996e+01   8.32999498e-02   2.89300084e-01           26
131   1.92107394e-01   2.03603125e+04   7.33844876e-01   1.90319996e+01   5.27858213e-02   3.49283129e-01           25
132   1.98911741e-01   1.86225215e+04   7.33908415e-01   1.90319996e+01   7.28854835e-02   1.69494897e-01           27
133   2.10138142e-01   1.65481973e+04   7.33405471e-01   1.90319996e+01   7.07098097e-02   3.44883114e-01           27
134   1.84247643e-01   2.24496230e+04   7.33290732e-01   1.90319996e+01   7.22426176e-02   3.33702475e-01           30
135   1.77788749e-01   2.41722070e+04   7.33745754e-01   1.90319996e+01   7.18277842e-02   4.61693525e-01           27
136   1.83914334e-01   2.22139316e+04   7.33404696e-01   1.90319996e+01   6.42406940e-02   3.72474700e-01           26
137   1.70333609e-01   2.64700879e+04   7.33879387e-01   1.90319996e+01   4.25973535e-02   4.12637472e-01           27
138   1.74226508e-01   2.53428809e+04   7.33878314e-01   1.90319996e+01   5.66843301e-02   5.12057185e-01           28
139   1.79305926e-01   2.35866895e+04   7.33292460e-01   1.90319996e+01   5.73101342e-02   4.00105923e-01           27
140   1.73127294e-01   2.55760996e+04   7.33908415e-01   1.90319996e+01   6.67933598e-02   7.68252552e-01           24
141   2.04020560e-01   1.80490039e+04   7.33581483e-01   1.90319996e+01   7.43761733e-02   6.85849547e-01           25
142   1.85219884e-01   2.20922148e+04   7.32904077e-01   1.90319996e+01   5.79331033e-02   2.91069299e-01           26
143   2.17642948e-01   1.53297480e+04   7.32591689e-01   1.90319996e+01   6.36262596e-02   3.33046675e-01           25
144   1.88454852e-01   2.08619160e+04   7.33931124e-01   1.90319996e+01   6.45108372e-02   2.29623243e-01           27
145   1.83261484e-01   2.25079551e+04   7.33933568e-01   1.90319996e+01   6.02411255e-02   7.60327935e-01           27
146   1.88791052e-01   2.10161836e+04   7.33630240e-01   1.90319996e+01   7.24369213e-02   5.82784832e-01           28
147   1.67692617e-01   2.74085215e+04   7.33743846e-01   1.90319996e+01   7.34956041e-02   3.39049011e-01           30
148   1.75771222e-01   2.47721445e+04   7.33127356e-01   1.90319996e+01   7.31202215e-02   4.70892936e-01           27
149   1.97017625e-01   1.92357168e+04   7.33407557e-01   1.90319996e+01   7.60732368e-02   1.80200651e-01           26
150   1.50551245e-01   3.52319531e+04   7.33918369e-01   1.90319996e+01   5.94391339e-02   6.34409726e-01           29
151   2.04534292e-01   1.77011465e+04   7.33619690e-01   1.90319996e+01   7.08915889e-02   3.27437043e-01           27
152   1.61589384e-01   2.98968066e+04   7.33879268e-01   1.90319996e+01   6.65283725e-02   3.54766548e-01           28
153   1.93486944e-01   1.98398359e+04   7.33149886e-01   1.90319996e+01   7.26369470e-02   1.98519468e-01           26
154   1.90906495e-01   2.04328008e+04   7.33734787e-01   1.90319996e+01   4.34215330e-02   4.25053179e-01           26
155   1.85339436e-01   2.20916914e+04   7.33876705e-01   1.90319996e+01   6.70186803e-02   3.34635705e-01           30
156   1.82132587e-01   2.27753379e+04   7.31967211e-01   1.90319996e+01   5.93091957e-02   3.38740915e-01           25
157   1.65619493e-01   2.81223320e+04   7.33538628e-01   1.90319996e+01   7.48996511e-02   5.99939227e-01           28
158   2.08139941e-01   1.71069023e+04   7.33681619e-01   1.90319996e+01   8.89763385e-02   3.07899415e-01           27
159   1.80396795e-01   2.32910039e+04   7.33498454e-01   1.90319996e+01   7.20207617e-02   1.30516872e-01           26
160   1.73246399e-01   2.53273516e+04   7.33172774e-01   1.90319996e+01   4.82066385e-02   1.03601658e+00           24
161   1.79042429e-01   2.37147285e+04   7.33750820e-01   1.90319996e+01   6.59616888e-02   4.56441194e-01           26
162   1.87777728e-01   2.10706699e+04   7.33256698e-01   1.90319996e+01   7.02614188e-02   2.42207035e-01           25
163   1.80783838e-01   2.30217422e+04   7.33936369e-01   1.90319996e+01   6.88365027e-02   6.23043478e-01           27
164   2.21215427e-01   1.47852246e+04   7.33837366e-01   1.90319996e+01   6.75370321e-02   1.87676862e-01           24
165   1.84533656e-01   2.20977988e+04   7.33434021e-01   1.90319996e+01   7.74838924e-02   4.57591981e-01           22
166   1.98634386e-01   1.86281992e+04   7.33905494e-01   1.90319996e+01   5.92059083e-02   3.27462345e-01           26
167   1.95572630e-01   1.93728809e+04   7.33847737e-01   1.90319996e+01   6.54103160e-02   2.92892009e-01           26
168   2.28458151e-01   1.39716309e+04   7.33827770e-01   1.90319996e+01   6.16714023e-02   1.80312753e-01           28
169   2.01420277e-01   1.82142969e+04   7.33548641e-01   1.90319996e+01   5.89400493e-02   2.23779336e-01           28
170   2.10503325e-01   1.65341992e+04   7.33293951e-01   1.90319996e+01   6.97570220e-02   2.61323839e-01           29
171   1.98958144e-01   1.88410215e+04   7.33336687e-01   1.90319996e+01   7.32074007e-02   3.97652805e-01           29
172   1.90525666e-01   2.06768340e+04   7.33482480e-01   1.90319996e+01   5.95249049e-02   4.13996279e-01           27
173   1.96103707e-01   1.93434590e+04   7.33680367e-01   1.90319996e+01   7.02886805e-02   2.55941838e-01           26
174   1.77056283e-01   2.46409062e+04   7.33588338e-01   1.90319996e+01   6.67927861e-02   4.55243737e-01           26
175   1.79617465e-01   2.33081094e+04   7.33907402e-01   1.90319996e+01   6.87496960e-02   3.92972946e-01           25
176   2.05091804e-01   1.77776836e+04   7.33801007e-01   1.90319996e+01   6.39251098e-02   4.77417320e-01           26
177   1.74285576e-01   2.52375488e+04   7.33480871e-01   1.90319996e+01   6.75001070e-02   1.47091806e-01           30
178   1.87318534e-01   2.11656348e+04   7.32503593e-01   1.90319996e+01   6.61185458e-02   4.74274874e-01           24
179   1.95180729e-01   1.93076016e+04   7.33534753e-01   1.90319996e+01   4.55302373e-02   6.73417270e-01           22
180   1.94781110e-01   1.97881074e+04   7.33826995e-01   1.90319996e+01   6.56102225e-02   4.67265338e-01           27
181   2.07969815e-01   1.71467812e+04   7.33208835e-01   1.90319996e+01   6.94261342e-02   2.88899243e-01           28
182   1.89238578e-01   2.11545000e+04   7.33322442e-01   1.90319996e+01   9.09781605e-02   1.27481624e-01           28
183   2.20782161e-01   1.50184736e+04   7.33800650e-01   1.90319996e+01   7.58265257e-02   3.10410827e-01           27
184   1.83102489e-01   2.26005586e+04   7.33572245e-01   1.90319996e+01   5.51172718e-02   3.15723032e-01           25
185   1.62919626e-01   2.90340078e+04   7.33902693e-01   1.90319996e+01   6.19934089e-02   3.96044344e-01           25
186   1.61464244e-01   2.96231367e+04   7.33224273e-01   1.90319996e+01   5.92544898e-02   5.49599171e-01           26
187   1.73300251e-01   2.54016230e+04   7.33546734e-01   1.90319996e+01   5.65905087e-02   2.96626717e-01           28
188   1.88065320e-01   2.13674766e+04   7.33547330e-01   1.90319996e+01   7.08706975e-02   5.27139485e-01           28
189   1.77760080e-01   2.42664199e+04   7.32931137e-01   1.90319996e+01   5.82260191e-02   3.94278228e-01           29
190   2.06170261e-01   1.75037734e+04   7.33483493e-01   1.90319996e+01   6.54644519e-02   1.91827610e-01           28
191   2.09369704e-01   1.68819629e+04   7.33735144e-01   1.90319996e+01   6.83933571e-02   2.61706889e-01           28
192   1.60896748e-01   3.03249238e+04   7.33331800e-01   1.90319996e+01   6.66351169e-02   7.52027512e-01           23
193   2.22075626e-01   1.46306738e+04   7.33137250e-01   1.90319996e+01   5.59816621e-02   2.26118162e-01           26
194   1.95352286e-01   1.94364766e+04   7.33448863e-01   1.90319996e+01   7.02293664e-02   5.31412065e-01           26
195   1.74047604e-01   2.51416250e+04   7.33904719e-01   1.90319996e+01   5.20509109e-02   2.16709867e-01           27
196   2.00049058e-01   1.87625039e+04   7.33315170e-01   1.90319996e+01   7.60765150e-02   5.36688387e-01           29
197   1.85359031e-01   2.18936602e+04   7.33148754e-01   1.90319996e+01   6.55218661e-02   2.96354234e-01           27
198   1.85377672e-01   2.19276895e+04   7.33929574e-01   1.90319996e+01   7.90101588e-02   3.01103473e-01           27
199   1.89074174e-01   2.12185762e+04   7.33202219e-01   1.90319996e+01   7.85107240e-02   2.78501064e-01           27
200   1.90805957e-01   4.38086328e+04   7.33734846e-01   4.07290001e+01   6.16653524e-02   2.84442842e-01           26
201   2.07033545e-01   3.69004609e+04   7.33302057e-01   4.07290001e+01   5.90309650e-02   4.28620607e-01           30
202   1.98434278e-01   4.00572852e+04   7.33610630e-01   4.07290001e+01   6.70555383e-02   5.17226100e-01           26
203   1.85264230e-01   4.64106211e+04   7.33916700e-01   4.07290001e+01   5.87406494e-02   5.07230639e-01           26
204   1.93566591e-01   4.25657773e+04   7.33720720e-01   4.07290001e+01   7.04123378e-02   1.10368311e-01           25
205   1.95143551e-01   4.21898164e+04   7.33681262e-01   4.07290001e+01   6.18299879e-02   4.06168967e-01           28
206   1.97196558e-01   4.09080469e+04   7.33063757e-01   4.07290001e+01   7.61000887e-02   5.88622928e-01           30
207   1.89696386e-01   4.44198984e+04   7.33894706e-01   4.07290001e+01   6.02305159e-02   1.57317892e-01           26
208   1.94304839e-01   4.19351797e+04   7.33938575e-01   4.07290001e+01   6.87140673e-02   2.11674839e-01           28
209   2.03108296e-01   3.79680703e+04   7.32973933e-01   4.07290001e+01   7.01128766e-02   2.84070104e-01           26
210   2.10965365e-01   3.54254727e+04   7.33841717e-01   4.07290001e+01   6.53524995e-02   3.17470014e-01           29
211   1.82757363e-01   4.84897070e+04   7.33936369e-01   4.07290001e+01   7.88599327e-02   5.09935141e-01           30
212   1.91815451e-01   4.33357500e+04   7.33519852e-01   4.07290001e+01   6.72302917e-02   3.65467757e-01           28
213   1.94094270e-01   4.24413477e+04   7.33929574e-01   4.07290001e+01   6.96617812e-02   4.27887201e-01           28
214   2.14351460e-01   3.39876250e+04   7.33885825e-01   4.07290001e+01   5.76518662e-02   7.38944709e-01           28
215   1.84348524e-01   4.73936172e+04   7.33747423e-01   4.07290001e+01   6.10502474e-02   5.32526255e-01           29
216   1.98126525e-01   4.02714141e+04   7.33693302e-01   4.07290001e+01   6.28649071e-02   5.60605526e-01           27
217   1.90192193e-01   4.39809219e+04   7.33571351e-01   4.07290001e+01   6.39776066e-02   5.82491577e-01           25
218   2.06474230e-01   3.66128242e+04   7.33872414e-01   4.07290001e+01   6.54266253e-02   5.46150029e-01           25
219   1.85446039e-01   4.64030703e+04   7.33750939e-01   4.07290001e+01   6.74978793e-02   1.67850912e-01           27
220   1.76452518e-01   5.18978516e+04   7.33831227e-01   4.07290001e+01   6.22754954e-02   4.51801181e-01           26
221   1.99958190e-01   3.94717578e+04   7.33741343e-01   4.07290001e+01   6.33206069e-02   3.90089750e-01           29
222   2.03157306e-01   3.83166250e+04   7.33393550e-01   4.07290001e+01   6.46004677e-02   1.66109607e-01           28
223   2.11058706e-01   3.51809688e+04   7.33706236e-01   4.07290001e+01   5.58482781e-02   2.70458758e-01           28
224   2.04878062e-01   3.76249609e+04   7.33404696e-01   4.07290001e+01   7.01836497e-02   8.57562721e-01           26
225   2.07318366e-01   3.59940703e+04   7.33763754e-01   4.07290001e+01   6.06682003e-02   2.67755657e-01           24
226   1.83114752e-01   4.76926211e+04   7.33925581e-01   4.07290001e+01   5.74443191e-02   4.75268573e-01           27
227   1.90717369e-01   4.38245117e+04   7.33752072e-01   4.07290001e+01   7.33019710e-02   5.13828874e-01           29
228   1.82639524e-01   4.82088945e+04   7.32933402e-01   4.07290001e+01   6.71785101e-02   4.69752699e-01           29
229   1.99352592e-01   3.97454570e+04   7.33931124e-01   4.07290001e+01   5.39726280e-02   3.93646181e-01           30
230   1.91380039e-01   4.33342461e+04   7.33883381e-01   4.07290001e+01   4.97147292e-02   1.98946252e-01           29
231   2.09558740e-01   3.56247461e+04   7.33374834e-01   4.07290001e+01   5.98598830e-02   2.74747580e-01           27
232   2.11609095e-01   3.47809922e+04   7.33616829e-01   4.07290001e+01   6.20934404e-02   4.12459224e-01           28
233   2.13851601e-01   3.43602109e+04   7.33934581e-01   4.07290001e+01   5.18084392e-02   3.26679528e-01           29
234   1.99886724e-01   3.94010469e+04   7.33783662e-01   4.07290001e+01   7.13438839e-02   4.95479137e-01           27
235   1.98692054e-01   3.97025195e+04   7.33706236e-01   4.07290001e+01   5.36654256e-02   3.69207710e-01           27
236   1.88305289e-01   4.45429141e+04   7.33606517e-01   4.07290001e+01   5.74745163e-02   2.82009363e-01           25
237   1.99515760e-01   3.93921914e+04   7.33642995e-01   4.07290001e+01   7.20239952e-02   2.02941284e-01           27
238   2.06752315e-01   3.68102227e+04   7.33870983e-01   4.07290001e+01   5.52298166e-02   2.70820796e-01           29
239   2.16238633e-01   3.35247617e+04   7.33479619e-01   4.07290001e+01   6.33148775e-02   1.44402355e-01           29
240   1.79648086e-01   5.02056953e+04   7.33656347e-01   4.07290001e+01   7.29433522e-02   3.08137357e-01           29
241   1.90725550e-01   4.37850312e+04   7.33615458e-01   4.07290001e+01   6.04629144e-02   2.15992689e-01           26
242   1.89536050e-01   4.42595000e+04   7.33877599e-01   4.07290001e+01   6.60383329e-02   4.81809050e-01           25
243   2.05214977e-01   3.72680664e+04   7.33879030e-01   4.07290001e+01   5.97910918e-02   2.80325681e-01           30
244   1.89182967e-01   4.48480781e+04   7.32184947e-01   4.07290001e+01   5.84953614e-02   5.53268909e-01           28
245   1.97606608e-01   4.05141016e+04   7.33305752e-01   4.07290001e+01   8.09921250e-02   3.34138244e-01           24
246   2.05965608e-01   3.67545938e+04   7.33683228e-01   4.07290001e+01   6.97693899e-02   3.99098158e-01           25
247   2.02608630e-01   3.83782500e+04   7.33660221e-01   4.07290001e+01   5.70948422e-02   1.81109264e-01           26
248   1.65753022e-01   5.98897578e+04   7.33904719e-01   4.07290001e+01   5.15820868e-02   7.53273308e-01           26
249   1.88742131e-01   4.47740039e+04   7.33745217e-01   4.07290001e+01   5.24984710e-02   2.11459771e-01           29
250   2.02814803e-01   3.84856680e+04   7.33936369e-01   4.07290001e+01   6.09991103e-02   2.94023514e-01           28
251   2.01070100e-01   3.88405312e+04   7.33832240e-01   4.07290001e+01   6.36758804e-02   6.14707053e-01           23
252   1.94752127e-01   4.17843984e+04   7.33462870e-01   4.07290001e+01   7.09436014e-02   1.98392287e-01           26
253   1.95116922e-01   4.16283555e+04   7.33848035e-01   4.07290001e+01   6.82725012e-02   4.65475887e-01           28
254   2.12073773e-01   3.48796797e+04   7.33721256e-01   4.07290001e+01   5.80725744e-02   5.26404321e-01           29
255   1.74538821e-01   5.32915508e+04   7.33747423e-01   4.07290001e+01   6.26530126e-02   5.14648914e-01           27
256   1.83752358e-01   4.73566797e+04   7.33924031e-01   4.07290001e+01   6.17362410e-02   7.33324170e-01           26
257   1.96093976e-01   4.13642852e+04   7.33745217e-01   4.07290001e+01   6.51126578e-02   6.44708097e-01           28
258   1.92612767e-01   4.22880391e+04   7.33830452e-01   4.07290001e+01   6.62641078e-02   6.70302808e-01           22
259   1.85811132e-01   4.64844648e+04   7.33797848e-01   4.07290001e+01   5.55638857e-02   5.00711381e-01           27
260   1.87330410e-01   4.57334375e+04   7.33671427e-01   4.07290001e+01   6.62350953e-02   4.61834729e-01           26
261   1.81843847e-01   4.86439180e+04   7.33277738e-01   4.07290001e+01   7.11371228e-02   3.80366087e-01           25
262   2.03790024e-01   3.77697539e+04   7.33929574e-01   4.07290001e+01   7.15873092e-02   4.04667318e-01           27
263   1.84520513e-01   4.75621719e+04   7.33327925e-01   4.07290001e+01   6.32449016e-02   2.24695385e-01           30
264   2.10968584e-01   3.52618594e+04   7.33607829e-01   4.07290001e+01   6.21685982e-02   1.85930297e-01           29
265   2.08746001e-01   3.63423242e+04   7.33817041e-01   4.07290001e+01   6.37637973e-02   2.41565257e-01           28
266   1.90405905e-01   4.41796758e+04   7.33927786e-01   4.07290001e+01   5.11149876e-02   3.35200727e-01           27
267   1.94150686e-01   4.25129922e+04   7.33752072e-01   4.07290001e+01   7.51007199e-02   4.33867127e-01           29
268   1.98797926e-01   3.98778398e+04   7.33588338e-01   4.07290001e+01   5.63408360e-02   1.89595714e-01           27
269   2.15084806e-01   3.35697812e+04   7.33444273e-01   4.07290001e+01   6.88578561e-02   7.34661460e-01           28
270   1.68255746e-01   5.81767734e+04   7.33882725e-01   4.07290001e+01   5.80881536e-02   5.54101408e-01           27
271   2.01096594e-01   3.88325664e+04   7.33638346e-01   4.07290001e+01   6.96603507e-02   1.31442055e-01           30
272   2.03279823e-01   3.79508633e+04   7.33617246e-01   4.07290001e+01   5.95336892e-02   1.48321882e-01           27
273   1.88587874e-01   4.49771055e+04   7.33916104e-01   4.07290001e+01   6.40501305e-02   1.73652783e-01           29
274   1.95874333e-01   4.14389844e+04   7.33835459e-01   4.07290001e+01   7.45829269e-02   3.49044263e-01           25
275   2.08894342e-01   3.57712188e+04   7.33137250e-01   4.07290001e+01   6.81319609e-02   3.72340560e-01           30
276   1.94740638e-01   4.17239727e+04   7.33908892e-01   4.07290001e+01   7.19168410e-02   4.76151735e-01           28
277   1.94659382e-01   4.23640391e+04   7.33743846e-01   4.07290001e+01   7.76559412e-02   3.64250958e-01           30
278   1.84061214e-01   4.74809219e+04   7.33934581e-01   4.07290001e+01   6.45541921e-02   3.88485521e-01           29
279   1.91039681e-01   4.34971367e+04   7.33424306e-01   4.07290001e+01   6.34205043e-02   4.89592642e-01           28
280   1.95293397e-01   4.10120469e+04   7.33641028e-01   4.07290001e+01   6.04227483e-02   3.41577083e-01           26
281   1.97901681e-01   4.02774883e+04   7.33692765e-01   4.07290001e+01   6.52201697e-02   4.37401950e-01           27
282   1.97438776e-01   4.04674102e+04   7.33616829e-01   4.07290001e+01   6.98532909e-02   1.29119861e+00           26
283   1.92472652e-01   4.32749570e+04   7.33904719e-01   4.07290001e+01   6.89597502e-02   3.73298258e-01           28
284   1.83064908e-01   4.77884961e+04   7.33647764e-01   4.07290001e+01   6.87116310e-02   8.12095582e-01           25
285   1.92051947e-01   4.30635977e+04   7.33745754e-01   4.07290001e+01   7.84379914e-02   2.71674722e-01           28
286   1.67665213e-01   5.83607422e+04   7.33907521e-01   4.07290001e+01   6.91152364e-02   2.68535048e-01           28
287   1.80423528e-01   5.00925430e+04   7.33399272e-01   4.07290001e+01   7.49926120e-02   4.48869616e-01           29
288   2.03420565e-01   3.81615352e+04   7.33382046e-01   4.07290001e+01   6.43274039e-02   1.51174441e-01           29
289   1.91574231e-01   4.31300000e+04   7.33129203e-01   4.07290001e+01   6.53784797e-02   2.81307727e-01           29
290   1.80090159e-01   5.00050156e+04   7.33929574e-01   4.07290001e+01   6.65996894e-02   6.35700524e-01           30
291   1.94956377e-01   4.20032109e+04   7.33879387e-01   4.07290001e+01   6.30200356e-02   3.44487518e-01           26
292   1.87808692e-01   4.48714805e+04   7.33053446e-01   4.07290001e+01   6.07164167e-02   6.73693597e-01           25
293   1.99124902e-01   4.01055273e+04   7.33828723e-01   4.07290001e+01   6.02102429e-02   3.33683938e-01           28
294   2.01940894e-01   3.86106445e+04   7.33834803e-01   4.07290001e+01   5.60702756e-02   2.05058321e-01           26
295   1.92919180e-01   4.28516211e+04   7.33842313e-01   4.07290001e+01   5.66619150e-02   1.34268150e-01           29
296   1.97242424e-01   4.03794219e+04   7.33698428e-01   4.07290001e+01   7.17181042e-02   3.30291569e-01           25
297   1.96560517e-01   4.11380508e+04   7.32957244e-01   4.07290001e+01   7.14471415e-02   2.32257992e-01           28
298   1.96430892e-01   4.12430195e+04   7.33743846e-01   4.07290001e+01   7.37211183e-02   3.22932035e-01           29
299   1.89428881e-01   4.46223945e+04   7.33302653e-01   4.07290001e+01   6.04914166e-02   3.37790668e-01           28
300   1.89142853e-01   9.55499922e+04   7.33802438e-01   8.75810013e+01   5.31399101e-02   4.64488655e-01           28
301   1.93842977e-01   9.06818750e+04   7.33665347e-01   8.75810013e+01   6.65403381e-02   5.53382933e-01           26
302   1.93739220e-01   9.06135156e+04   7.33907402e-01   8.75810013e+01   5.99164069e-02   2.83235967e-01           29
303   1.87162653e-01   9.72889766e+04   7.33938575e-01   8.75810013e+01   6.46828488e-02   5.68743110e-01           26
304   1.86019197e-01   9.87777578e+04   7.33698428e-01   8.75810013e+01   6.36090785e-02   4.68906552e-01           28
305   1.96022347e-01   8.84512109e+04   7.33904719e-01   8.75810013e+01   6.90314844e-02   2.97233760e-01           28
306   1.96457967e-01   8.78896641e+04   7.33732820e-01   8.75810013e+01   6.25399947e-02   1.62083119e-01           27
307   1.99290335e-01   8.50226797e+04   7.33775258e-01   8.75810013e+01   6.45451620e-02   3.68335009e-01           27
308   1.98659524e-01   8.54484219e+04   7.33904719e-01   8.75810013e+01   6.58642799e-02   6.83929324e-01           26
309   1.97991341e-01   8.66300156e+04   7.33914196e-01   8.75810013e+01   7.08627179e-02   3.11548322e-01           29
310   2.04033270e-01   8.06210547e+04   7.33872235e-01   8.75810013e+01   6.07379116e-02   6.52844965e-01           28
311   2.05950394e-01   7.96027031e+04   7.33681619e-01   8.75810013e+01   6.09443225e-02   3.27248842e-01           30
312   1.93174496e-01   9.09312734e+04   7.33921111e-01   8.75810013e+01   6.66355863e-02   2.92931408e-01           27
313   1.93760529e-01   9.02541016e+04   7.33918369e-01   8.75810013e+01   6.19719550e-02   8.30634594e-01           27
314   1.93890303e-01   9.02938359e+04   7.33704448e-01   8.75810013e+01   7.04216138e-02   3.14145386e-01           28
315   1.86292246e-01   9.80097734e+04   7.33885825e-01   8.75810013e+01   6.55901209e-02   2.24883705e-01           23
316   1.88966334e-01   9.56569141e+04   7.33907521e-01   8.75810013e+01   6.85001314e-02   3.13481569e-01           29
317   2.02987373e-01   8.17341562e+04   7.33776450e-01   8.75810013e+01   6.73990101e-02   3.83264929e-01           28
318   1.92118287e-01   9.19175000e+04   7.33848035e-01   8.75810013e+01   6.36017844e-02   4.99896795e-01           26
319   1.98352173e-01   8.57952656e+04   7.33921230e-01   8.75810013e+01   6.55225664e-02   6.07860327e-01           27
320   1.86403394e-01   9.85124609e+04   7.33368099e-01   8.75810013e+01   6.74919263e-02   3.57386202e-01           27
321   1.90791294e-01   9.39819531e+04   7.33883202e-01   8.75810013e+01   5.93319498e-02   4.85322982e-01           30
322   2.02742144e-01   8.12013672e+04   7.33916104e-01   8.75810013e+01   5.81907108e-02   1.45924807e-01           21
323   2.07834721e-01   7.78544609e+04   7.33828723e-01   8.75810013e+01   6.58641383e-02   1.53860345e-01           26
324   2.04924777e-01   8.07067578e+04   7.33827412e-01   8.75810013e+01   6.39506280e-02   1.76558033e-01           29
325   2.00550586e-01   8.37878672e+04   7.33931899e-01   8.75810013e+01   5.52072786e-02   4.10126954e-01           27
326   2.01372012e-01   8.34389609e+04   7.33621597e-01   8.75810013e+01   6.50548860e-02   4.25390273e-01           29
327   1.96829200e-01   8.77439219e+04   7.33800650e-01   8.75810013e+01   6.17066324e-02   2.50763893e-01           28
328   1.98948428e-01   8.59485312e+04   7.33679056e-01   8.75810013e+01   5.81200868e-02   2.29159206e-01           28
329   1.91089749e-01   9.34204297e+04   7.33938575e-01   8.75810013e+01   6.47414103e-02   4.54008281e-01           29
330   2.04847515e-01   8.04217500e+04   7.33852208e-01   8.75810013e+01   6.66461214e-02   3.06445748e-01           27
331   2.01011524e-01   8.36238281e+04   7.33920753e-01   8.75810013e+01   6.66539744e-02   3.53025496e-01           30
332   2.00154215e-01   8.43556250e+04   7.33882725e-01   8.75810013e+01   6.30164146e-02   1.58927232e-01           26
333   1.98417708e-01   8.58027188e+04   7.33927786e-01   8.75810013e+01   5.96209951e-02   5.52543759e-01           29
334   1.87532902e-01   9.73158672e+04   7.33691931e-01   8.75810013e+01   6.46889284e-02   3.94873381e-01           28
335   2.12872148e-01   7.41445781e+04   7.33885586e-01   8.75810013e+01   7.20079541e-02   2.56215930e-01           27
336   1.95168495e-01   8.92894531e+04   7.33904719e-01   8.75810013e+01   7.05895722e-02   3.89947802e-01           28
337   1.94085985e-01   9.03542656e+04   7.33779788e-01   8.75810013e+01   6.99078441e-02   8.98746669e-01           28
338   1.95418462e-01   8.82815000e+04   7.33801007e-01   8.75810013e+01   6.56161085e-02   6.07524037e-01           24
339   1.98611960e-01   8.62990078e+04   7.33924866e-01   8.75810013e+01   6.55416325e-02   1.67727977e-01           29
340   1.95230916e-01   8.82685469e+04   7.33790815e-01   8.75810013e+01   6.76597208e-02   6.62227392e-01           25
341   1.85605437e-01   1.00030344e+05   7.33839214e-01   8.75810013e+01   6.69163689e-02   2.16573566e-01           30
342   1.93087667e-01   9.09463125e+04   7.33931899e-01   8.75810013e+01   6.36085495e-02   3.93391997e-01           27
343   1.77493721e-01   1.10167492e+05   7.33792245e-01   8.75810013e+01   6.49651065e-02   3.18195015e-01           27
344   1.96456328e-01   8.77064297e+04   7.33925581e-01   8.75810013e+01   5.72460592e-02   4.61785018e-01           28
345   2.14011535e-01   7.26201250e+04   7.33749986e-01   8.75810013e+01   7.06824139e-02   2.28234023e-01           30
346   1.99118882e-01   8.54080000e+04   7.33720720e-01   8.75810013e+01   6.37744069e-02   1.67141184e-01           27
347   1.96294874e-01   8.80036875e+04   7.33775258e-01   8.75810013e+01   7.00575337e-02   4.37376022e-01           29
348   1.95005581e-01   8.90840859e+04   7.33835459e-01   8.75810013e+01   6.49516955e-02   2.32649013e-01           29
349   2.01551795e-01   8.32817969e+04   7.33715832e-01   8.75810013e+01   6.69627413e-02   2.74169952e-01           28
350   1.98795050e-01   8.55180781e+04   7.33640254e-01   8.75810013e+01   6.33238107e-02   2.28579700e-01           27
351   2.01072752e-01   8.41376016e+04   7.33937800e-01   8.75810013e+01   6.62838444e-02   3.42700213e-01           30
352   1.97233602e-01   8.66646172e+04   7.33352900e-01   8.75810013e+01   6.72736168e-02   4.01502192e-01           27
353   2.00590536e-01   8.40914375e+04   7.33934581e-01   8.75810013e+01   5.82450591e-02   7.92204797e-01           28
354   2.03263700e-01   8.20897812e+04   7.33936369e-01   8.75810013e+01   6.45552129e-02   7.06023574e-01           29
355   2.00391069e-01   8.41193125e+04   7.33938575e-01   8.75810013e+01   6.53854609e-02   2.15945676e-01           28
356   1.92922011e-01   9.06722969e+04   7.33872235e-01   8.75810013e+01   7.53715858e-02   1.87996298e-01           27
357   1.95112675e-01   8.88519922e+04   7.33794451e-01   8.75810013e+01   5.89091741e-02   2.07764626e-01           28
358   1.83223337e-01   1.03213656e+05   7.33785987e-01   8.75810013e+01   6.71842173e-02   3.06487978e-01           29
359   1.87063932e-01   9.75886562e+04   7.33885825e-01   8.75810013e+01   5.67004718e-02   3.48204106e-01           27
360   2.00323433e-01   8.44263359e+04   7.33907402e-01   8.75810013e+01   6.79003000e-02   3.88865143e-01           26
361   1.97129741e-01   8.69059141e+04   7.33896196e-01   8.75810013e+01   5.56164868e-02   3.06672662e-01           30
362   2.06344098e-01   7.93810938e+04   7.33771265e-01   8.75810013e+01   6.68386742e-02   1.78075507e-01           29
363   2.05849066e-01   7.93178047e+04   7.33933568e-01   8.75810013e+01   6.32109195e-02   3.49331468e-01           27
364   1.99241012e-01   8.47156641e+04   7.33501256e-01   8.75810013e+01   6.92167506e-02   1.88017488e-01           25
365   1.98418990e-01   8.64199453e+04   7.33853221e-01   8.75810013e+01   6.43191114e-02   1.94938928e-01           28
366   1.93815216e-01   9.02019766e+04   7.33843744e-01   8.75810013e+01   6.38841614e-02   3.71964872e-01           29
367   1.95482895e-01   8.87417266e+04   7.33734787e-01   8.75810013e+01   7.07816482e-02   3.90130699e-01           29
368   1.93360850e-01   9.14001953e+04   7.33617127e-01   8.75810013e+01   6.71044514e-02   2.51479030e-01           28
369   1.97815210e-01   8.68430078e+04   7.33832240e-01   8.75810013e+01   6.99669570e-02   5.48613429e-01           28
370   1.94881305e-01   8.89407500e+04   7.33870924e-01   8.75810013e+01   6.26622885e-02   7.31815517e-01           25
371   2.02235878e-01   8.24320625e+04   7.33933568e-01   8.75810013e+01   6.88237771e-02   4.82710779e-01           29
372   1.99021265e-01   8.52023125e+04   7.33850718e-01   8.75810013e+01   6.03752732e-02   2.94048935e-01           28
373   1.97047532e-01   8.72427969e+04   7.33835459e-01   8.75810013e+01   6.50947243e-02   2.73741007e-01           29
374   1.98342010e-01   8.62095859e+04   7.33748555e-01   8.75810013e+01   6.61421269e-02   3.94447893e-01           28
375   1.97809726e-01   8.68898516e+04   7.33908415e-01   8.75810013e+01   6.30526990e-02   1.94691584e-01           30
376   1.84789449e-01   1.00271898e+05   7.33814240e-01   8.75810013e+01   6.56423196e-02   7.61741400e-01           27
377   1.95291921e-01   8.82101094e+04   7.33749986e-01   8.75810013e+01   5.75898439e-02   3.16782773e-01           27
378   2.04152763e-01   8.12790156e+04   7.33938575e-01   8.75810013e+01   6.66105747e-02   3.02445114e-01           29
379   2.01662779e-01   8.31553906e+04   7.33882725e-01   8.75810013e+01   5.54959327e-02   2.17158660e-01           27
380   1.98273450e-01   8.54349844e+04   7.33775258e-01   8.75810013e+01   5.14585450e-02   2.16624528e-01           28
381   1.92004159e-01   9.21453438e+04   7.33872414e-01   8.75810013e+01   6.12549186e-02   3.49072814e-01           27
382   1.99648216e-01   8.48269844e+04   7.33885586e-01   8.75810013e+01   6.49089515e-02   1.59562305e-01           27
383   2.03589991e-01   8.12733672e+04   7.33876467e-01   8.75810013e+01   6.70124739e-02   2.21692517e-01           29
384   1.92289695e-01   9.23376953e+04   7.33858585e-01   8.75810013e+01   6.64364472e-02   3.58070016e-01           29
385   1.87285423e-01   9.76915391e+04   7.33879387e-01   8.75810013e+01   7.21988380e-02   3.78469795e-01           27
386   2.00219795e-01   8.42512578e+04   7.33662546e-01   8.75810013e+01   6.18940890e-02   1.83640376e-01           28
387   2.09783867e-01   7.65080547e+04   7.33841598e-01   8.75810013e+01   6.17126152e-02   1.70132801e-01           29
388   2.05745146e-01   7.90048359e+04   7.33747244e-01   8.75810013e+01   6.79316521e-02   3.96809936e-01           29
389   1.94263488e-01   9.01013750e+04   7.33929574e-01   8.75810013e+01   6.43949807e-02   3.59333843e-01           27
390   1.99812546e-01   8.45135703e+04   7.33745217e-01   8.75810013e+01   6.57802373e-02   5.89482129e-01           26
391   1.86520815e-01   9.86021875e+04   7.33867645e-01   8.75810013e+01   6.68418780e-02   4.92795080e-01           29
392   1.94017082e-01   9.02362422e+04   7.33797848e-01   8.75810013e+01   5.24896495e-02   3.09177637e-01           27
393   2.02550903e-01   8.25581094e+04   7.33886063e-01   8.75810013e+01   6.50734156e-02   2.73757011e-01           29
394   1.95292145e-01   8.86601016e+04   7.33814240e-01   8.75810013e+01   7.21423477e-02   5.64123869e-01           25
395   1.93926781e-01   8.96954375e+04   7.33763516e-01   8.75810013e+01   6.81720302e-02   1.71608284e-01           24
396   1.95243955e-01   8.90302500e+04   7.33924866e-01   8.75810013e+01   6.21073060e-02   2.32542247e-01           27
397   1.92821652e-01   9.14317891e+04   7.33753979e-01   8.75810013e+01   6.91273808e-02   2.08075076e-01           29
398   1.90679133e-01   9.43545469e+04   7.33878314e-01   8.75810013e+01   5.91861345e-02   5.10947406e-01           30
399   1.97745904e-01   8.69703125e+04   7.33813107e-01   8.75810013e+01   6.49405122e-02   1.41600594e-01           28
400   1.94745526e-01   1.97946125e+05   7.33838856e-01   1.94623001e+02   6.11629523e-02   2.82059252e-01           28
401   1.94802091e-01   1.97720203e+05   7.33824968e-01   1.94623001e+02   6.25715256e-02   2.57069975e-01           27
402   1.99898317e-01   1.87097984e+05   7.33921111e-01   1.94623001e+02   6.73344806e-02   2.73866504e-01           26
403   1.95202082e-01   1.97850719e+05   7.33830094e-01   1.94623001e+02   6.50419891e-02   2.94794947e-01           29
404   1.89505950e-01   2.09877406e+05   7.33883381e-01   1.94623001e+02   6.68953806e-02   2.71364510e-01           26
405   1.98035017e-01   1.92034781e+05   7.33850479e-01   1.94623001e+02   6.25716150e-02   3.01070750e-01           29
406   1.92583188e-01   2.03250969e+05   7.33927786e-01   1.94623001e+02   6.21400699e-02   3.72864544e-01           26
407   2.03675240e-01   1.79657734e+05   7.33852029e-01   1.94623001e+02   6.46593571e-02   1.69103056e-01           29
408   1.97847471e-01   1.90669453e+05   7.33908892e-01   1.94623001e+02   6.28210455e-02   4.95479316e-01           28
409   2.01467052e-01   1.84584781e+05   7.33748555e-01   1.94623001e+02   6.28498793e-02   2.33948395e-01           28
410   1.89600274e-01   2.10592250e+05   7.33937800e-01   1.94623001e+02   6.35130405e-02   1.75027698e-01           28
411   1.96183339e-01   1.94745312e+05   7.33916700e-01   1.94623001e+02   6.39879927e-02   2.50105321e-01           29
412   1.99142739e-01   1.89210062e+05   7.33823359e-01   1.94623001e+02   6.31734505e-02   2.00342089e-01           28
413   2.01923251e-01   1.83474797e+05   7.33867645e-01   1.94623001e+02   6.60339370e-02   2.73397505e-01           29
414   1.96296364e-01   1.94806016e+05   7.33908415e-01   1.94623001e+02   5.73903695e-02   3.64954233e-01           28
415   1.89767987e-01   2.10193016e+05   7.33936369e-01   1.94623001e+02   6.34082258e-02   1.44715473e-01           28
416   1.99033707e-01   1.88628109e+05   7.33850479e-01   1.94623001e+02   6.35167062e-02   3.09840143e-01           28
417   1.90320805e-01   2.08840328e+05   7.33934581e-01   1.94623001e+02   5.83542325e-02   5.75971186e-01           28
418   1.95760071e-01   1.95599797e+05   7.33835459e-01   1.94623001e+02   6.90168068e-02   3.16781431e-01           28
419   2.00288624e-01   1.86250516e+05   7.33876705e-01   1.94623001e+02   6.45064861e-02   5.54774582e-01           28
420   2.03022987e-01   1.81294188e+05   7.33879387e-01   1.94623001e+02   6.33464754e-02   2.74198353e-01           28
421   1.98018089e-01   1.91275328e+05   7.33797848e-01   1.94623001e+02   6.06479459e-02   2.41515502e-01           29
422   1.95520654e-01   1.96589438e+05   7.33921111e-01   1.94623001e+02   6.37383685e-02   3.58385235e-01           28
423   1.91338509e-01   2.05728156e+05   7.33936369e-01   1.94623001e+02   6.73045740e-02   4.71056759e-01           27
424   2.04531282e-01   1.78834188e+05   7.33885825e-01   1.94623001e+02   6.40407428e-02   4.26273286e-01           28
425   1.95198700e-01   1.98244641e+05   7.33919919e-01   1.94623001e+02   6.48169667e-02   2.13457391e-01           30
426   1.89179793e-01   2.12003781e+05   7.33934581e-01   1.94623001e+02   6.21472560e-02   4.54073191e-01           28
427   2.01707304e-01   1.83286891e+05   7.33821988e-01   1.94623001e+02   6.77966401e-02   4.26701516e-01           27
428   1.92541435e-01   2.03748781e+05   7.33885825e-01   1.94623001e+02   6.05454817e-02   2.54514128e-01           28
429   1.92350283e-01   2.02355609e+05   7.33883202e-01   1.94623001e+02   7.01035559e-02   5.29163897e-01           28
430   1.90101385e-01   2.09199969e+05   7.33920753e-01   1.94623001e+02   6.38092756e-02   2.63339669e-01           27
431   1.98668689e-01   1.89217781e+05   7.33814240e-01   1.94623001e+02   6.56402633e-02   3.27104211e-01           29
432   1.87230766e-01   2.16332953e+05   7.33885586e-01   1.94623001e+02   6.13565184e-02   2.30756879e-01           28
433   1.99013293e-01   1.88390484e+05   7.33920753e-01   1.94623001e+02   6.12859316e-02   3.53527844e-01           25
434   1.92210868e-01   2.04825656e+05   7.33837366e-01   1.94623001e+02   6.98174164e-02   1.95483908e-01           29
435   1.92832962e-01   2.02439156e+05   7.33885825e-01   1.94623001e+02   6.40761182e-02   3.91372681e-01           27
436   1.87407821e-01   2.16334109e+05   7.33894706e-01   1.94623001e+02   6.32777289e-02   2.32123494e-01           29
437   1.87556699e-01   2.16776188e+05   7.33886302e-01   1.94623001e+02   6.33603111e-02   2.20574245e-01           30
438   2.06197903e-01   1.75748484e+05   7.33938575e-01   1.94623001e+02   6.29326478e-02   2.96640128e-01           28
439   2.09205091e-01   1.70135281e+05   7.33907402e-01   1.94623001e+02   6.70766756e-02   2.98634917e-01           27
440   2.06120655e-01   1.75460609e+05   7.33872414e-01   1.94623001e+02   6.28179237e-02   3.32555175e-01           30
441   1.98950052e-01   1.88805031e+05   7.33914196e-01   1.94623001e+02   6.48702234e-02   4.60103184e-01           28
442   2.00801775e-01   1.85905609e+05   7.33921230e-01   1.94623001e+02   6.25564158e-02   2.24959239e-01           30
443   2.05363169e-01   1.77323938e+05   7.33925581e-01   1.94623001e+02   6.41083941e-02   3.59884173e-01           30
444   1.97486073e-01   1.91825062e+05   7.33907402e-01   1.94623001e+02   6.32567480e-02   2.39185944e-01           28
445   1.94994226e-01   1.98044828e+05   7.33816862e-01   1.94623001e+02   6.50628954e-02   2.83006012e-01           29
446   2.00180605e-01   1.84829656e+05   7.33929574e-01   1.94623001e+02   6.16959333e-02   3.23841244e-01           22
447   1.91914916e-01   2.05041703e+05   7.33874321e-01   1.94623001e+02   6.68534413e-02   3.05020839e-01           27
448   2.01957867e-01   1.82605672e+05   7.33879268e-01   1.94623001e+02   6.31499663e-02   2.67809063e-01           27
449   1.95400670e-01   1.96751219e+05   7.33848035e-01   1.94623001e+02   6.43912926e-02   5.06738186e-01           29
450   1.97003037e-01   1.94037094e+05   7.33907521e-01   1.94623001e+02   6.50766045e-02   3.56112808e-01           29
451   2.00472072e-01   1.85161906e+05   7.33919919e-01   1.94623001e+02   6.16329052e-02   5.09800851e-01           27
452   1.95243403e-01   1.96012594e+05   7.33798385e-01   1.94623001e+02   6.22332282e-02   3.33460420e-01           25
453   1.99492693e-01   1.87603719e+05   7.33927190e-01   1.94623001e+02   6.76967651e-02   4.32409525e-01           27
454   1.95923135e-01   1.96109984e+05   7.33705521e-01   1.94623001e+02   6.70896322e-02   2.53783941e-01           29
455   1.99258327e-01   1.88842000e+05   7.33921230e-01   1.94623001e+02   6.99099377e-02   3.72386813e-01           29
456   1.94538176e-01   1.98690094e+05   7.33870924e-01   1.94623001e+02   6.40426204e-02   4.88782614e-01           27
457   1.90476999e-01   2.08868438e+05   7.33831227e-01   1.94623001e+02   6.40792176e-02   2.90565133e-01           29
458   2.00127438e-01   1.87033250e+05   7.33936369e-01   1.94623001e+02   6.52758181e-02   1.92446366e-01           26
459   1.98914275e-01   1.88825906e+05   7.33883023e-01   1.94623001e+02   6.72541112e-02   2.68693656e-01           27
460   1.99458584e-01   1.88806531e+05   7.33870625e-01   1.94623001e+02   6.55812323e-02   4.50639516e-01           29
461   2.04674125e-01   1.77281578e+05   7.33894706e-01   1.94623001e+02   6.85560778e-02   2.81113386e-01           27
462   2.00177044e-01   1.86579125e+05   7.33924866e-01   1.94623001e+02   6.25739545e-02   2.84755021e-01           28
463   1.99342698e-01   1.88163656e+05   7.33883023e-01   1.94623001e+02   6.05636686e-02   3.03512990e-01           29
464   2.01786458e-01   1.83020266e+05   7.33908415e-01   1.94623001e+02   6.27988800e-02   3.21140766e-01           28
465   1.88735083e-01   2.11883219e+05   7.33858585e-01   1.94623001e+02   5.84462322e-02   2.81572849e-01           27
466   1.98853716e-01   1.89308453e+05   7.33904719e-01   1.94623001e+02   6.46815896e-02   3.64697844e-01           28
467   1.93478361e-01   2.01151141e+05   7.33936369e-01   1.94623001e+02   6.03196658e-02   2.77804583e-01           30
468   1.92552224e-01   2.03549500e+05   7.33776689e-01   1.94623001e+02   5.92561290e-02   3.16030741e-01           29
469   1.95699275e-01   1.96487672e+05   7.33914196e-01   1.94623001e+02   6.75351471e-02   2.26104259e-01           27
470   2.02064544e-01   1.83240078e+05   7.33841717e-01   1.94623001e+02   6.41770065e-02   2.83618867e-01           29
471   2.04402328e-01   1.78980781e+05   7.33847558e-01   1.94623001e+02   6.58179447e-02   1.86900035e-01           28
472   1.95828006e-01   1.95929516e+05   7.33918369e-01   1.94623001e+02   6.69545084e-02   2.75548249e-01           28
473   2.02387944e-01   1.83485547e+05   7.33879626e-01   1.94623001e+02   6.16230853e-02   2.29994819e-01           30
474   1.98492378e-01   1.88491359e+05   7.33937800e-01   1.94623001e+02   6.41270801e-02   5.32640338e-01           26
475   1.95396528e-01   1.97177078e+05   7.33937800e-01   1.94623001e+02   6.48781359e-02   2.84216583e-01           28
476   1.88741326e-01   2.12320375e+05   7.33908892e-01   1.94623001e+02   5.97744510e-02   3.50008756e-01           29
477   1.90678313e-01   2.07991547e+05   7.33817041e-01   1.94623001e+02   5.90164140e-02   2.27319255e-01           27
478   2.01837167e-01   1.82933109e+05   7.33894706e-01   1.94623001e+02   6.05754480e-02   3.96682918e-01           28
479   1.90087274e-01   2.08612031e+05   7.33927786e-01   1.94623001e+02   5.98502308e-02   3.65630120e-01           27
480   1.97917998e-01   1.90682891e+05   7.33924866e-01   1.94623001e+02   6.28364459e-02   3.85260552e-01           28
481   2.00009361e-01   1.86771828e+05   7.33916104e-01   1.94623001e+02   6.52789101e-02   5.04715800e-01           28
482   1.97802290e-01   1.90985875e+05   7.33896196e-01   1.94623001e+02   6.83922097e-02   5.22041023e-01           27
483   1.91361129e-01   2.06573375e+05   7.33883381e-01   1.94623001e+02   6.10329211e-02   3.97701919e-01           29
484   1.93983123e-01   2.00960688e+05   7.33878314e-01   1.94623001e+02   6.29677474e-02   2.92820424e-01           29
485   2.02483594e-01   1.81956234e+05   7.33876467e-01   1.94623001e+02   6.70230389e-02   2.89327204e-01           29
486   1.98407874e-01   1.90046344e+05   7.33931124e-01   1.94623001e+02   6.24442771e-02   4.93572265e-01           29
487   1.95055425e-01   1.97633094e+05   7.33907402e-01   1.94623001e+02   6.66506663e-02   3.94326299e-01           28
488   1.95515275e-01   1.97320766e+05   7.33934581e-01   1.94623001e+02   6.74719810e-02   6.33646667e-01           29
489   1.95534825e-01   1.96620969e+05   7.33879626e-01   1.94623001e+02   6.58596158e-02   4.61375356e-01           29
490   2.06892982e-01   1.73839922e+05   7.33924031e-01   1.94623001e+02   6.17002361e-02   2.87427992e-01           28
491   1.89316779e-01   2.12796219e+05   7.33830690e-01   1.94623001e+02   6.62523434e-02   3.05303186e-01           29
492   2.03514755e-01   1.79534391e+05   7.33929574e-01   1.94623001e+02   6.43213987e-02   1.74534097e-01           27
493   2.00789884e-01   1.85403391e+05   7.33870924e-01   1.94623001e+02   5.79706170e-02   1.56283721e-01           27
494   1.98839530e-01   1.88671531e+05   7.33882725e-01   1.94623001e+02   6.40120804e-02   3.94147158e-01           28
495   1.99837610e-01   1.86593547e+05   7.33893692e-01   1.94623001e+02   5.88654839e-02   3.34849149e-01           26
496   2.00159043e-01   1.86361297e+05   7.33826995e-01   1.94623001e+02   6.30342886e-02   3.13471377e-01           27
497   2.04565242e-01   1.78819406e+05   7.33934402e-01   1.94623001e+02   6.29727617e-02   3.09184700e-01           29
498   2.04469025e-01   1.78813500e+05   7.33870924e-01   1.94623001e+02   6.05012625e-02   3.94317538e-01           28
499   1.88929811e-01   2.11638062e+05   7.33813107e-01   1.94623001e+02   7.03827143e-02   5.76834440e-01           27
500   1.95879027e-01   4.40072781e+05   7.33844042e-01   4.37904999e+02   6.34730235e-02   3.56155723e-01           28
501   1.96449772e-01   4.37241500e+05   7.33929574e-01   4.37904999e+02   6.28520697e-02   2.22323194e-01           28
502   1.87912688e-01   4.83879719e+05   7.33914196e-01   4.37904999e+02   6.52691349e-02   1.83449358e-01           29
503   1.98521778e-01   4.28007188e+05   7.33931899e-01   4.37904999e+02   6.65996522e-02   2.34163195e-01           26
504   1.94891647e-01   4.41420219e+05   7.33916104e-01   4.37904999e+02   6.30241558e-02   3.81938696e-01           24
505   1.90539286e-01   4.67369844e+05   7.33927786e-01   4.37904999e+02   6.31478727e-02   3.83883864e-01           30
506   1.95539281e-01   4.36524938e+05   7.33907521e-01   4.37904999e+02   6.42403513e-02   1.07130527e+00           22
507   1.98980689e-01   4.23822062e+05   7.33936369e-01   4.37904999e+02   6.74322248e-02   3.15208524e-01           28
508   1.96977153e-01   4.35738531e+05   7.33938575e-01   4.37904999e+02   6.46546483e-02   2.74817169e-01           30
509   1.95467860e-01   4.40653500e+05   7.33936369e-01   4.37904999e+02   6.49900660e-02   2.46145174e-01           26
510   1.97313115e-01   4.32191062e+05   7.33870983e-01   4.37904999e+02   6.23871721e-02   2.11024895e-01           26
511   1.99466184e-01   4.19963031e+05   7.33924866e-01   4.37904999e+02   6.75101206e-02   4.91206050e-01           27
512   2.01840833e-01   4.11922219e+05   7.33929574e-01   4.37904999e+02   6.36858717e-02   2.32288271e-01           29
513   1.98550045e-01   4.27850656e+05   7.33883202e-01   4.37904999e+02   6.39058352e-02   4.24989581e-01           30
514   1.97191909e-01   4.34379375e+05   7.33929574e-01   4.37904999e+02   6.64548278e-02   3.03620487e-01           30
515   1.95676342e-01   4.40855906e+05   7.33931124e-01   4.37904999e+02   6.43613189e-02   1.72376618e-01           27
516   1.96277350e-01   4.38322000e+05   7.33934581e-01   4.37904999e+02   6.33430183e-02   2.31476218e-01           29
517   1.96400508e-01   4.35430031e+05   7.33882070e-01   4.37904999e+02   6.48399815e-02   6.73395455e-01           28
518   1.94871873e-01   4.44221469e+05   7.33850718e-01   4.37904999e+02   6.21449053e-02   2.47720823e-01           27
519   1.89996660e-01   4.68570781e+05   7.33904719e-01   4.37904999e+02   6.45446107e-02   4.01112288e-01           27
520   1.97647095e-01   4.29972844e+05   7.33916700e-01   4.37904999e+02   6.51395768e-02   2.58930236e-01           27
521   1.92027032e-01   4.60373344e+05   7.33929574e-01   4.37904999e+02   6.20779619e-02   3.07357520e-01           29
522   1.98761508e-01   4.24145938e+05   7.33916700e-01   4.37904999e+02   6.53962120e-02   2.87023246e-01           26
523   2.04962179e-01   3.97199844e+05   7.33848929e-01   4.37904999e+02   6.47289753e-02   3.22836071e-01           27
524   1.91275328e-01   4.60997969e+05   7.33931124e-01   4.37904999e+02   6.25254661e-02   5.03564596e-01           26
525   1.98950037e-01   4.23474156e+05   7.33874321e-01   4.37904999e+02   6.53484985e-02   3.21723402e-01           27
526   1.94418624e-01   4.48704844e+05   7.33934402e-01   4.37904999e+02   6.43315762e-02   3.43874931e-01           30
527   1.93671435e-01   4.48868688e+05   7.33927190e-01   4.37904999e+02   6.05350509e-02   2.16602549e-01           25
528   1.99076429e-01   4.26230000e+05   7.33934581e-01   4.37904999e+02   6.54885843e-02   2.79379785e-01           29
529   1.98650345e-01   4.27125094e+05   7.33918369e-01   4.37904999e+02   6.43760636e-02   3.28203678e-01           30
530   1.90297157e-01   4.67753219e+05   7.33896196e-01   4.37904999e+02   6.17603101e-02   2.64859468e-01           29
531   1.99303567e-01   4.24336656e+05   7.33882070e-01   4.37904999e+02   6.63091093e-02   2.91563630e-01           29
532   2.01362878e-01   4.14344844e+05   7.33924031e-01   4.37904999e+02   6.05348535e-02   2.93088645e-01           29
533   1.99503675e-01   4.23918188e+05   7.33929574e-01   4.37904999e+02   6.86187446e-02   2.48029187e-01           30
534   1.97172895e-01   4.33822125e+05   7.33924866e-01   4.37904999e+02   6.56603426e-02   2.60882050e-01           28
535   1.97884679e-01   4.29493844e+05   7.33850777e-01   4.37904999e+02   6.28998131e-02   2.76191622e-01           28
536   1.94087148e-01   4.48278281e+05   7.33918369e-01   4.37904999e+02   6.33073524e-02   4.12689388e-01           29
537   1.96406886e-01   4.38416031e+05   7.33916104e-01   4.37904999e+02   6.82114661e-02   3.33282799e-01           30
538   1.90641239e-01   4.61346188e+05   7.33878314e-01   4.37904999e+02   6.49265945e-02   1.23026526e+00           23
539   1.94630608e-01   4.44891969e+05   7.33918369e-01   4.37904999e+02   6.53432831e-02   3.66157889e-01           27
540   1.94771901e-01   4.42502375e+05   7.33927786e-01   4.37904999e+02   6.54041022e-02   3.95478815e-01           27
541   1.97700605e-01   4.30962688e+05   7.33936369e-01   4.37904999e+02   6.58030808e-02   2.14981243e-01           29
542   2.01391190e-01   4.11852406e+05   7.33931899e-01   4.37904999e+02   6.09670542e-02   3.46756667e-01           27
543   1.95956454e-01   4.38341438e+05   7.33871937e-01   4.37904999e+02   6.89579770e-02   2.61174649e-01           27
544   1.91248417e-01   4.63016500e+05   7.33934402e-01   4.37904999e+02   6.34832233e-02   4.29541349e-01           29
545   1.96859270e-01   4.37396781e+05   7.33918369e-01   4.37904999e+02   6.31105229e-02   2.62942582e-01           30
546   1.95824921e-01   4.38694688e+05   7.33934402e-01   4.37904999e+02   6.00757487e-02   2.83504218e-01           29
547   1.99925020e-01   4.19436031e+05   7.33937800e-01   4.37904999e+02   6.07060976e-02   2.83982903e-01           28
548   1.97828427e-01   4.29323156e+05   7.33929574e-01   4.37904999e+02   6.58214465e-02   3.65768224e-01           27
549   1.99760094e-01   4.19875375e+05   7.33936369e-01   4.37904999e+02   6.66266456e-02   4.05519336e-01           27
550   1.96391255e-01   4.36480125e+05   7.33934402e-01   4.37904999e+02   6.31159171e-02   3.94162178e-01           27
551   1.97304592e-01   4.31829469e+05   7.33879626e-01   4.37904999e+02   6.33354187e-02   2.19239384e-01           28
552   1.99339628e-01   4.24579312e+05   7.33907402e-01   4.37904999e+02   6.60569966e-02   2.65240371e-01           30
553   1.89169839e-01   4.73148719e+05   7.33925581e-01   4.37904999e+02   6.25542700e-02   2.77511835e-01           25
554   1.98416546e-01   4.27316500e+05   7.33877599e-01   4.37904999e+02   6.33070767e-02   1.85539618e-01           28
555   1.92974374e-01   4.55435406e+05   7.33876467e-01   4.37904999e+02   6.39683306e-02   4.39077109e-01           28
556   2.02965900e-01   4.07644625e+05   7.33937800e-01   4.37904999e+02   6.42627329e-02   2.42827311e-01           29
557   2.06431344e-01   3.93164000e+05   7.33934402e-01   4.37904999e+02   6.78233132e-02   3.34099203e-01           29
558   1.96576625e-01   4.37218281e+05   7.33904719e-01   4.37904999e+02   6.47949129e-02   2.25881457e-01           29
559   2.01200962e-01   4.12133719e+05   7.33924031e-01   4.37904999e+02   6.71807155e-02   3.57898206e-01           26
560   1.97680831e-01   4.32947656e+05   7.33847737e-01   4.37904999e+02   6.37144968e-02   1.55219331e-01           29
561   1.99816853e-01   4.20384000e+05   7.33924866e-01   4.37904999e+02   6.30579591e-02   2.96577990e-01           27
562   2.00845540e-01   4.16707562e+05   7.33924866e-01   4.37904999e+02   6.50404617e-02   1.51275590e-01           28
563   1.99565113e-01   4.22684906e+05   7.33927190e-01   4.37904999e+02   6.38485476e-02   2.85466075e-01           28
564   2.00921610e-01   4.16364094e+05   7.33878314e-01   4.37904999e+02   6.50637075e-02   2.85224855e-01           30
565   1.96219698e-01   4.39036344e+05   7.33936369e-01   4.37904999e+02   6.44861385e-02   2.44736344e-01           29
566   1.96813986e-01   4.32599844e+05   7.33936369e-01   4.37904999e+02   6.18451014e-02   2.88001418e-01           25
567   1.90174058e-01   4.69811906e+05   7.33925581e-01   4.37904999e+02   6.57622144e-02   2.02621043e-01           30
568   1.98126242e-01   4.27035344e+05   7.33931899e-01   4.37904999e+02   6.33845702e-02   2.44353026e-01           27
569   1.96379378e-01   4.36352312e+05   7.33905494e-01   4.37904999e+02   6.39835224e-02   3.57433408e-01           28
570   1.87929720e-01   4.81897688e+05   7.33934402e-01   4.37904999e+02   6.09678105e-02   2.42984638e-01           27
571   2.02625901e-01   4.09763719e+05   7.33921230e-01   4.37904999e+02   6.33733571e-02   3.57068390e-01           30
572   1.97428912e-01   4.32244812e+05   7.33914196e-01   4.37904999e+02   6.26564547e-02   3.38271797e-01           28
573   1.94337815e-01   4.49400625e+05   7.33929574e-01   4.37904999e+02   6.82515725e-02   3.73492032e-01           30
574   1.95119917e-01   4.43755156e+05   7.33931124e-01   4.37904999e+02   6.60098493e-02   2.09913194e-01           30
575   2.00523660e-01   4.18839188e+05   7.33907521e-01   4.37904999e+02   6.75873309e-02   2.77390331e-01           30
576   2.02002138e-01   4.11159469e+05   7.33927190e-01   4.37904999e+02   6.33054301e-02   2.86282629e-01           28
577   1.99142769e-01   4.21328562e+05   7.33921111e-01   4.37904999e+02   6.50227442e-02   4.45341468e-01           27
578   1.89798087e-01   4.71764719e+05   7.33908892e-01   4.37904999e+02   6.38413504e-02   3.31764132e-01           29
579   1.95419267e-01   4.42150062e+05   7.33927786e-01   4.37904999e+02   6.32274076e-02   2.76547432e-01           29
580   1.92908600e-01   4.52886094e+05   7.33938575e-01   4.37904999e+02   6.47744760e-02   4.15261030e-01           27
581   1.93535820e-01   4.51613781e+05   7.33853221e-01   4.37904999e+02   6.62235916e-02   3.86876494e-01           28
582   1.99678347e-01   4.21499594e+05   7.33931899e-01   4.37904999e+02   6.32663891e-02   2.68244207e-01           30
583   2.02126399e-01   4.10588000e+05   7.33907402e-01   4.37904999e+02   6.30613193e-02   2.32433572e-01           29
584   1.97654933e-01   4.29923156e+05   7.33936369e-01   4.37904999e+02   6.38210624e-02   3.74013394e-01           27
585   1.94103509e-01   4.49166125e+05   7.33938575e-01   4.37904999e+02   6.25404343e-02   2.41405204e-01           29
586   2.02295795e-01   4.10897844e+05   7.33938575e-01   4.37904999e+02   6.21807836e-02   3.30091864e-01           30
587   1.98663801e-01   4.26015406e+05   7.33920753e-01   4.37904999e+02   6.73087165e-02   3.93098503e-01           29
588   1.96128368e-01   4.36965500e+05   7.33936369e-01   4.37904999e+02   6.64614737e-02   3.10452968e-01           27
589   1.92384422e-01   4.55847469e+05   7.33934402e-01   4.37904999e+02   6.63800910e-02   2.98658937e-01           25
590   1.95258453e-01   4.42922625e+05   7.33938575e-01   4.37904999e+02   6.24755882e-02   3.41981053e-01           29
591   1.95025176e-01   4.45249250e+05   7.33924866e-01   4.37904999e+02   6.06215335e-02   2.54977643e-01           29
592   1.95234969e-01   4.42345219e+05   7.33927190e-01   4.37904999e+02   6.05676547e-02   2.37774357e-01           29
593   1.97066054e-01   4.33473062e+05   7.33871937e-01   4.37904999e+02   6.57911003e-02   1.22443400e-01           27
594   1.91706285e-01   4.63174562e+05   7.33924031e-01   4.37904999e+02   6.69464096e-02   3.18138778e-01           29
595   1.94052815e-01   4.48142875e+05   7.33937800e-01   4.37904999e+02   6.10233918e-02   2.99121290e-01           28
596   1.95766181e-01   4.40354250e+05   7.33929574e-01   4.37904999e+02   6.41553998e-02   2.97111899e-01           27
597   1.93057299e-01   4.51878562e+05   7.33931124e-01   4.37904999e+02   6.29352182e-02   2.41568357e-01           27
598   1.91259772e-01   4.57761594e+05   7.33914196e-01   4.37904999e+02   6.72663599e-02   1.24804533e+00           23
599   1.99326888e-01   4.23095438e+05   7.33927190e-01   4.37904999e+02   6.02026507e-02   2.65746295e-01           28
600   1.97246909e-01   8.65119688e+05   7.33927190e-01   8.75809998e+02   6.48734942e-02   2.21919134e-01           28
601   1.99584752e-01   8.44067938e+05   7.33921230e-01   8.75809998e+02   6.36875778e-02   3.10657978e-01           28
602   1.96154833e-01   8.77370625e+05   7.33929574e-01   8.75809998e+02   6.40742704e-02   2.32917175e-01           29
603   1.97768494e-01   8.60004188e+05   7.33933568e-01   8.75809998e+02   6.22104965e-02   2.54309535e-01           29
604   1.99961662e-01   8.38343500e+05   7.33927786e-01   8.75809998e+02   6.46251366e-02   2.25016564e-01           27
605   2.00886130e-01   8.28531812e+05   7.33933568e-01   8.75809998e+02   6.61801249e-02   3.07078779e-01           28
606   1.95872471e-01   8.79156562e+05   7.33933568e-01   8.75809998e+02   6.37319908e-02   2.50884324e-01           29
607   2.00821102e-01   8.27709125e+05   7.33929574e-01   8.75809998e+02   6.61239177e-02   3.71120602e-01           27
608   1.97357789e-01   8.63717562e+05   7.33931899e-01   8.75809998e+02   6.30337074e-02   2.83117086e-01           29
609   1.93580002e-01   9.03730750e+05   7.33919919e-01   8.75809998e+02   6.37784824e-02   2.29846314e-01           29
610   1.98365688e-01   8.50694688e+05   7.33934581e-01   8.75809998e+02   6.51913211e-02   1.91486835e-01           27
611   1.95866972e-01   8.75918188e+05   7.33936369e-01   8.75809998e+02   6.20169267e-02   2.66425163e-01           28
612   1.93486005e-01   8.98229875e+05   7.33934581e-01   8.75809998e+02   6.41834810e-02   3.90387237e-01           26
613   1.96616203e-01   8.69798438e+05   7.33938575e-01   8.75809998e+02   6.59110919e-02   2.28798971e-01           28
614   1.96514398e-01   8.72276562e+05   7.33908892e-01   8.75809998e+02   6.49945587e-02   2.58967727e-01           28
615   1.99178398e-01   8.48973562e+05   7.33936369e-01   8.75809998e+02   6.45646974e-02   2.56304413e-01           30
616   2.01895744e-01   8.23027250e+05   7.33937800e-01   8.75809998e+02   6.40282705e-02   1.82586074e-01           28
617   1.98583543e-01   8.49817188e+05   7.33936369e-01   8.75809998e+02   6.33722991e-02   3.36875170e-01           27
618   1.97218239e-01   8.63685312e+05   7.33921111e-01   8.75809998e+02   6.38156682e-02   2.52832711e-01           28
619   2.00747877e-01   8.29666562e+05   7.33925581e-01   8.75809998e+02   6.47896230e-02   3.30174237e-01           26
620   1.93687841e-01   8.99098250e+05   7.33931124e-01   8.75809998e+02   6.37913942e-02   4.27438140e-01           29
621   1.95145920e-01   8.88645938e+05   7.33938575e-01   8.75809998e+02   6.28851652e-02   2.58446872e-01           30
622   1.92844853e-01   9.09010750e+05   7.33929574e-01   8.75809998e+02   6.08322360e-02   3.57678980e-01           29
623   1.97321698e-01   8.65319062e+05   7.33931124e-01   8.75809998e+02   6.48619831e-02   3.76178771e-01           29
624   1.96968749e-01   8.64057000e+05   7.33937800e-01   8.75809998e+02   6.51305318e-02   2.17801541e-01           27
625   1.98847622e-01   8.49253062e+05   7.33934581e-01   8.75809998e+02   6.35854304e-02   2.28892535e-01           27
626   1.98717073e-01   8.52283688e+05   7.33920753e-01   8.75809998e+02   6.19737394e-02   2.58780539e-01           30
627   1.94939792e-01   8.86531875e+05   7.33929574e-01   8.75809998e+02   6.20975755e-02   2.18581751e-01           28
628   1.97256774e-01   8.65817688e+05   7.33937800e-01   8.75809998e+02   6.71016201e-02   2.81398535e-01           29
629   1.89728588e-01   9.39272000e+05   7.33908415e-01   8.75809998e+02   6.39185980e-02   2.93569982e-01           27
630   1.94824979e-01   8.86036438e+05   7.33933568e-01   8.75809998e+02   6.31954521e-02   3.19683492e-01           27
631   1.96637467e-01   8.68509375e+05   7.33927190e-01   8.75809998e+02   6.18369840e-02   2.91097313e-01           28
632   1.96227387e-01   8.76511812e+05   7.33927786e-01   8.75809998e+02   6.61411285e-02   2.47355118e-01           26
633   1.92949176e-01   9.10359875e+05   7.33931124e-01   8.75809998e+02   6.37895912e-02   2.78401166e-01           28
634   1.94441423e-01   8.88253000e+05   7.33936369e-01   8.75809998e+02   6.59475103e-02   4.06720817e-01           25
635   1.96964964e-01   8.68023000e+05   7.33931124e-01   8.75809998e+02   6.31849989e-02   2.47281656e-01           29
636   2.00361773e-01   8.31817250e+05   7.33937800e-01   8.75809998e+02   6.66147172e-02   3.85414302e-01           27
637   1.95978388e-01   8.81115812e+05   7.33931124e-01   8.75809998e+02   6.36456013e-02   2.86081821e-01           30
638   1.99705675e-01   8.42228125e+05   7.33929574e-01   8.75809998e+02   6.29094020e-02   1.69299871e-01           27
639   1.98037207e-01   8.56292500e+05   7.33905494e-01   8.75809998e+02   6.58003911e-02   3.75220388e-01           29
640   1.98176712e-01   8.54904875e+05   7.33938575e-01   8.75809998e+02   6.47764727e-02   1.70502409e-01           27
641   2.00803697e-01   8.32337750e+05   7.33934402e-01   8.75809998e+02   6.28648177e-02   2.07562223e-01           29
642   1.93683818e-01   9.00952562e+05   7.33918369e-01   8.75809998e+02   6.34601787e-02   2.30148897e-01           29
643   1.96206376e-01   8.74624250e+05   7.33929574e-01   8.75809998e+02   6.32758513e-02   3.48775148e-01           29
644   1.95902437e-01   8.77189250e+05   7.33927190e-01   8.75809998e+02   6.37449175e-02   2.27124453e-01           28
645   2.00153515e-01   8.35000375e+05   7.33931899e-01   8.75809998e+02   6.28825203e-02   2.97496468e-01           27
646   1.98001549e-01   8.57175750e+05   7.33914196e-01   8.75809998e+02   6.46843910e-02   1.87305078e-01           29
647   1.97510406e-01   8.62714188e+05   7.33937800e-01   8.75809998e+02   6.44788742e-02   2.58958340e-01           30
648   1.90611750e-01   9.31951062e+05   7.33914196e-01   8.75809998e+02   6.11452200e-02   4.93411690e-01           29
649   1.94679856e-01   8.86994188e+05   7.33937800e-01   8.75809998e+02   6.52638748e-02   1.99192837e-01           28
650   1.92631468e-01   9.08860750e+05   7.33936369e-01   8.75809998e+02   6.57640174e-02   2.35296071e-01           27
651   1.95018992e-01   8.84359375e+05   7.33937800e-01   8.75809998e+02   6.27728552e-02   2.65779465e-01           28
652   1.98350474e-01   8.56559188e+05   7.33934581e-01   8.75809998e+02   6.44346699e-02   2.78841704e-01           30
653   1.95460975e-01   8.75697750e+05   7.33929574e-01   8.75809998e+02   6.18902482e-02   2.86624998e-01           24
654   1.95847809e-01   8.78833500e+05   7.33931899e-01   8.75809998e+02   6.19197302e-02   2.80532807e-01           30
655   1.97735459e-01   8.61489562e+05   7.33924031e-01   8.75809998e+02   6.27901852e-02   1.94999278e-01           29
656   1.96792752e-01   8.65902625e+05   7.33934402e-01   8.75809998e+02   6.21453151e-02   4.01240855e-01           26
657   1.97332487e-01   8.63536188e+05   7.33914196e-01   8.75809998e+02   6.44695237e-02   2.21250668e-01           30
658   1.96784437e-01   8.67307625e+05   7.33934581e-01   8.75809998e+02   6.37778565e-02   3.21491182e-01           27
659   1.92378625e-01   9.10365562e+05   7.33929574e-01   8.75809998e+02   6.28199503e-02   3.04309249e-01           27
660   1.94060370e-01   8.98009250e+05   7.33931124e-01   8.75809998e+02   6.37068674e-02   3.56370956e-01           28
661   1.95947841e-01   8.72777125e+05   7.33921230e-01   8.75809998e+02   6.44889399e-02   3.09670955e-01           26
662   1.98341638e-01   8.56576750e+05   7.33934402e-01   8.75809998e+02   6.37211576e-02   2.36115471e-01           30
663   1.99910194e-01   8.42466625e+05   7.33937800e-01   8.75809998e+02   6.29994050e-02   1.77074730e-01           30
664   2.01767921e-01   8.21892938e+05   7.33934581e-01   8.75809998e+02   6.45028278e-02   2.54564375e-01           28
665   2.01595232e-01   8.24875000e+05   7.33934581e-01   8.75809998e+02   6.57939389e-02   4.11169738e-01           30
666   1.94085255e-01   8.98557000e+05   7.33938575e-01   8.75809998e+02   6.40576482e-02   2.48729810e-01           30
667   1.98280931e-01   8.54863000e+05   7.33931899e-01   8.75809998e+02   6.46909028e-02   4.66365904e-01           30
668   1.95707396e-01   8.78310125e+05   7.33931124e-01   8.75809998e+02   6.39976040e-02   2.63217032e-01           28
669   1.95090249e-01   8.85914438e+05   7.33931899e-01   8.75809998e+02   6.20652027e-02   2.38728553e-01           28
670   1.93381965e-01   9.00969250e+05   7.33933568e-01   8.75809998e+02   6.47163317e-02   3.56091559e-01           27
671   1.94454283e-01   8.87336625e+05   7.33924031e-01   8.75809998e+02   6.33740053e-02   4.36714798e-01           26
672   1.96712703e-01   8.62530250e+05   7.33929574e-01   8.75809998e+02   6.68574795e-02   6.17788374e-01           26
673   1.96034491e-01   8.77145000e+05   7.33933568e-01   8.75809998e+02   6.30802065e-02   3.47019255e-01           30
674   1.94889247e-01   8.85157250e+05   7.33933568e-01   8.75809998e+02   6.38383776e-02   2.28165835e-01           28
675   1.98263824e-01   8.52445688e+05   7.33938575e-01   8.75809998e+02   6.23894073e-02   2.78865308e-01           27
676   1.94334790e-01   8.91703000e+05   7.33921230e-01   8.75809998e+02   6.35896325e-02   2.66109049e-01           27
677   1.96676955e-01   8.69272812e+05   7.33921230e-01   8.75809998e+02   6.43282235e-02   1.85348541e-01           27
678   1.96008176e-01   8.75458938e+05   7.33902693e-01   8.75809998e+02   6.22441657e-02   2.57182896e-01           28
679   1.96530432e-01   8.69994188e+05   7.33936369e-01   8.75809998e+02   6.28764108e-02   2.58523881e-01           27
680   1.99184030e-01   8.47729312e+05   7.33934402e-01   8.75809998e+02   6.67912886e-02   2.55124032e-01           29
681   1.98326871e-01   8.49767812e+05   7.33924866e-01   8.75809998e+02   6.42044172e-02   2.57207602e-01           25
682   1.97118282e-01   8.63280500e+05   7.33933568e-01   8.75809998e+02   6.34741113e-02   2.65746981e-01           27
683   1.91510141e-01   9.19979375e+05   7.33937800e-01   8.75809998e+02   6.63151368e-02   2.46233284e-01           27
684   1.98282614e-01   8.59361500e+05   7.33938575e-01   8.75809998e+02   6.44705892e-02   2.67130345e-01           29
685   1.94573328e-01   8.92754250e+05   7.33934581e-01   8.75809998e+02   6.38201907e-02   2.65005082e-01           30
686   1.90785915e-01   9.24417375e+05   7.33929574e-01   8.75809998e+02   6.19879514e-02   4.68349189e-01           26
687   1.95735112e-01   8.82669500e+05   7.33914196e-01   8.75809998e+02   6.45397231e-02   2.85959333e-01           30
688   1.95668325e-01   8.76544062e+05   7.33927786e-01   8.75809998e+02   6.52370229e-02   2.14252263e-01           26
689   1.98244318e-01   8.54853438e+05   7.33925581e-01   8.75809998e+02   6.19086772e-02   4.10348207e-01           30
690   1.94461077e-01   8.90213875e+05   7.33927786e-01   8.75809998e+02   6.29393384e-02   2.37992302e-01           28
691   1.96669981e-01   8.69281562e+05   7.33936369e-01   8.75809998e+02   6.24575354e-02   2.66874105e-01           28
692   1.98028192e-01   8.50929125e+05   7.33927190e-01   8.75809998e+02   6.45310208e-02   4.25322384e-01           25
693   2.00664550e-01   8.32411000e+05   7.33936369e-01   8.75809998e+02   6.47601634e-02   2.46380970e-01           28
694   1.98074579e-01   8.52005125e+05   7.33937800e-01   8.75809998e+02   6.54828995e-02   2.41023481e-01           26
695   1.99460477e-01   8.44398438e+05   7.33936369e-01   8.75809998e+02   6.38037845e-02   2.26008877e-01           30
696   1.98100045e-01   8.55740688e+05   7.33931899e-01   8.75809998e+02   6.58590049e-02   3.33182812e-01           30
697   1.97746634e-01   8.58893875e+05   7.33893692e-01   8.75809998e+02   6.45837337e-02   3.38493586e-01           29
698   1.97190106e-01   8.63835625e+05   7.33921230e-01   8.75809998e+02   6.34789094e-02   2.38004908e-01           29
699   1.95027247e-01   8.84325125e+05   7.33929574e-01   8.75809998e+02   6.44284710e-02   2.94428945e-01           27
